Radionuclide	Pt-193
Route of Intake	Inhalation
Material	Aerosols Type F, fA=1E-2
AMTD/AMAD, µm	5

Content in an Organ or Excreta Sample per Intake (Reference Bioassay Functions m(t)), Bq per Bq
Time, days	Whole Body	Urine (24-hour sample)	Faeces (24-hour sample)	Alimentary Tract*	Lungs*	Skeleton*	Liver*
0.041667	8.0E-1	-	-	2.2E-1	2.7E-2	7.4E-3	1.7E-2
0.083333	7.8E-1	-	-	2.5E-1	1.1E-2	8.5E-3	2.1E-2
0.125	7.7E-1	-	-	2.7E-1	7.1E-3	9.1E-3	2.3E-2
0.25	7.3E-1	-	-	3.1E-1	5.8E-3	1.0E-2	2.5E-2
0.375	7.0E-1	-	-	3.5E-1	5.8E-3	1.1E-2	2.7E-2
0.5	6.8E-1	-	-	3.7E-1	5.8E-3	1.1E-2	2.8E-2
0.625	6.5E-1	-	-	3.8E-1	5.7E-3	1.1E-2	2.9E-2
0.75	6.3E-1	-	-	3.9E-1	5.6E-3	1.2E-2	3.0E-2
0.875	6.0E-1	-	-	3.8E-1	5.5E-3	1.2E-2	3.0E-2
1	5.8E-1	5.8E-2	6.5E-2	3.7E-1	5.3E-3	1.2E-2	3.0E-2
1.125	5.5E-1	-	-	3.6E-1	5.1E-3	1.2E-2	3.1E-2
1.25	5.2E-1	-	-	3.4E-1	4.9E-3	1.2E-2	3.1E-2
1.375	4.9E-1	-	-	3.2E-1	4.7E-3	1.2E-2	3.1E-2
1.5	4.6E-1	-	-	3.0E-1	4.5E-3	1.2E-2	3.1E-2
1.625	4.3E-1	-	-	2.7E-1	4.3E-3	1.2E-2	3.1E-2
1.75	4.0E-1	-	-	2.5E-1	4.1E-3	1.2E-2	3.0E-2
1.875	3.7E-1	-	-	2.2E-1	4.0E-3	1.2E-2	3.0E-2
2	3.5E-1	1.3E-2	2.0E-1	2.0E-1	3.8E-3	1.2E-2	3.0E-2
2.25	3.0E-1	-	-	1.6E-1	3.5E-3	1.2E-2	3.0E-2
2.5	2.6E-1	-	-	1.2E-1	3.2E-3	1.2E-2	2.9E-2
2.75	2.3E-1	-	-	9.6E-2	2.9E-3	1.2E-2	2.9E-2
3	2.0E-1	8.9E-3	1.3E-1	7.3E-2	2.7E-3	1.1E-2	2.9E-2
3.25	1.8E-1	-	-	5.5E-2	2.5E-3	1.1E-2	2.8E-2
3.5	1.7E-1	-	-	4.1E-2	2.3E-3	1.1E-2	2.8E-2
3.75	1.5E-1	-	-	3.1E-2	2.1E-3	1.1E-2	2.7E-2
4	1.4E-1	7.3E-3	5.1E-2	2.3E-2	2.0E-3	1.1E-2	2.7E-2
4.25	1.4E-1	-	-	1.7E-2	1.9E-3	1.1E-2	2.6E-2
4.5	1.3E-1	-	-	1.3E-2	1.7E-3	1.1E-2	2.6E-2
4.75	1.3E-1	-	-	1.0E-2	1.6E-3	1.1E-2	2.5E-2
5	1.2E-1	6.2E-3	1.6E-2	8.3E-3	1.6E-3	1.1E-2	2.5E-2
5.5	1.2E-1	-	-	5.7E-3	1.4E-3	1.0E-2	2.4E-2
6	1.1E-1	5.5E-3	4.8E-3	4.4E-3	1.3E-3	1.0E-2	2.3E-2
6.5	1.1E-1	-	-	3.7E-3	1.2E-3	1.0E-2	2.2E-2
7	1.0E-1	4.9E-3	2.0E-3	3.3E-3	1.1E-3	9.8E-3	2.2E-2
7.5	1.0E-1	-	-	3.1E-3	1.0E-3	9.6E-3	2.1E-2
8	9.9E-2	4.4E-3	1.2E-3	2.9E-3	9.6E-4	9.5E-3	2.0E-2
8.5	9.6E-2	-	-	2.8E-3	9.2E-4	9.3E-3	1.9E-2
9	9.4E-2	4.1E-3	1.0E-3	2.7E-3	8.7E-4	9.2E-3	1.9E-2
9.5	9.1E-2	-	-	2.6E-3	8.4E-4	9.0E-3	1.8E-2
10	8.9E-2	3.7E-3	9.0E-4	2.5E-3	8.1E-4	8.9E-3	1.7E-2
11	8.5E-2	3.4E-3	8.2E-4	2.3E-3	7.5E-4	8.6E-3	1.6E-2
12	8.1E-2	3.2E-3	7.6E-4	2.2E-3	7.1E-4	8.3E-3	1.5E-2
13	7.7E-2	2.9E-3	7.0E-4	2.0E-3	6.7E-4	8.1E-3	1.4E-2
14	7.4E-2	2.7E-3	6.4E-4	1.9E-3	6.4E-4	7.8E-3	1.3E-2
15	7.1E-2	2.5E-3	5.9E-4	1.8E-3	6.1E-4	7.6E-3	1.2E-2
16	6.8E-2	2.4E-3	5.5E-4	1.7E-3	5.8E-4	7.4E-3	1.2E-2
17	6.5E-2	2.2E-3	5.1E-4	1.6E-3	5.5E-4	7.2E-3	1.1E-2
18	6.3E-2	2.0E-3	4.7E-4	1.5E-3	5.3E-4	7.0E-3	1.0E-2
19	6.0E-2	1.9E-3	4.4E-4	1.5E-3	5.1E-4	6.8E-3	9.8E-3
20	5.8E-2	1.8E-3	4.1E-4	1.4E-3	4.9E-4	6.6E-3	9.3E-3
21	5.6E-2	1.7E-3	3.8E-4	1.3E-3	4.7E-4	6.5E-3	8.8E-3
22	5.4E-2	1.6E-3	3.5E-4	1.3E-3	4.5E-4	6.3E-3	8.4E-3
23	5.2E-2	1.5E-3	3.3E-4	1.2E-3	4.3E-4	6.2E-3	8.0E-3
24	5.1E-2	1.4E-3	3.1E-4	1.1E-3	4.2E-4	6.1E-3	7.6E-3
25	4.9E-2	1.3E-3	2.9E-4	1.1E-3	4.0E-4	5.9E-3	7.3E-3
26	4.8E-2	1.2E-3	2.7E-4	1.1E-3	3.9E-4	5.8E-3	7.0E-3
27	4.6E-2	1.1E-3	2.5E-4	1.0E-3	3.7E-4	5.7E-3	6.7E-3
28	4.5E-2	1.1E-3	2.3E-4	9.7E-4	3.6E-4	5.6E-3	6.4E-3
29	4.4E-2	9.9E-4	2.2E-4	9.3E-4	3.5E-4	5.5E-3	6.2E-3
30	4.3E-2	9.3E-4	2.1E-4	9.0E-4	3.4E-4	5.4E-3	5.9E-3
31	4.2E-2	8.8E-4	1.9E-4	8.6E-4	3.3E-4	5.3E-3	5.7E-3
32	4.1E-2	8.2E-4	1.8E-4	8.3E-4	3.2E-4	5.3E-3	5.5E-3
33	4.0E-2	7.8E-4	1.7E-4	8.0E-4	3.1E-4	5.2E-3	5.4E-3
34	3.9E-2	7.3E-4	1.6E-4	7.7E-4	3.0E-4	5.1E-3	5.2E-3
35	3.8E-2	6.9E-4	1.5E-4	7.5E-4	2.9E-4	5.0E-3	5.0E-3
36	3.7E-2	6.5E-4	1.4E-4	7.2E-4	2.8E-4	5.0E-3	4.9E-3
37	3.6E-2	6.2E-4	1.3E-4	7.0E-4	2.7E-4	4.9E-3	4.7E-3
38	3.6E-2	5.8E-4	1.3E-4	6.8E-4	2.7E-4	4.9E-3	4.6E-3
39	3.5E-2	5.5E-4	1.2E-4	6.6E-4	2.6E-4	4.8E-3	4.5E-3
40	3.4E-2	5.2E-4	1.1E-4	6.4E-4	2.5E-4	4.8E-3	4.4E-3
41	3.4E-2	4.9E-4	1.1E-4	6.2E-4	2.5E-4	4.7E-3	4.3E-3
42	3.3E-2	4.7E-4	1.0E-4	6.1E-4	2.4E-4	4.7E-3	4.2E-3
43	3.3E-2	4.4E-4	9.5E-5	5.9E-4	2.4E-4	4.6E-3	4.1E-3
44	3.2E-2	4.2E-4	8.9E-5	5.7E-4	2.3E-4	4.6E-3	4.0E-3
45	3.2E-2	4.0E-4	8.5E-5	5.6E-4	2.3E-4	4.6E-3	3.9E-3
46	3.1E-2	3.8E-4	8.0E-5	5.5E-4	2.2E-4	4.5E-3	3.8E-3
47	3.1E-2	3.6E-4	7.6E-5	5.3E-4	2.2E-4	4.5E-3	3.8E-3
48	3.0E-2	3.4E-4	7.2E-5	5.2E-4	2.1E-4	4.5E-3	3.7E-3
49	3.0E-2	3.3E-4	6.9E-5	5.1E-4	2.1E-4	4.4E-3	3.6E-3
50	3.0E-2	3.1E-4	6.5E-5	5.0E-4	2.1E-4	4.4E-3	3.6E-3
51	2.9E-2	3.0E-4	6.2E-5	4.9E-4	2.0E-4	4.4E-3	3.5E-3
52	2.9E-2	2.8E-4	5.9E-5	4.8E-4	2.0E-4	4.4E-3	3.5E-3
53	2.8E-2	2.7E-4	5.6E-5	4.7E-4	2.0E-4	4.3E-3	3.4E-3
54	2.8E-2	2.6E-4	5.3E-5	4.6E-4	1.9E-4	4.3E-3	3.4E-3
55	2.8E-2	2.5E-4	5.1E-5	4.5E-4	1.9E-4	4.3E-3	3.3E-3
56	2.8E-2	2.4E-4	4.9E-5	4.5E-4	1.9E-4	4.3E-3	3.3E-3
57	2.7E-2	2.3E-4	4.6E-5	4.4E-4	1.8E-4	4.3E-3	3.2E-3
58	2.7E-2	2.2E-4	4.4E-5	4.3E-4	1.8E-4	4.3E-3	3.2E-3
59	2.7E-2	2.1E-4	4.2E-5	4.3E-4	1.8E-4	4.2E-3	3.2E-3
60	2.7E-2	2.0E-4	4.1E-5	4.2E-4	1.8E-4	4.2E-3	3.1E-3
61	2.6E-2	1.9E-4	3.9E-5	4.1E-4	1.7E-4	4.2E-3	3.1E-3
62	2.6E-2	1.8E-4	3.7E-5	4.1E-4	1.7E-4	4.2E-3	3.1E-3
63	2.6E-2	1.8E-4	3.6E-5	4.0E-4	1.7E-4	4.2E-3	3.0E-3
64	2.6E-2	1.7E-4	3.4E-5	4.0E-4	1.7E-4	4.2E-3	3.0E-3
65	2.5E-2	1.6E-4	3.3E-5	3.9E-4	1.7E-4	4.2E-3	3.0E-3
66	2.5E-2	1.6E-4	3.2E-5	3.9E-4	1.6E-4	4.2E-3	2.9E-3
67	2.5E-2	1.5E-4	3.0E-5	3.8E-4	1.6E-4	4.1E-3	2.9E-3
68	2.5E-2	1.5E-4	2.9E-5	3.8E-4	1.6E-4	4.1E-3	2.9E-3
69	2.5E-2	1.4E-4	2.8E-5	3.7E-4	1.6E-4	4.1E-3	2.9E-3
70	2.5E-2	1.4E-4	2.7E-5	3.7E-4	1.6E-4	4.1E-3	2.8E-3
71	2.4E-2	1.3E-4	2.6E-5	3.6E-4	1.6E-4	4.1E-3	2.8E-3
72	2.4E-2	1.3E-4	2.5E-5	3.6E-4	1.5E-4	4.1E-3	2.8E-3
73	2.4E-2	1.2E-4	2.4E-5	3.6E-4	1.5E-4	4.1E-3	2.8E-3
74	2.4E-2	1.2E-4	2.3E-5	3.5E-4	1.5E-4	4.1E-3	2.8E-3
75	2.4E-2	1.2E-4	2.3E-5	3.5E-4	1.5E-4	4.1E-3	2.7E-3
76	2.4E-2	1.1E-4	2.2E-5	3.5E-4	1.5E-4	4.1E-3	2.7E-3
77	2.4E-2	1.1E-4	2.1E-5	3.4E-4	1.5E-4	4.1E-3	2.7E-3
78	2.3E-2	1.1E-4	2.1E-5	3.4E-4	1.5E-4	4.1E-3	2.7E-3
79	2.3E-2	1.0E-4	2.0E-5	3.4E-4	1.5E-4	4.1E-3	2.7E-3
80	2.3E-2	9.9E-5	1.9E-5	3.4E-4	1.4E-4	4.1E-3	2.6E-3
81	2.3E-2	9.6E-5	1.9E-5	3.3E-4	1.4E-4	4.1E-3	2.6E-3
82	2.3E-2	9.4E-5	1.8E-5	3.3E-4	1.4E-4	4.1E-3	2.6E-3
83	2.3E-2	9.1E-5	1.8E-5	3.3E-4	1.4E-4	4.0E-3	2.6E-3
84	2.3E-2	8.9E-5	1.7E-5	3.3E-4	1.4E-4	4.0E-3	2.6E-3
85	2.3E-2	8.6E-5	1.7E-5	3.2E-4	1.4E-4	4.0E-3	2.6E-3
86	2.3E-2	8.4E-5	1.6E-5	3.2E-4	1.4E-4	4.0E-3	2.6E-3
87	2.2E-2	8.2E-5	1.6E-5	3.2E-4	1.4E-4	4.0E-3	2.5E-3
88	2.2E-2	8.0E-5	1.5E-5	3.2E-4	1.4E-4	4.0E-3	2.5E-3
89	2.2E-2	7.8E-5	1.5E-5	3.1E-4	1.4E-4	4.0E-3	2.5E-3
90	2.2E-2	7.6E-5	1.5E-5	3.1E-4	1.4E-4	4.0E-3	2.5E-3
91	2.2E-2	7.4E-5	1.4E-5	3.1E-4	1.3E-4	4.0E-3	2.5E-3
92	2.2E-2	7.3E-5	1.4E-5	3.1E-4	1.3E-4	4.0E-3	2.5E-3
93	2.2E-2	7.1E-5	1.3E-5	3.1E-4	1.3E-4	4.0E-3	2.5E-3
94	2.2E-2	6.9E-5	1.3E-5	3.0E-4	1.3E-4	4.0E-3	2.4E-3
95	2.2E-2	6.8E-5	1.3E-5	3.0E-4	1.3E-4	4.0E-3	2.4E-3
96	2.2E-2	6.6E-5	1.3E-5	3.0E-4	1.3E-4	4.0E-3	2.4E-3
97	2.2E-2	6.5E-5	1.2E-5	3.0E-4	1.3E-4	4.0E-3	2.4E-3
98	2.2E-2	6.4E-5	1.2E-5	3.0E-4	1.3E-4	4.0E-3	2.4E-3
99	2.1E-2	6.2E-5	1.2E-5	3.0E-4	1.3E-4	4.0E-3	2.4E-3
100	2.1E-2	6.1E-5	1.2E-5	2.9E-4	1.3E-4	4.0E-3	2.4E-3
110	2.1E-2	5.1E-5	9.5E-6	2.8E-4	1.2E-4	4.0E-3	2.3E-3
120	2.0E-2	4.3E-5	8.0E-6	2.7E-4	1.2E-4	4.0E-3	2.2E-3
130	2.0E-2	3.8E-5	6.9E-6	2.6E-4	1.1E-4	3.9E-3	2.1E-3
140	1.9E-2	3.3E-5	6.1E-6	2.6E-4	1.1E-4	3.9E-3	2.0E-3
150	1.9E-2	3.0E-5	5.5E-6	2.5E-4	1.1E-4	3.9E-3	1.9E-3
160	1.9E-2	2.7E-5	4.9E-6	2.4E-4	1.1E-4	3.9E-3	1.9E-3
170	1.8E-2	2.5E-5	4.5E-6	2.4E-4	1.0E-4	3.9E-3	1.8E-3
180	1.8E-2	2.3E-5	4.2E-6	2.4E-4	1.0E-4	3.9E-3	1.7E-3
190	1.8E-2	2.2E-5	3.9E-6	2.3E-4	1.0E-4	3.9E-3	1.7E-3
200	1.7E-2	2.0E-5	3.6E-6	2.3E-4	1.0E-4	3.9E-3	1.6E-3
210	1.7E-2	1.9E-5	3.4E-6	2.3E-4	9.9E-5	3.8E-3	1.5E-3
220	1.7E-2	1.8E-5	3.3E-6	2.2E-4	9.8E-5	3.8E-3	1.5E-3
230	1.7E-2	1.7E-5	3.1E-6	2.2E-4	9.6E-5	3.8E-3	1.4E-3
240	1.7E-2	1.7E-5	3.0E-6	2.2E-4	9.5E-5	3.8E-3	1.4E-3
250	1.6E-2	1.6E-5	2.9E-6	2.1E-4	9.4E-5	3.8E-3	1.3E-3
260	1.6E-2	1.6E-5	2.8E-6	2.1E-4	9.3E-5	3.8E-3	1.3E-3
270	1.6E-2	1.5E-5	2.7E-6	2.1E-4	9.2E-5	3.8E-3	1.2E-3
280	1.6E-2	1.5E-5	2.6E-6	2.1E-4	9.1E-5	3.7E-3	1.2E-3
290	1.6E-2	1.4E-5	2.5E-6	2.1E-4	9.0E-5	3.7E-3	1.2E-3
300	1.5E-2	1.4E-5	2.5E-6	2.0E-4	9.0E-5	3.7E-3	1.1E-3
310	1.5E-2	1.4E-5	2.4E-6	2.0E-4	8.9E-5	3.7E-3	1.1E-3
320	1.5E-2	1.3E-5	2.3E-6	2.0E-4	8.8E-5	3.7E-3	1.0E-3
330	1.5E-2	1.3E-5	2.3E-6	2.0E-4	8.7E-5	3.7E-3	1.0E-3
340	1.5E-2	1.3E-5	2.2E-6	2.0E-4	8.6E-5	3.7E-3	9.7E-4
350	1.5E-2	1.2E-5	2.2E-6	1.9E-4	8.5E-5	3.7E-3	9.3E-4
360	1.4E-2	1.2E-5	2.2E-6	1.9E-4	8.5E-5	3.6E-3	9.0E-4
365	1.4E-2	1.2E-5	2.1E-6	1.9E-4	8.4E-5	3.6E-3	8.9E-4
370	1.4E-2	1.2E-5	2.1E-6	1.9E-4	8.4E-5	3.6E-3	8.7E-4
380	1.4E-2	1.2E-5	2.1E-6	1.9E-4	8.3E-5	3.6E-3	8.4E-4
390	1.4E-2	1.1E-5	2.0E-6	1.9E-4	8.2E-5	3.6E-3	8.1E-4
400	1.4E-2	1.1E-5	2.0E-6	1.9E-4	8.1E-5	3.6E-3	7.8E-4
410	1.4E-2	1.1E-5	2.0E-6	1.8E-4	8.1E-5	3.6E-3	7.6E-4
420	1.4E-2	1.1E-5	1.9E-6	1.8E-4	8.0E-5	3.6E-3	7.3E-4
430	1.4E-2	1.1E-5	1.9E-6	1.8E-4	7.9E-5	3.6E-3	7.1E-4
440	1.3E-2	1.1E-5	1.9E-6	1.8E-4	7.8E-5	3.5E-3	6.8E-4
450	1.3E-2	1.0E-5	1.8E-6	1.8E-4	7.8E-5	3.5E-3	6.6E-4
460	1.3E-2	1.0E-5	1.8E-6	1.8E-4	7.7E-5	3.5E-3	6.4E-4
470	1.3E-2	1.0E-5	1.8E-6	1.7E-4	7.6E-5	3.5E-3	6.1E-4
480	1.3E-2	9.8E-6	1.7E-6	1.7E-4	7.6E-5	3.5E-3	5.9E-4
490	1.3E-2	9.7E-6	1.7E-6	1.7E-4	7.5E-5	3.5E-3	5.7E-4
500	1.3E-2	9.5E-6	1.7E-6	1.7E-4	7.4E-5	3.5E-3	5.5E-4
510	1.3E-2	9.4E-6	1.7E-6	1.7E-4	7.4E-5	3.5E-3	5.4E-4
520	1.2E-2	9.3E-6	1.6E-6	1.7E-4	7.3E-5	3.4E-3	5.2E-4
530	1.2E-2	9.1E-6	1.6E-6	1.6E-4	7.2E-5	3.4E-3	5.0E-4
540	1.2E-2	9.0E-6	1.6E-6	1.6E-4	7.2E-5	3.4E-3	4.8E-4
550	1.2E-2	8.8E-6	1.6E-6	1.6E-4	7.1E-5	3.4E-3	4.7E-4
560	1.2E-2	8.7E-6	1.5E-6	1.6E-4	7.0E-5	3.4E-3	4.5E-4
570	1.2E-2	8.6E-6	1.5E-6	1.6E-4	7.0E-5	3.4E-3	4.4E-4
580	1.2E-2	8.5E-6	1.5E-6	1.6E-4	6.9E-5	3.4E-3	4.2E-4
590	1.2E-2	8.4E-6	1.5E-6	1.6E-4	6.8E-5	3.4E-3	4.1E-4
600	1.2E-2	8.2E-6	1.5E-6	1.5E-4	6.8E-5	3.4E-3	4.0E-4
610	1.1E-2	8.1E-6	1.4E-6	1.5E-4	6.7E-5	3.3E-3	3.8E-4
620	1.1E-2	8.0E-6	1.4E-6	1.5E-4	6.6E-5	3.3E-3	3.7E-4
630	1.1E-2	7.9E-6	1.4E-6	1.5E-4	6.6E-5	3.3E-3	3.6E-4
640	1.1E-2	7.8E-6	1.4E-6	1.5E-4	6.5E-5	3.3E-3	3.5E-4
650	1.1E-2	7.7E-6	1.4E-6	1.5E-4	6.5E-5	3.3E-3	3.4E-4
660	1.1E-2	7.6E-6	1.3E-6	1.5E-4	6.4E-5	3.3E-3	3.2E-4
670	1.1E-2	7.5E-6	1.3E-6	1.4E-4	6.4E-5	3.3E-3	3.1E-4
680	1.1E-2	7.4E-6	1.3E-6	1.4E-4	6.3E-5	3.3E-3	3.0E-4
690	1.1E-2	7.3E-6	1.3E-6	1.4E-4	6.2E-5	3.2E-3	2.9E-4
700	1.1E-2	7.2E-6	1.3E-6	1.4E-4	6.2E-5	3.2E-3	2.9E-4
710	1.1E-2	7.1E-6	1.3E-6	1.4E-4	6.1E-5	3.2E-3	2.8E-4
720	1.0E-2	7.0E-6	1.2E-6	1.4E-4	6.1E-5	3.2E-3	2.7E-4
730	1.0E-2	6.9E-6	1.2E-6	1.4E-4	6.0E-5	3.2E-3	2.6E-4
740	1.0E-2	6.9E-6	1.2E-6	1.4E-4	6.0E-5	3.2E-3	2.5E-4
750	1.0E-2	6.8E-6	1.2E-6	1.3E-4	5.9E-5	3.2E-3	2.4E-4
760	1.0E-2	6.7E-6	1.2E-6	1.3E-4	5.8E-5	3.2E-3	2.4E-4
770	1.0E-2	6.6E-6	1.2E-6	1.3E-4	5.8E-5	3.2E-3	2.3E-4
780	9.9E-3	6.5E-6	1.2E-6	1.3E-4	5.7E-5	3.1E-3	2.2E-4
790	9.8E-3	6.5E-6	1.1E-6	1.3E-4	5.7E-5	3.1E-3	2.1E-4
800	9.8E-3	6.4E-6	1.1E-6	1.3E-4	5.6E-5	3.1E-3	2.1E-4
810	9.7E-3	6.3E-6	1.1E-6	1.3E-4	5.6E-5	3.1E-3	2.0E-4
820	9.6E-3	6.2E-6	1.1E-6	1.3E-4	5.5E-5	3.1E-3	2.0E-4
830	9.5E-3	6.2E-6	1.1E-6	1.2E-4	5.5E-5	3.1E-3	1.9E-4
840	9.5E-3	6.1E-6	1.1E-6	1.2E-4	5.4E-5	3.1E-3	1.8E-4
850	9.4E-3	6.0E-6	1.1E-6	1.2E-4	5.4E-5	3.1E-3	1.8E-4
860	9.3E-3	6.0E-6	1.1E-6	1.2E-4	5.3E-5	3.1E-3	1.7E-4
870	9.2E-3	5.9E-6	1.0E-6	1.2E-4	5.3E-5	3.0E-3	1.7E-4
880	9.2E-3	5.8E-6	1.0E-6	1.2E-4	5.2E-5	3.0E-3	1.6E-4
890	9.1E-3	5.8E-6	1.0E-6	1.2E-4	5.2E-5	3.0E-3	1.6E-4
900	9.0E-3	5.7E-6	1.0E-6	1.2E-4	5.1E-5	3.0E-3	1.5E-4
910	9.0E-3	5.6E-6	1.0E-6	1.2E-4	5.1E-5	3.0E-3	1.5E-4
920	8.9E-3	5.6E-6	9.9E-7	1.1E-4	5.0E-5	3.0E-3	1.5E-4
930	8.8E-3	5.5E-6	9.8E-7	1.1E-4	5.0E-5	3.0E-3	1.4E-4
940	8.7E-3	5.5E-6	9.7E-7	1.1E-4	5.0E-5	3.0E-3	1.4E-4
950	8.7E-3	5.4E-6	9.6E-7	1.1E-4	4.9E-5	3.0E-3	1.3E-4
960	8.6E-3	5.3E-6	9.4E-7	1.1E-4	4.9E-5	3.0E-3	1.3E-4
970	8.5E-3	5.3E-6	9.3E-7	1.1E-4	4.8E-5	2.9E-3	1.3E-4
980	8.5E-3	5.2E-6	9.3E-7	1.1E-4	4.8E-5	2.9E-3	1.2E-4
990	8.4E-3	5.2E-6	9.2E-7	1.1E-4	4.7E-5	2.9E-3	1.2E-4
1000	8.4E-3	5.1E-6	9.1E-7	1.1E-4	4.7E-5	2.9E-3	1.2E-4
1010	8.3E-3	5.1E-6	9.0E-7	1.1E-4	4.6E-5	2.9E-3	1.1E-4
1020	8.2E-3	5.0E-6	8.9E-7	1.0E-4	4.6E-5	2.9E-3	1.1E-4
1030	8.2E-3	5.0E-6	8.8E-7	1.0E-4	4.6E-5	2.9E-3	1.1E-4
1040	8.1E-3	4.9E-6	8.7E-7	1.0E-4	4.5E-5	2.9E-3	1.0E-4
1050	8.0E-3	4.9E-6	8.6E-7	1.0E-4	4.5E-5	2.9E-3	1.0E-4
1060	8.0E-3	4.8E-6	8.5E-7	1.0E-4	4.4E-5	2.8E-3	9.9E-5
1070	7.9E-3	4.8E-6	8.4E-7	1.0E-4	4.4E-5	2.8E-3	9.7E-5
1080	7.9E-3	4.7E-6	8.4E-7	9.9E-5	4.4E-5	2.8E-3	9.4E-5
1090	7.8E-3	4.7E-6	8.3E-7	9.8E-5	4.3E-5	2.8E-3	9.2E-5
1095	7.8E-3	4.7E-6	8.2E-7	9.8E-5	4.3E-5	2.8E-3	9.1E-5
1100	7.8E-3	4.6E-6	8.2E-7	9.7E-5	4.3E-5	2.8E-3	9.0E-5
1200	7.2E-3	4.2E-6	7.4E-7	8.9E-5	3.9E-5	2.7E-3	7.1E-5
1300	6.7E-3	3.8E-6	6.8E-7	8.1E-5	3.6E-5	2.6E-3	5.7E-5
1400	6.2E-3	3.5E-6	6.2E-7	7.4E-5	3.3E-5	2.5E-3	4.6E-5
1500	5.8E-3	3.2E-6	5.7E-7	6.8E-5	3.0E-5	2.4E-3	3.9E-5
1600	5.4E-3	2.9E-6	5.2E-7	6.2E-5	2.7E-5	2.4E-3	3.3E-5
1700	5.1E-3	2.7E-6	4.8E-7	5.6E-5	2.5E-5	2.3E-3	2.9E-5
1800	4.8E-3	2.5E-6	4.4E-7	5.1E-5	2.3E-5	2.2E-3	2.5E-5
1900	4.5E-3	2.3E-6	4.0E-7	4.7E-5	2.1E-5	2.1E-3	2.2E-5
2000	4.2E-3	2.1E-6	3.7E-7	4.3E-5	1.9E-5	2.1E-3	2.0E-5
2100	3.9E-3	1.9E-6	3.4E-7	3.9E-5	1.7E-5	2.0E-3	1.8E-5
2200	3.7E-3	1.8E-6	3.2E-7	3.6E-5	1.6E-5	1.9E-3	1.6E-5
2300	3.5E-3	1.7E-6	2.9E-7	3.3E-5	1.4E-5	1.9E-3	1.5E-5
2400	3.3E-3	1.5E-6	2.7E-7	3.0E-5	1.3E-5	1.8E-3	1.4E-5
2500	3.1E-3	1.4E-6	2.5E-7	2.7E-5	1.2E-5	1.8E-3	1.2E-5
2600	2.9E-3	1.3E-6	2.3E-7	2.5E-5	1.1E-5	1.7E-3	1.1E-5
2700	2.8E-3	1.2E-6	2.2E-7	2.3E-5	1.0E-5	1.6E-3	1.1E-5
2800	2.6E-3	1.1E-6	2.0E-7	2.1E-5	9.1E-6	1.6E-3	9.7E-6
2900	2.5E-3	1.0E-6	1.8E-7	1.9E-5	8.3E-6	1.5E-3	9.0E-6
3000	2.4E-3	9.7E-7	1.7E-7	1.7E-5	7.6E-6	1.5E-3	8.3E-6
3100	2.2E-3	9.0E-7	1.6E-7	1.6E-5	7.0E-6	1.5E-3	7.7E-6
3200	2.1E-3	8.4E-7	1.5E-7	1.4E-5	6.4E-6	1.4E-3	7.1E-6
3300	2.0E-3	7.8E-7	1.4E-7	1.3E-5	5.8E-6	1.4E-3	6.6E-6
3400	1.9E-3	7.2E-7	1.3E-7	1.2E-5	5.3E-6	1.3E-3	6.1E-6
3500	1.8E-3	6.7E-7	1.2E-7	1.1E-5	4.9E-6	1.3E-3	5.7E-6
3600	1.8E-3	6.3E-7	1.1E-7	1.0E-5	4.5E-6	1.3E-3	5.3E-6
3650	1.7E-3	6.0E-7	1.1E-7	9.7E-6	4.3E-6	1.2E-3	5.1E-6
4000	1.5E-3	4.7E-7	8.4E-8	7.1E-6	3.1E-6	1.1E-3	4.0E-6
5000	1.0E-3	2.5E-7	4.4E-8	3.0E-6	1.3E-6	8.8E-4	2.1E-6
6000	7.7E-4	1.4E-7	2.5E-8	1.3E-6	5.8E-7	7.0E-4	1.2E-6
7000	6.1E-4	8.9E-8	1.6E-8	6.1E-7	2.7E-7	5.8E-4	7.1E-7
8000	5.0E-4	6.0E-8	1.1E-8	3.1E-7	1.3E-7	4.9E-4	4.7E-7
9000	4.3E-4	4.3E-8	7.7E-9	1.7E-7	7.5E-8	4.2E-4	3.4E-7
10000	3.7E-4	3.3E-8	5.9E-9	1.1E-7	4.7E-8	3.6E-4	2.6E-7
11000	3.2E-4	2.7E-8	4.7E-9	7.5E-8	3.3E-8	3.1E-4	2.0E-7
12000	2.8E-4	2.2E-8	3.9E-9	5.7E-8	2.5E-8	2.8E-4	1.7E-7
13000	2.5E-4	1.9E-8	3.3E-9	4.5E-8	2.0E-8	2.4E-4	1.4E-7
14000	2.2E-4	1.6E-8	2.8E-9	3.8E-8	1.6E-8	2.1E-4	1.2E-7
15000	1.9E-4	1.4E-8	2.4E-9	3.2E-8	1.4E-8	1.9E-4	1.0E-7
16000	1.7E-4	1.2E-8	2.1E-9	2.8E-8	1.2E-8	1.7E-4	9.0E-8
17000	1.5E-4	1.1E-8	1.9E-9	2.4E-8	1.0E-8	1.5E-4	7.9E-8
18000	1.3E-4	9.3E-9	1.6E-9	2.1E-8	9.1E-9	1.3E-4	7.0E-8
18250	1.3E-4	9.0E-9	1.6E-9	2.0E-8	8.8E-9	1.3E-4	6.8E-8
