Radionuclide	Cd-113m
Route of Intake	Inhalation
Material	Aerosols Type F, fA=5E-2
AMTD/AMAD, µm	5

Content in an Organ or Excreta Sample per Intake (Reference Bioassay Functions m(t)), Bq per Bq
Time, days	Whole Body	Urine (24-hour sample)	Faeces (24-hour sample)	Alimentary Tract*	Lungs*	Skeleton*	Liver*
0.041667	8.1E-1	-	-	2.2E-1	2.3E-2	5.5E-4	5.1E-2
0.083333	8.0E-1	-	-	2.4E-1	7.3E-3	5.3E-4	6.2E-2
0.125	7.9E-1	-	-	2.6E-1	3.1E-3	5.5E-4	6.7E-2
0.25	7.6E-1	-	-	3.0E-1	1.6E-3	6.1E-4	7.7E-2
0.375	7.4E-1	-	-	3.3E-1	1.7E-3	6.6E-4	8.5E-2
0.5	7.2E-1	-	-	3.5E-1	1.7E-3	7.1E-4	9.1E-2
0.625	7.0E-1	-	-	3.7E-1	1.8E-3	7.4E-4	9.6E-2
0.75	6.8E-1	-	-	3.7E-1	1.8E-3	7.7E-4	1.0E-1
0.875	6.6E-1	-	-	3.6E-1	1.8E-3	8.0E-4	1.0E-1
1	6.4E-1	8.8E-4	6.2E-2	3.5E-1	1.8E-3	8.2E-4	1.1E-1
1.125	6.1E-1	-	-	3.4E-1	1.8E-3	8.4E-4	1.1E-1
1.25	5.8E-1	-	-	3.2E-1	1.8E-3	8.5E-4	1.1E-1
1.375	5.6E-1	-	-	3.0E-1	1.8E-3	8.7E-4	1.1E-1
1.5	5.3E-1	-	-	2.8E-1	1.8E-3	8.8E-4	1.1E-1
1.625	5.0E-1	-	-	2.6E-1	1.8E-3	8.9E-4	1.2E-1
1.75	4.8E-1	-	-	2.3E-1	1.8E-3	9.1E-4	1.2E-1
1.875	4.5E-1	-	-	2.1E-1	1.8E-3	9.2E-4	1.2E-1
2	4.3E-1	1.4E-4	1.9E-1	1.9E-1	1.7E-3	9.3E-4	1.2E-1
2.25	3.9E-1	-	-	1.5E-1	1.7E-3	9.4E-4	1.2E-1
2.5	3.5E-1	-	-	1.2E-1	1.7E-3	9.6E-4	1.2E-1
2.75	3.3E-1	-	-	8.9E-2	1.7E-3	9.8E-4	1.2E-1
3	3.0E-1	7.5E-5	1.2E-1	6.7E-2	1.6E-3	9.9E-4	1.3E-1
3.25	2.9E-1	-	-	5.1E-2	1.6E-3	1.0E-3	1.3E-1
3.5	2.7E-1	-	-	3.8E-2	1.6E-3	1.0E-3	1.3E-1
3.75	2.6E-1	-	-	2.8E-2	1.6E-3	1.0E-3	1.3E-1
4	2.6E-1	5.5E-5	4.7E-2	2.1E-2	1.5E-3	1.0E-3	1.3E-1
4.25	2.5E-1	-	-	1.6E-2	1.5E-3	1.0E-3	1.3E-1
4.5	2.5E-1	-	-	1.2E-2	1.5E-3	1.1E-3	1.3E-1
4.75	2.4E-1	-	-	9.5E-3	1.5E-3	1.1E-3	1.3E-1
5	2.4E-1	4.4E-5	1.3E-2	7.6E-3	1.5E-3	1.1E-3	1.3E-1
5.5	2.4E-1	-	-	5.3E-3	1.5E-3	1.1E-3	1.3E-1
6	2.4E-1	3.6E-5	3.3E-3	4.2E-3	1.4E-3	1.1E-3	1.3E-1
6.5	2.4E-1	-	-	3.7E-3	1.4E-3	1.1E-3	1.3E-1
7	2.4E-1	3.1E-5	7.6E-4	3.4E-3	1.4E-3	1.1E-3	1.4E-1
7.5	2.4E-1	-	-	3.3E-3	1.4E-3	1.1E-3	1.4E-1
8	2.4E-1	2.7E-5	1.8E-4	3.2E-3	1.4E-3	1.2E-3	1.4E-1
8.5	2.4E-1	-	-	3.2E-3	1.4E-3	1.2E-3	1.4E-1
9	2.4E-1	2.5E-5	5.7E-5	3.1E-3	1.4E-3	1.2E-3	1.4E-1
9.5	2.4E-1	-	-	3.1E-3	1.4E-3	1.2E-3	1.4E-1
10	2.4E-1	2.3E-5	3.1E-5	3.1E-3	1.4E-3	1.2E-3	1.4E-1
11	2.4E-1	2.2E-5	2.5E-5	3.1E-3	1.4E-3	1.2E-3	1.4E-1
12	2.4E-1	2.1E-5	2.2E-5	3.1E-3	1.3E-3	1.2E-3	1.4E-1
13	2.4E-1	2.0E-5	2.1E-5	3.1E-3	1.3E-3	1.3E-3	1.4E-1
14	2.4E-1	2.0E-5	2.1E-5	3.1E-3	1.3E-3	1.3E-3	1.4E-1
15	2.4E-1	1.9E-5	2.0E-5	3.0E-3	1.3E-3	1.3E-3	1.4E-1
16	2.4E-1	1.9E-5	2.0E-5	3.0E-3	1.3E-3	1.3E-3	1.4E-1
17	2.4E-1	1.9E-5	1.9E-5	3.0E-3	1.3E-3	1.3E-3	1.4E-1
18	2.4E-1	1.9E-5	1.9E-5	3.0E-3	1.3E-3	1.3E-3	1.4E-1
19	2.4E-1	1.9E-5	1.9E-5	3.0E-3	1.3E-3	1.4E-3	1.4E-1
20	2.4E-1	1.9E-5	1.9E-5	3.0E-3	1.3E-3	1.4E-3	1.4E-1
21	2.4E-1	1.9E-5	1.9E-5	3.0E-3	1.3E-3	1.4E-3	1.4E-1
22	2.4E-1	1.9E-5	1.9E-5	3.0E-3	1.3E-3	1.4E-3	1.4E-1
23	2.4E-1	1.9E-5	1.9E-5	3.0E-3	1.3E-3	1.4E-3	1.3E-1
24	2.4E-1	1.9E-5	1.9E-5	3.0E-3	1.3E-3	1.4E-3	1.3E-1
25	2.4E-1	1.9E-5	1.9E-5	3.0E-3	1.3E-3	1.5E-3	1.3E-1
26	2.4E-1	1.9E-5	1.9E-5	3.0E-3	1.3E-3	1.5E-3	1.3E-1
27	2.4E-1	1.9E-5	1.9E-5	3.0E-3	1.3E-3	1.5E-3	1.3E-1
28	2.4E-1	1.9E-5	1.9E-5	3.0E-3	1.3E-3	1.5E-3	1.3E-1
29	2.4E-1	1.8E-5	1.9E-5	3.0E-3	1.3E-3	1.5E-3	1.3E-1
30	2.4E-1	1.8E-5	1.9E-5	3.0E-3	1.3E-3	1.5E-3	1.3E-1
31	2.4E-1	1.8E-5	1.8E-5	3.0E-3	1.3E-3	1.6E-3	1.3E-1
32	2.4E-1	1.8E-5	1.8E-5	3.0E-3	1.3E-3	1.6E-3	1.3E-1
33	2.4E-1	1.8E-5	1.8E-5	3.0E-3	1.3E-3	1.6E-3	1.3E-1
34	2.4E-1	1.8E-5	1.8E-5	3.0E-3	1.3E-3	1.6E-3	1.3E-1
35	2.4E-1	1.8E-5	1.8E-5	3.0E-3	1.3E-3	1.6E-3	1.3E-1
36	2.4E-1	1.8E-5	1.8E-5	3.0E-3	1.3E-3	1.6E-3	1.3E-1
37	2.4E-1	1.8E-5	1.8E-5	3.0E-3	1.3E-3	1.6E-3	1.3E-1
38	2.4E-1	1.8E-5	1.8E-5	3.0E-3	1.3E-3	1.7E-3	1.3E-1
39	2.4E-1	1.8E-5	1.8E-5	3.0E-3	1.3E-3	1.7E-3	1.3E-1
40	2.4E-1	1.8E-5	1.8E-5	3.0E-3	1.3E-3	1.7E-3	1.3E-1
41	2.4E-1	1.8E-5	1.8E-5	3.0E-3	1.3E-3	1.7E-3	1.3E-1
42	2.4E-1	1.8E-5	1.8E-5	3.0E-3	1.3E-3	1.7E-3	1.3E-1
43	2.4E-1	1.8E-5	1.8E-5	3.0E-3	1.3E-3	1.7E-3	1.3E-1
44	2.4E-1	1.8E-5	1.8E-5	3.0E-3	1.3E-3	1.8E-3	1.3E-1
45	2.4E-1	1.8E-5	1.8E-5	3.0E-3	1.3E-3	1.8E-3	1.3E-1
46	2.4E-1	1.8E-5	1.8E-5	3.0E-3	1.3E-3	1.8E-3	1.3E-1
47	2.4E-1	1.8E-5	1.8E-5	2.9E-3	1.3E-3	1.8E-3	1.3E-1
48	2.4E-1	1.8E-5	1.8E-5	2.9E-3	1.3E-3	1.8E-3	1.3E-1
49	2.4E-1	1.8E-5	1.8E-5	2.9E-3	1.3E-3	1.8E-3	1.3E-1
50	2.4E-1	1.8E-5	1.8E-5	2.9E-3	1.3E-3	1.9E-3	1.3E-1
51	2.4E-1	1.8E-5	1.8E-5	2.9E-3	1.3E-3	1.9E-3	1.3E-1
52	2.3E-1	1.8E-5	1.8E-5	2.9E-3	1.3E-3	1.9E-3	1.3E-1
53	2.3E-1	1.8E-5	1.8E-5	2.9E-3	1.3E-3	1.9E-3	1.3E-1
54	2.3E-1	1.8E-5	1.8E-5	2.9E-3	1.3E-3	1.9E-3	1.3E-1
55	2.3E-1	1.8E-5	1.8E-5	2.9E-3	1.3E-3	1.9E-3	1.3E-1
56	2.3E-1	1.8E-5	1.8E-5	2.9E-3	1.3E-3	1.9E-3	1.3E-1
57	2.3E-1	1.8E-5	1.8E-5	2.9E-3	1.3E-3	2.0E-3	1.3E-1
58	2.3E-1	1.8E-5	1.8E-5	2.9E-3	1.3E-3	2.0E-3	1.3E-1
59	2.3E-1	1.8E-5	1.8E-5	2.9E-3	1.3E-3	2.0E-3	1.3E-1
60	2.3E-1	1.8E-5	1.8E-5	2.9E-3	1.3E-3	2.0E-3	1.3E-1
61	2.3E-1	1.8E-5	1.8E-5	2.9E-3	1.3E-3	2.0E-3	1.3E-1
62	2.3E-1	1.8E-5	1.8E-5	2.9E-3	1.3E-3	2.0E-3	1.3E-1
63	2.3E-1	1.8E-5	1.8E-5	2.9E-3	1.3E-3	2.1E-3	1.3E-1
64	2.3E-1	1.8E-5	1.8E-5	2.9E-3	1.3E-3	2.1E-3	1.3E-1
65	2.3E-1	1.8E-5	1.8E-5	2.9E-3	1.3E-3	2.1E-3	1.3E-1
66	2.3E-1	1.8E-5	1.8E-5	2.9E-3	1.3E-3	2.1E-3	1.3E-1
67	2.3E-1	1.8E-5	1.8E-5	2.9E-3	1.3E-3	2.1E-3	1.3E-1
68	2.3E-1	1.8E-5	1.8E-5	2.9E-3	1.3E-3	2.1E-3	1.3E-1
69	2.3E-1	1.8E-5	1.8E-5	2.9E-3	1.3E-3	2.1E-3	1.3E-1
70	2.3E-1	1.8E-5	1.8E-5	2.9E-3	1.3E-3	2.2E-3	1.3E-1
71	2.3E-1	1.8E-5	1.8E-5	2.9E-3	1.3E-3	2.2E-3	1.3E-1
72	2.3E-1	1.8E-5	1.8E-5	2.9E-3	1.3E-3	2.2E-3	1.3E-1
73	2.3E-1	1.7E-5	1.8E-5	2.9E-3	1.3E-3	2.2E-3	1.3E-1
74	2.3E-1	1.7E-5	1.7E-5	2.9E-3	1.3E-3	2.2E-3	1.3E-1
75	2.3E-1	1.7E-5	1.7E-5	2.9E-3	1.3E-3	2.2E-3	1.2E-1
76	2.3E-1	1.7E-5	1.7E-5	2.9E-3	1.3E-3	2.2E-3	1.2E-1
77	2.3E-1	1.7E-5	1.7E-5	2.9E-3	1.3E-3	2.3E-3	1.2E-1
78	2.3E-1	1.7E-5	1.7E-5	2.9E-3	1.3E-3	2.3E-3	1.2E-1
79	2.3E-1	1.7E-5	1.7E-5	2.8E-3	1.3E-3	2.3E-3	1.2E-1
80	2.3E-1	1.7E-5	1.7E-5	2.8E-3	1.3E-3	2.3E-3	1.2E-1
81	2.3E-1	1.7E-5	1.7E-5	2.8E-3	1.3E-3	2.3E-3	1.2E-1
82	2.3E-1	1.7E-5	1.7E-5	2.8E-3	1.3E-3	2.3E-3	1.2E-1
83	2.3E-1	1.7E-5	1.7E-5	2.8E-3	1.2E-3	2.4E-3	1.2E-1
84	2.3E-1	1.7E-5	1.7E-5	2.8E-3	1.2E-3	2.4E-3	1.2E-1
85	2.3E-1	1.7E-5	1.7E-5	2.8E-3	1.2E-3	2.4E-3	1.2E-1
86	2.3E-1	1.7E-5	1.7E-5	2.8E-3	1.2E-3	2.4E-3	1.2E-1
87	2.3E-1	1.7E-5	1.7E-5	2.8E-3	1.2E-3	2.4E-3	1.2E-1
88	2.3E-1	1.7E-5	1.7E-5	2.8E-3	1.2E-3	2.4E-3	1.2E-1
89	2.3E-1	1.7E-5	1.7E-5	2.8E-3	1.2E-3	2.4E-3	1.2E-1
90	2.3E-1	1.7E-5	1.7E-5	2.8E-3	1.2E-3	2.5E-3	1.2E-1
91	2.3E-1	1.7E-5	1.7E-5	2.8E-3	1.2E-3	2.5E-3	1.2E-1
92	2.3E-1	1.7E-5	1.7E-5	2.8E-3	1.2E-3	2.5E-3	1.2E-1
93	2.3E-1	1.7E-5	1.7E-5	2.8E-3	1.2E-3	2.5E-3	1.2E-1
94	2.3E-1	1.7E-5	1.7E-5	2.8E-3	1.2E-3	2.5E-3	1.2E-1
95	2.3E-1	1.7E-5	1.7E-5	2.8E-3	1.2E-3	2.5E-3	1.2E-1
96	2.3E-1	1.7E-5	1.7E-5	2.8E-3	1.2E-3	2.5E-3	1.2E-1
97	2.3E-1	1.7E-5	1.7E-5	2.8E-3	1.2E-3	2.6E-3	1.2E-1
98	2.3E-1	1.7E-5	1.7E-5	2.8E-3	1.2E-3	2.6E-3	1.2E-1
99	2.3E-1	1.7E-5	1.7E-5	2.8E-3	1.2E-3	2.6E-3	1.2E-1
100	2.3E-1	1.7E-5	1.7E-5	2.8E-3	1.2E-3	2.6E-3	1.2E-1
110	2.3E-1	1.7E-5	1.7E-5	2.8E-3	1.2E-3	2.7E-3	1.2E-1
120	2.3E-1	1.7E-5	1.7E-5	2.7E-3	1.2E-3	2.9E-3	1.2E-1
130	2.3E-1	1.6E-5	1.6E-5	2.7E-3	1.2E-3	3.0E-3	1.2E-1
140	2.3E-1	1.6E-5	1.6E-5	2.7E-3	1.2E-3	3.2E-3	1.1E-1
150	2.3E-1	1.6E-5	1.6E-5	2.6E-3	1.2E-3	3.3E-3	1.1E-1
160	2.3E-1	1.6E-5	1.6E-5	2.6E-3	1.1E-3	3.4E-3	1.1E-1
170	2.3E-1	1.6E-5	1.6E-5	2.6E-3	1.1E-3	3.6E-3	1.1E-1
180	2.3E-1	1.5E-5	1.5E-5	2.5E-3	1.1E-3	3.7E-3	1.1E-1
190	2.3E-1	1.5E-5	1.5E-5	2.5E-3	1.1E-3	3.8E-3	1.1E-1
200	2.3E-1	1.5E-5	1.5E-5	2.5E-3	1.1E-3	3.9E-3	1.1E-1
210	2.2E-1	1.5E-5	1.5E-5	2.5E-3	1.1E-3	4.0E-3	1.1E-1
220	2.2E-1	1.5E-5	1.5E-5	2.4E-3	1.1E-3	4.2E-3	1.0E-1
230	2.2E-1	1.5E-5	1.5E-5	2.4E-3	1.1E-3	4.3E-3	1.0E-1
240	2.2E-1	1.4E-5	1.4E-5	2.4E-3	1.0E-3	4.4E-3	1.0E-1
250	2.2E-1	1.4E-5	1.4E-5	2.3E-3	1.0E-3	4.5E-3	1.0E-1
260	2.2E-1	1.4E-5	1.4E-5	2.3E-3	1.0E-3	4.6E-3	9.9E-2
270	2.2E-1	1.4E-5	1.4E-5	2.3E-3	1.0E-3	4.7E-3	9.8E-2
280	2.2E-1	1.4E-5	1.4E-5	2.3E-3	1.0E-3	4.8E-3	9.7E-2
290	2.2E-1	1.4E-5	1.4E-5	2.2E-3	9.9E-4	5.0E-3	9.6E-2
300	2.2E-1	1.4E-5	1.4E-5	2.2E-3	9.8E-4	5.1E-3	9.5E-2
310	2.2E-1	1.3E-5	1.3E-5	2.2E-3	9.7E-4	5.2E-3	9.4E-2
320	2.2E-1	1.3E-5	1.3E-5	2.2E-3	9.6E-4	5.3E-3	9.3E-2
330	2.2E-1	1.3E-5	1.3E-5	2.1E-3	9.5E-4	5.4E-3	9.2E-2
340	2.2E-1	1.3E-5	1.3E-5	2.1E-3	9.4E-4	5.5E-3	9.1E-2
350	2.2E-1	1.3E-5	1.3E-5	2.1E-3	9.3E-4	5.6E-3	9.0E-2
360	2.2E-1	1.3E-5	1.3E-5	2.1E-3	9.2E-4	5.7E-3	8.9E-2
365	2.2E-1	1.3E-5	1.3E-5	2.1E-3	9.2E-4	5.7E-3	8.9E-2
370	2.2E-1	1.3E-5	1.3E-5	2.1E-3	9.1E-4	5.8E-3	8.8E-2
380	2.2E-1	1.2E-5	1.3E-5	2.0E-3	9.0E-4	5.8E-3	8.7E-2
390	2.1E-1	1.2E-5	1.2E-5	2.0E-3	8.9E-4	5.9E-3	8.7E-2
400	2.1E-1	1.2E-5	1.2E-5	2.0E-3	8.8E-4	6.0E-3	8.6E-2
410	2.1E-1	1.2E-5	1.2E-5	2.0E-3	8.7E-4	6.1E-3	8.5E-2
420	2.1E-1	1.2E-5	1.2E-5	2.0E-3	8.7E-4	6.2E-3	8.4E-2
430	2.1E-1	1.2E-5	1.2E-5	1.9E-3	8.6E-4	6.3E-3	8.3E-2
440	2.1E-1	1.2E-5	1.2E-5	1.9E-3	8.5E-4	6.4E-3	8.2E-2
450	2.1E-1	1.2E-5	1.2E-5	1.9E-3	8.4E-4	6.5E-3	8.2E-2
460	2.1E-1	1.2E-5	1.2E-5	1.9E-3	8.3E-4	6.5E-3	8.1E-2
470	2.1E-1	1.1E-5	1.2E-5	1.9E-3	8.3E-4	6.6E-3	8.0E-2
480	2.1E-1	1.1E-5	1.1E-5	1.9E-3	8.2E-4	6.7E-3	7.9E-2
490	2.1E-1	1.1E-5	1.1E-5	1.8E-3	8.1E-4	6.8E-3	7.9E-2
500	2.1E-1	1.1E-5	1.1E-5	1.8E-3	8.0E-4	6.9E-3	7.8E-2
510	2.1E-1	1.1E-5	1.1E-5	1.8E-3	8.0E-4	6.9E-3	7.7E-2
520	2.1E-1	1.1E-5	1.1E-5	1.8E-3	7.9E-4	7.0E-3	7.7E-2
530	2.1E-1	1.1E-5	1.1E-5	1.8E-3	7.8E-4	7.1E-3	7.6E-2
540	2.1E-1	1.1E-5	1.1E-5	1.8E-3	7.8E-4	7.2E-3	7.5E-2
550	2.1E-1	1.1E-5	1.1E-5	1.7E-3	7.7E-4	7.2E-3	7.5E-2
560	2.1E-1	1.1E-5	1.1E-5	1.7E-3	7.6E-4	7.3E-3	7.4E-2
570	2.1E-1	1.1E-5	1.1E-5	1.7E-3	7.6E-4	7.4E-3	7.3E-2
580	2.1E-1	1.0E-5	1.0E-5	1.7E-3	7.5E-4	7.5E-3	7.3E-2
590	2.0E-1	1.0E-5	1.0E-5	1.7E-3	7.4E-4	7.5E-3	7.2E-2
600	2.0E-1	1.0E-5	1.0E-5	1.7E-3	7.4E-4	7.6E-3	7.1E-2
610	2.0E-1	1.0E-5	1.0E-5	1.7E-3	7.3E-4	7.7E-3	7.1E-2
620	2.0E-1	1.0E-5	1.0E-5	1.6E-3	7.2E-4	7.7E-3	7.0E-2
630	2.0E-1	1.0E-5	1.0E-5	1.6E-3	7.2E-4	7.8E-3	7.0E-2
640	2.0E-1	1.0E-5	1.0E-5	1.6E-3	7.1E-4	7.9E-3	6.9E-2
650	2.0E-1	9.9E-6	9.9E-6	1.6E-3	7.1E-4	7.9E-3	6.9E-2
660	2.0E-1	9.9E-6	9.9E-6	1.6E-3	7.0E-4	8.0E-3	6.8E-2
670	2.0E-1	9.8E-6	9.8E-6	1.6E-3	7.0E-4	8.0E-3	6.8E-2
680	2.0E-1	9.7E-6	9.7E-6	1.6E-3	6.9E-4	8.1E-3	6.7E-2
690	2.0E-1	9.6E-6	9.6E-6	1.6E-3	6.9E-4	8.2E-3	6.7E-2
700	2.0E-1	9.6E-6	9.6E-6	1.5E-3	6.8E-4	8.2E-3	6.6E-2
710	2.0E-1	9.5E-6	9.5E-6	1.5E-3	6.8E-4	8.3E-3	6.6E-2
720	2.0E-1	9.4E-6	9.4E-6	1.5E-3	6.7E-4	8.3E-3	6.5E-2
730	2.0E-1	9.4E-6	9.4E-6	1.5E-3	6.7E-4	8.4E-3	6.5E-2
740	2.0E-1	9.3E-6	9.3E-6	1.5E-3	6.6E-4	8.4E-3	6.4E-2
750	2.0E-1	9.2E-6	9.3E-6	1.5E-3	6.6E-4	8.5E-3	6.4E-2
760	2.0E-1	9.2E-6	9.2E-6	1.5E-3	6.5E-4	8.6E-3	6.3E-2
770	2.0E-1	9.1E-6	9.1E-6	1.5E-3	6.5E-4	8.6E-3	6.3E-2
780	2.0E-1	9.1E-6	9.1E-6	1.5E-3	6.4E-4	8.7E-3	6.2E-2
790	2.0E-1	9.0E-6	9.0E-6	1.4E-3	6.4E-4	8.7E-3	6.2E-2
800	1.9E-1	8.9E-6	9.0E-6	1.4E-3	6.3E-4	8.8E-3	6.2E-2
810	1.9E-1	8.9E-6	8.9E-6	1.4E-3	6.3E-4	8.8E-3	6.1E-2
820	1.9E-1	8.8E-6	8.8E-6	1.4E-3	6.3E-4	8.9E-3	6.1E-2
830	1.9E-1	8.8E-6	8.8E-6	1.4E-3	6.2E-4	8.9E-3	6.0E-2
840	1.9E-1	8.7E-6	8.7E-6	1.4E-3	6.2E-4	9.0E-3	6.0E-2
850	1.9E-1	8.7E-6	8.7E-6	1.4E-3	6.1E-4	9.0E-3	5.9E-2
860	1.9E-1	8.6E-6	8.6E-6	1.4E-3	6.1E-4	9.1E-3	5.9E-2
870	1.9E-1	8.6E-6	8.6E-6	1.4E-3	6.0E-4	9.1E-3	5.9E-2
880	1.9E-1	8.5E-6	8.5E-6	1.4E-3	6.0E-4	9.2E-3	5.8E-2
890	1.9E-1	8.5E-6	8.5E-6	1.4E-3	6.0E-4	9.2E-3	5.8E-2
900	1.9E-1	8.4E-6	8.4E-6	1.3E-3	5.9E-4	9.2E-3	5.8E-2
910	1.9E-1	8.4E-6	8.4E-6	1.3E-3	5.9E-4	9.3E-3	5.7E-2
920	1.9E-1	8.3E-6	8.3E-6	1.3E-3	5.9E-4	9.3E-3	5.7E-2
930	1.9E-1	8.3E-6	8.3E-6	1.3E-3	5.8E-4	9.4E-3	5.7E-2
940	1.9E-1	8.2E-6	8.2E-6	1.3E-3	5.8E-4	9.4E-3	5.6E-2
950	1.9E-1	8.2E-6	8.2E-6	1.3E-3	5.8E-4	9.5E-3	5.6E-2
960	1.9E-1	8.1E-6	8.1E-6	1.3E-3	5.7E-4	9.5E-3	5.6E-2
970	1.9E-1	8.1E-6	8.1E-6	1.3E-3	5.7E-4	9.5E-3	5.5E-2
980	1.9E-1	8.0E-6	8.0E-6	1.3E-3	5.7E-4	9.6E-3	5.5E-2
990	1.9E-1	8.0E-6	8.0E-6	1.3E-3	5.6E-4	9.6E-3	5.5E-2
1000	1.9E-1	8.0E-6	8.0E-6	1.3E-3	5.6E-4	9.7E-3	5.4E-2
1010	1.9E-1	7.9E-6	7.9E-6	1.3E-3	5.6E-4	9.7E-3	5.4E-2
1020	1.9E-1	7.9E-6	7.9E-6	1.3E-3	5.5E-4	9.7E-3	5.4E-2
1030	1.9E-1	7.8E-6	7.8E-6	1.2E-3	5.5E-4	9.8E-3	5.3E-2
1040	1.8E-1	7.8E-6	7.8E-6	1.2E-3	5.5E-4	9.8E-3	5.3E-2
1050	1.8E-1	7.7E-6	7.8E-6	1.2E-3	5.4E-4	9.9E-3	5.3E-2
1060	1.8E-1	7.7E-6	7.7E-6	1.2E-3	5.4E-4	9.9E-3	5.3E-2
1070	1.8E-1	7.7E-6	7.7E-6	1.2E-3	5.4E-4	9.9E-3	5.2E-2
1080	1.8E-1	7.6E-6	7.6E-6	1.2E-3	5.4E-4	1.0E-2	5.2E-2
1090	1.8E-1	7.6E-6	7.6E-6	1.2E-3	5.3E-4	1.0E-2	5.2E-2
1095	1.8E-1	7.6E-6	7.6E-6	1.2E-3	5.3E-4	1.0E-2	5.2E-2
1100	1.8E-1	7.6E-6	7.6E-6	1.2E-3	5.3E-4	1.0E-2	5.1E-2
1200	1.8E-1	7.2E-6	7.2E-6	1.1E-3	5.0E-4	1.0E-2	4.9E-2
1300	1.7E-1	6.9E-6	6.9E-6	1.1E-3	4.8E-4	1.1E-2	4.7E-2
1400	1.7E-1	6.6E-6	6.6E-6	1.0E-3	4.6E-4	1.1E-2	4.5E-2
1500	1.7E-1	6.4E-6	6.4E-6	1.0E-3	4.4E-4	1.1E-2	4.3E-2
1600	1.6E-1	6.2E-6	6.2E-6	9.7E-4	4.3E-4	1.1E-2	4.2E-2
1700	1.6E-1	6.0E-6	6.0E-6	9.4E-4	4.1E-4	1.1E-2	4.0E-2
1800	1.6E-1	5.8E-6	5.8E-6	9.1E-4	4.0E-4	1.2E-2	3.9E-2
1900	1.5E-1	5.6E-6	5.6E-6	8.8E-4	3.9E-4	1.2E-2	3.8E-2
2000	1.5E-1	5.5E-6	5.5E-6	8.6E-4	3.8E-4	1.2E-2	3.7E-2
2100	1.5E-1	5.3E-6	5.3E-6	8.3E-4	3.7E-4	1.2E-2	3.6E-2
2200	1.4E-1	5.2E-6	5.2E-6	8.1E-4	3.6E-4	1.2E-2	3.5E-2
2300	1.4E-1	5.0E-6	5.0E-6	7.9E-4	3.5E-4	1.2E-2	3.4E-2
2400	1.4E-1	4.9E-6	4.9E-6	7.7E-4	3.4E-4	1.2E-2	3.3E-2
2500	1.4E-1	4.8E-6	4.8E-6	7.5E-4	3.3E-4	1.2E-2	3.2E-2
2600	1.3E-1	4.7E-6	4.7E-6	7.3E-4	3.2E-4	1.2E-2	3.1E-2
2700	1.3E-1	4.6E-6	4.6E-6	7.1E-4	3.2E-4	1.2E-2	3.1E-2
2800	1.3E-1	4.5E-6	4.5E-6	7.0E-4	3.1E-4	1.2E-2	3.0E-2
2900	1.3E-1	4.4E-6	4.4E-6	6.8E-4	3.0E-4	1.2E-2	2.9E-2
3000	1.2E-1	4.3E-6	4.3E-6	6.7E-4	2.9E-4	1.2E-2	2.9E-2
3100	1.2E-1	4.2E-6	4.2E-6	6.5E-4	2.9E-4	1.2E-2	2.8E-2
3200	1.2E-1	4.1E-6	4.1E-6	6.4E-4	2.8E-4	1.2E-2	2.7E-2
3300	1.2E-1	4.0E-6	4.0E-6	6.2E-4	2.7E-4	1.2E-2	2.7E-2
3400	1.1E-1	3.9E-6	3.9E-6	6.1E-4	2.7E-4	1.2E-2	2.6E-2
3500	1.1E-1	3.8E-6	3.8E-6	5.9E-4	2.6E-4	1.2E-2	2.5E-2
3600	1.1E-1	3.7E-6	3.7E-6	5.8E-4	2.6E-4	1.2E-2	2.5E-2
3650	1.1E-1	3.7E-6	3.7E-6	5.7E-4	2.5E-4	1.2E-2	2.5E-2
4000	1.0E-1	3.4E-6	3.4E-6	5.3E-4	2.3E-4	1.2E-2	2.3E-2
5000	8.2E-2	2.7E-6	2.7E-6	4.3E-4	1.9E-4	1.1E-2	1.8E-2
6000	6.7E-2	2.2E-6	2.2E-6	3.5E-4	1.5E-4	9.5E-3	1.5E-2
7000	5.5E-2	1.8E-6	1.8E-6	2.8E-4	1.2E-4	8.3E-3	1.2E-2
8000	4.5E-2	1.5E-6	1.5E-6	2.3E-4	1.0E-4	7.2E-3	9.8E-3
9000	3.7E-2	1.2E-6	1.2E-6	1.8E-4	8.2E-5	6.2E-3	7.9E-3
10000	3.0E-2	9.6E-7	9.6E-7	1.5E-4	6.6E-5	5.2E-3	6.5E-3
11000	2.5E-2	7.9E-7	7.9E-7	1.2E-4	5.4E-5	4.4E-3	5.3E-3
12000	2.0E-2	6.4E-7	6.4E-7	1.0E-4	4.4E-5	3.7E-3	4.3E-3
13000	1.7E-2	5.2E-7	5.2E-7	8.2E-5	3.6E-5	3.1E-3	3.5E-3
14000	1.4E-2	4.3E-7	4.3E-7	6.7E-5	3.0E-5	2.6E-3	2.9E-3
15000	1.1E-2	3.5E-7	3.5E-7	5.5E-5	2.4E-5	2.2E-3	2.4E-3
16000	9.2E-3	2.9E-7	2.9E-7	4.5E-5	2.0E-5	1.8E-3	1.9E-3
17000	7.5E-3	2.4E-7	2.4E-7	3.7E-5	1.6E-5	1.5E-3	1.6E-3
18000	6.2E-3	1.9E-7	1.9E-7	3.0E-5	1.3E-5	1.2E-3	1.3E-3
18250	5.9E-3	1.8E-7	1.8E-7	2.9E-5	1.3E-5	1.2E-3	1.2E-3
