Radionuclide	Cd-113m
Route of Intake	Injection
Material	Injection, fA=5E-2
AMTD/AMAD, µm	-

Content in an Organ or Excreta Sample per Intake (Reference Bioassay Functions m(t)), Bq per Bq
Time, days	Whole Body	Urine (24-hour sample)	Faeces (24-hour sample)	Alimentary Tract*	Skeleton*	Liver*
0.041667	1.0E+0	-	-	2.3E-2	3.2E-3	4.2E-1
0.083333	1.0E+0	-	-	2.3E-2	3.2E-3	4.3E-1
0.125	1.0E+0	-	-	2.3E-2	3.3E-3	4.3E-1
0.25	1.0E+0	-	-	2.3E-2	3.3E-3	4.4E-1
0.375	1.0E+0	-	-	2.3E-2	3.4E-3	4.4E-1
0.5	1.0E+0	-	-	2.2E-2	3.4E-3	4.5E-1
0.625	1.0E+0	-	-	2.2E-2	3.5E-3	4.5E-1
0.75	1.0E+0	-	-	2.1E-2	3.5E-3	4.6E-1
0.875	1.0E+0	-	-	2.1E-2	3.6E-3	4.6E-1
1	9.9E-1	3.9E-3	1.2E-3	2.1E-2	3.6E-3	4.7E-1
1.125	9.9E-1	-	-	2.0E-2	3.7E-3	4.7E-1
1.25	9.9E-1	-	-	2.0E-2	3.7E-3	4.8E-1
1.375	9.9E-1	-	-	1.9E-2	3.7E-3	4.8E-1
1.5	9.9E-1	-	-	1.9E-2	3.8E-3	4.9E-1
1.625	9.9E-1	-	-	1.9E-2	3.8E-3	4.9E-1
1.75	9.9E-1	-	-	1.8E-2	3.9E-3	5.0E-1
1.875	9.9E-1	-	-	1.8E-2	3.9E-3	5.0E-1
2	9.9E-1	3.6E-4	1.8E-3	1.8E-2	3.9E-3	5.0E-1
2.25	9.9E-1	-	-	1.7E-2	4.0E-3	5.1E-1
2.5	9.9E-1	-	-	1.7E-2	4.1E-3	5.1E-1
2.75	9.9E-1	-	-	1.6E-2	4.1E-3	5.2E-1
3	9.9E-1	2.7E-4	9.5E-4	1.6E-2	4.2E-3	5.3E-1
3.25	9.9E-1	-	-	1.5E-2	4.2E-3	5.3E-1
3.5	9.9E-1	-	-	1.5E-2	4.3E-3	5.3E-1
3.75	9.9E-1	-	-	1.5E-2	4.3E-3	5.4E-1
4	9.9E-1	2.1E-4	4.6E-4	1.5E-2	4.3E-3	5.4E-1
4.25	9.9E-1	-	-	1.5E-2	4.4E-3	5.4E-1
4.5	9.9E-1	-	-	1.4E-2	4.4E-3	5.5E-1
4.75	9.9E-1	-	-	1.4E-2	4.5E-3	5.5E-1
5	9.9E-1	1.7E-4	2.8E-4	1.4E-2	4.5E-3	5.5E-1
5.5	9.9E-1	-	-	1.4E-2	4.6E-3	5.5E-1
6	9.9E-1	1.4E-4	2.0E-4	1.4E-2	4.6E-3	5.6E-1
6.5	9.9E-1	-	-	1.3E-2	4.7E-3	5.6E-1
7	9.9E-1	1.2E-4	1.6E-4	1.3E-2	4.7E-3	5.6E-1
7.5	9.9E-1	-	-	1.3E-2	4.8E-3	5.6E-1
8	9.9E-1	1.1E-4	1.3E-4	1.3E-2	4.8E-3	5.7E-1
8.5	9.9E-1	-	-	1.3E-2	4.9E-3	5.7E-1
9	9.9E-1	1.0E-4	1.2E-4	1.3E-2	4.9E-3	5.7E-1
9.5	9.9E-1	-	-	1.3E-2	5.0E-3	5.7E-1
10	9.9E-1	9.4E-5	1.1E-4	1.3E-2	5.0E-3	5.7E-1
11	9.9E-1	8.9E-5	9.7E-5	1.3E-2	5.1E-3	5.7E-1
12	9.9E-1	8.6E-5	9.1E-5	1.3E-2	5.2E-3	5.7E-1
13	9.9E-1	8.3E-5	8.7E-5	1.3E-2	5.2E-3	5.7E-1
14	9.9E-1	8.2E-5	8.5E-5	1.3E-2	5.3E-3	5.7E-1
15	9.9E-1	8.1E-5	8.3E-5	1.3E-2	5.4E-3	5.7E-1
16	9.9E-1	8.0E-5	8.1E-5	1.3E-2	5.4E-3	5.7E-1
17	9.9E-1	7.9E-5	8.0E-5	1.3E-2	5.5E-3	5.7E-1
18	9.9E-1	7.9E-5	7.9E-5	1.3E-2	5.6E-3	5.6E-1
19	9.9E-1	7.8E-5	7.9E-5	1.3E-2	5.6E-3	5.6E-1
20	9.8E-1	7.8E-5	7.8E-5	1.3E-2	5.7E-3	5.6E-1
21	9.8E-1	7.8E-5	7.8E-5	1.3E-2	5.8E-3	5.6E-1
22	9.8E-1	7.8E-5	7.8E-5	1.3E-2	5.8E-3	5.6E-1
23	9.8E-1	7.7E-5	7.8E-5	1.3E-2	5.9E-3	5.6E-1
24	9.8E-1	7.7E-5	7.8E-5	1.3E-2	6.0E-3	5.6E-1
25	9.8E-1	7.7E-5	7.7E-5	1.3E-2	6.1E-3	5.6E-1
26	9.8E-1	7.7E-5	7.7E-5	1.2E-2	6.1E-3	5.6E-1
27	9.8E-1	7.7E-5	7.7E-5	1.2E-2	6.2E-3	5.6E-1
28	9.8E-1	7.7E-5	7.7E-5	1.2E-2	6.3E-3	5.6E-1
29	9.8E-1	7.7E-5	7.7E-5	1.2E-2	6.3E-3	5.5E-1
30	9.8E-1	7.7E-5	7.7E-5	1.2E-2	6.4E-3	5.5E-1
31	9.8E-1	7.7E-5	7.7E-5	1.2E-2	6.5E-3	5.5E-1
32	9.8E-1	7.6E-5	7.7E-5	1.2E-2	6.5E-3	5.5E-1
33	9.8E-1	7.6E-5	7.6E-5	1.2E-2	6.6E-3	5.5E-1
34	9.8E-1	7.6E-5	7.6E-5	1.2E-2	6.7E-3	5.5E-1
35	9.8E-1	7.6E-5	7.6E-5	1.2E-2	6.7E-3	5.5E-1
36	9.8E-1	7.6E-5	7.6E-5	1.2E-2	6.8E-3	5.5E-1
37	9.8E-1	7.6E-5	7.6E-5	1.2E-2	6.9E-3	5.5E-1
38	9.8E-1	7.6E-5	7.6E-5	1.2E-2	6.9E-3	5.5E-1
39	9.8E-1	7.6E-5	7.6E-5	1.2E-2	7.0E-3	5.5E-1
40	9.8E-1	7.6E-5	7.6E-5	1.2E-2	7.1E-3	5.5E-1
41	9.8E-1	7.6E-5	7.6E-5	1.2E-2	7.1E-3	5.4E-1
42	9.8E-1	7.5E-5	7.6E-5	1.2E-2	7.2E-3	5.4E-1
43	9.8E-1	7.5E-5	7.6E-5	1.2E-2	7.2E-3	5.4E-1
44	9.8E-1	7.5E-5	7.5E-5	1.2E-2	7.3E-3	5.4E-1
45	9.8E-1	7.5E-5	7.5E-5	1.2E-2	7.4E-3	5.4E-1
46	9.8E-1	7.5E-5	7.5E-5	1.2E-2	7.4E-3	5.4E-1
47	9.8E-1	7.5E-5	7.5E-5	1.2E-2	7.5E-3	5.4E-1
48	9.8E-1	7.5E-5	7.5E-5	1.2E-2	7.6E-3	5.4E-1
49	9.8E-1	7.5E-5	7.5E-5	1.2E-2	7.6E-3	5.4E-1
50	9.8E-1	7.5E-5	7.5E-5	1.2E-2	7.7E-3	5.4E-1
51	9.8E-1	7.5E-5	7.5E-5	1.2E-2	7.8E-3	5.4E-1
52	9.8E-1	7.5E-5	7.5E-5	1.2E-2	7.8E-3	5.4E-1
53	9.8E-1	7.4E-5	7.5E-5	1.2E-2	7.9E-3	5.4E-1
54	9.8E-1	7.4E-5	7.4E-5	1.2E-2	8.0E-3	5.3E-1
55	9.7E-1	7.4E-5	7.4E-5	1.2E-2	8.0E-3	5.3E-1
56	9.7E-1	7.4E-5	7.4E-5	1.2E-2	8.1E-3	5.3E-1
57	9.7E-1	7.4E-5	7.4E-5	1.2E-2	8.2E-3	5.3E-1
58	9.7E-1	7.4E-5	7.4E-5	1.2E-2	8.2E-3	5.3E-1
59	9.7E-1	7.4E-5	7.4E-5	1.2E-2	8.3E-3	5.3E-1
60	9.7E-1	7.4E-5	7.4E-5	1.2E-2	8.3E-3	5.3E-1
61	9.7E-1	7.4E-5	7.4E-5	1.2E-2	8.4E-3	5.3E-1
62	9.7E-1	7.4E-5	7.4E-5	1.2E-2	8.5E-3	5.3E-1
63	9.7E-1	7.4E-5	7.4E-5	1.2E-2	8.5E-3	5.3E-1
64	9.7E-1	7.3E-5	7.4E-5	1.2E-2	8.6E-3	5.3E-1
65	9.7E-1	7.3E-5	7.3E-5	1.2E-2	8.7E-3	5.3E-1
66	9.7E-1	7.3E-5	7.3E-5	1.2E-2	8.7E-3	5.3E-1
67	9.7E-1	7.3E-5	7.3E-5	1.2E-2	8.8E-3	5.2E-1
68	9.7E-1	7.3E-5	7.3E-5	1.2E-2	8.9E-3	5.2E-1
69	9.7E-1	7.3E-5	7.3E-5	1.2E-2	8.9E-3	5.2E-1
70	9.7E-1	7.3E-5	7.3E-5	1.2E-2	9.0E-3	5.2E-1
71	9.7E-1	7.3E-5	7.3E-5	1.2E-2	9.0E-3	5.2E-1
72	9.7E-1	7.3E-5	7.3E-5	1.2E-2	9.1E-3	5.2E-1
73	9.7E-1	7.3E-5	7.3E-5	1.2E-2	9.2E-3	5.2E-1
74	9.7E-1	7.3E-5	7.3E-5	1.2E-2	9.2E-3	5.2E-1
75	9.7E-1	7.2E-5	7.3E-5	1.2E-2	9.3E-3	5.2E-1
76	9.7E-1	7.2E-5	7.2E-5	1.2E-2	9.4E-3	5.2E-1
77	9.7E-1	7.2E-5	7.2E-5	1.2E-2	9.4E-3	5.2E-1
78	9.7E-1	7.2E-5	7.2E-5	1.2E-2	9.5E-3	5.2E-1
79	9.7E-1	7.2E-5	7.2E-5	1.2E-2	9.5E-3	5.2E-1
80	9.7E-1	7.2E-5	7.2E-5	1.2E-2	9.6E-3	5.2E-1
81	9.7E-1	7.2E-5	7.2E-5	1.2E-2	9.7E-3	5.1E-1
82	9.7E-1	7.2E-5	7.2E-5	1.2E-2	9.7E-3	5.1E-1
83	9.7E-1	7.2E-5	7.2E-5	1.2E-2	9.8E-3	5.1E-1
84	9.7E-1	7.2E-5	7.2E-5	1.2E-2	9.8E-3	5.1E-1
85	9.7E-1	7.2E-5	7.2E-5	1.2E-2	9.9E-3	5.1E-1
86	9.7E-1	7.1E-5	7.2E-5	1.2E-2	1.0E-2	5.1E-1
87	9.7E-1	7.1E-5	7.1E-5	1.2E-2	1.0E-2	5.1E-1
88	9.7E-1	7.1E-5	7.1E-5	1.2E-2	1.0E-2	5.1E-1
89	9.7E-1	7.1E-5	7.1E-5	1.2E-2	1.0E-2	5.1E-1
90	9.7E-1	7.1E-5	7.1E-5	1.2E-2	1.0E-2	5.1E-1
91	9.6E-1	7.1E-5	7.1E-5	1.2E-2	1.0E-2	5.1E-1
92	9.6E-1	7.1E-5	7.1E-5	1.2E-2	1.0E-2	5.1E-1
93	9.6E-1	7.1E-5	7.1E-5	1.2E-2	1.0E-2	5.1E-1
94	9.6E-1	7.1E-5	7.1E-5	1.2E-2	1.0E-2	5.1E-1
95	9.6E-1	7.1E-5	7.1E-5	1.2E-2	1.1E-2	5.0E-1
96	9.6E-1	7.1E-5	7.1E-5	1.2E-2	1.1E-2	5.0E-1
97	9.6E-1	7.0E-5	7.1E-5	1.2E-2	1.1E-2	5.0E-1
98	9.6E-1	7.0E-5	7.1E-5	1.2E-2	1.1E-2	5.0E-1
99	9.6E-1	7.0E-5	7.0E-5	1.2E-2	1.1E-2	5.0E-1
100	9.6E-1	7.0E-5	7.0E-5	1.2E-2	1.1E-2	5.0E-1
110	9.6E-1	6.9E-5	6.9E-5	1.1E-2	1.1E-2	4.9E-1
120	9.6E-1	6.9E-5	6.9E-5	1.1E-2	1.2E-2	4.9E-1
130	9.5E-1	6.8E-5	6.8E-5	1.1E-2	1.3E-2	4.8E-1
140	9.5E-1	6.7E-5	6.7E-5	1.1E-2	1.3E-2	4.8E-1
150	9.5E-1	6.6E-5	6.6E-5	1.1E-2	1.4E-2	4.7E-1
160	9.5E-1	6.5E-5	6.6E-5	1.1E-2	1.4E-2	4.6E-1
170	9.4E-1	6.5E-5	6.5E-5	1.1E-2	1.5E-2	4.6E-1
180	9.4E-1	6.4E-5	6.4E-5	1.1E-2	1.5E-2	4.5E-1
190	9.4E-1	6.3E-5	6.3E-5	1.0E-2	1.6E-2	4.5E-1
200	9.4E-1	6.3E-5	6.3E-5	1.0E-2	1.6E-2	4.4E-1
210	9.3E-1	6.2E-5	6.2E-5	1.0E-2	1.7E-2	4.4E-1
220	9.3E-1	6.1E-5	6.1E-5	1.0E-2	1.7E-2	4.3E-1
230	9.3E-1	6.0E-5	6.1E-5	1.0E-2	1.8E-2	4.3E-1
240	9.3E-1	6.0E-5	6.0E-5	9.8E-3	1.8E-2	4.2E-1
250	9.2E-1	5.9E-5	5.9E-5	9.7E-3	1.9E-2	4.2E-1
260	9.2E-1	5.9E-5	5.9E-5	9.6E-3	1.9E-2	4.1E-1
270	9.2E-1	5.8E-5	5.8E-5	9.5E-3	2.0E-2	4.1E-1
280	9.2E-1	5.7E-5	5.7E-5	9.4E-3	2.0E-2	4.0E-1
290	9.1E-1	5.7E-5	5.7E-5	9.3E-3	2.1E-2	4.0E-1
300	9.1E-1	5.6E-5	5.6E-5	9.2E-3	2.1E-2	3.9E-1
310	9.1E-1	5.6E-5	5.6E-5	9.1E-3	2.1E-2	3.9E-1
320	9.1E-1	5.5E-5	5.5E-5	9.0E-3	2.2E-2	3.9E-1
330	9.1E-1	5.4E-5	5.5E-5	8.9E-3	2.2E-2	3.8E-1
340	9.0E-1	5.4E-5	5.4E-5	8.8E-3	2.3E-2	3.8E-1
350	9.0E-1	5.3E-5	5.3E-5	8.7E-3	2.3E-2	3.7E-1
360	9.0E-1	5.3E-5	5.3E-5	8.6E-3	2.4E-2	3.7E-1
365	9.0E-1	5.3E-5	5.3E-5	8.6E-3	2.4E-2	3.7E-1
370	9.0E-1	5.2E-5	5.2E-5	8.6E-3	2.4E-2	3.7E-1
380	8.9E-1	5.2E-5	5.2E-5	8.5E-3	2.4E-2	3.6E-1
390	8.9E-1	5.1E-5	5.1E-5	8.4E-3	2.5E-2	3.6E-1
400	8.9E-1	5.1E-5	5.1E-5	8.3E-3	2.5E-2	3.6E-1
410	8.9E-1	5.0E-5	5.0E-5	8.2E-3	2.5E-2	3.5E-1
420	8.8E-1	5.0E-5	5.0E-5	8.1E-3	2.6E-2	3.5E-1
430	8.8E-1	4.9E-5	5.0E-5	8.1E-3	2.6E-2	3.5E-1
440	8.8E-1	4.9E-5	4.9E-5	8.0E-3	2.6E-2	3.4E-1
450	8.8E-1	4.9E-5	4.9E-5	7.9E-3	2.7E-2	3.4E-1
460	8.8E-1	4.8E-5	4.8E-5	7.8E-3	2.7E-2	3.4E-1
470	8.7E-1	4.8E-5	4.8E-5	7.8E-3	2.8E-2	3.3E-1
480	8.7E-1	4.7E-5	4.7E-5	7.7E-3	2.8E-2	3.3E-1
490	8.7E-1	4.7E-5	4.7E-5	7.6E-3	2.8E-2	3.3E-1
500	8.7E-1	4.6E-5	4.7E-5	7.6E-3	2.9E-2	3.2E-1
510	8.7E-1	4.6E-5	4.6E-5	7.5E-3	2.9E-2	3.2E-1
520	8.6E-1	4.6E-5	4.6E-5	7.4E-3	2.9E-2	3.2E-1
530	8.6E-1	4.5E-5	4.5E-5	7.4E-3	2.9E-2	3.2E-1
540	8.6E-1	4.5E-5	4.5E-5	7.3E-3	3.0E-2	3.1E-1
550	8.6E-1	4.5E-5	4.5E-5	7.2E-3	3.0E-2	3.1E-1
560	8.6E-1	4.4E-5	4.4E-5	7.2E-3	3.0E-2	3.1E-1
570	8.5E-1	4.4E-5	4.4E-5	7.1E-3	3.1E-2	3.0E-1
580	8.5E-1	4.4E-5	4.4E-5	7.0E-3	3.1E-2	3.0E-1
590	8.5E-1	4.3E-5	4.3E-5	7.0E-3	3.1E-2	3.0E-1
600	8.5E-1	4.3E-5	4.3E-5	6.9E-3	3.2E-2	3.0E-1
610	8.5E-1	4.2E-5	4.3E-5	6.9E-3	3.2E-2	2.9E-1
620	8.4E-1	4.2E-5	4.2E-5	6.8E-3	3.2E-2	2.9E-1
630	8.4E-1	4.2E-5	4.2E-5	6.8E-3	3.2E-2	2.9E-1
640	8.4E-1	4.2E-5	4.2E-5	6.7E-3	3.3E-2	2.9E-1
650	8.4E-1	4.1E-5	4.1E-5	6.7E-3	3.3E-2	2.9E-1
660	8.4E-1	4.1E-5	4.1E-5	6.6E-3	3.3E-2	2.8E-1
670	8.3E-1	4.1E-5	4.1E-5	6.5E-3	3.3E-2	2.8E-1
680	8.3E-1	4.0E-5	4.0E-5	6.5E-3	3.4E-2	2.8E-1
690	8.3E-1	4.0E-5	4.0E-5	6.4E-3	3.4E-2	2.8E-1
700	8.3E-1	4.0E-5	4.0E-5	6.4E-3	3.4E-2	2.7E-1
710	8.3E-1	3.9E-5	3.9E-5	6.4E-3	3.4E-2	2.7E-1
720	8.2E-1	3.9E-5	3.9E-5	6.3E-3	3.5E-2	2.7E-1
730	8.2E-1	3.9E-5	3.9E-5	6.3E-3	3.5E-2	2.7E-1
740	8.2E-1	3.9E-5	3.9E-5	6.2E-3	3.5E-2	2.7E-1
750	8.2E-1	3.8E-5	3.8E-5	6.2E-3	3.5E-2	2.6E-1
760	8.2E-1	3.8E-5	3.8E-5	6.1E-3	3.6E-2	2.6E-1
770	8.1E-1	3.8E-5	3.8E-5	6.1E-3	3.6E-2	2.6E-1
780	8.1E-1	3.8E-5	3.8E-5	6.0E-3	3.6E-2	2.6E-1
790	8.1E-1	3.7E-5	3.7E-5	6.0E-3	3.6E-2	2.6E-1
800	8.1E-1	3.7E-5	3.7E-5	6.0E-3	3.6E-2	2.6E-1
810	8.1E-1	3.7E-5	3.7E-5	5.9E-3	3.7E-2	2.5E-1
820	8.1E-1	3.7E-5	3.7E-5	5.9E-3	3.7E-2	2.5E-1
830	8.0E-1	3.6E-5	3.6E-5	5.8E-3	3.7E-2	2.5E-1
840	8.0E-1	3.6E-5	3.6E-5	5.8E-3	3.7E-2	2.5E-1
850	8.0E-1	3.6E-5	3.6E-5	5.8E-3	3.7E-2	2.5E-1
860	8.0E-1	3.6E-5	3.6E-5	5.7E-3	3.8E-2	2.5E-1
870	8.0E-1	3.6E-5	3.6E-5	5.7E-3	3.8E-2	2.4E-1
880	7.9E-1	3.5E-5	3.5E-5	5.7E-3	3.8E-2	2.4E-1
890	7.9E-1	3.5E-5	3.5E-5	5.6E-3	3.8E-2	2.4E-1
900	7.9E-1	3.5E-5	3.5E-5	5.6E-3	3.8E-2	2.4E-1
910	7.9E-1	3.5E-5	3.5E-5	5.5E-3	3.9E-2	2.4E-1
920	7.9E-1	3.5E-5	3.5E-5	5.5E-3	3.9E-2	2.4E-1
930	7.9E-1	3.4E-5	3.4E-5	5.5E-3	3.9E-2	2.3E-1
940	7.8E-1	3.4E-5	3.4E-5	5.4E-3	3.9E-2	2.3E-1
950	7.8E-1	3.4E-5	3.4E-5	5.4E-3	3.9E-2	2.3E-1
960	7.8E-1	3.4E-5	3.4E-5	5.4E-3	3.9E-2	2.3E-1
970	7.8E-1	3.4E-5	3.4E-5	5.4E-3	4.0E-2	2.3E-1
980	7.8E-1	3.3E-5	3.3E-5	5.3E-3	4.0E-2	2.3E-1
990	7.8E-1	3.3E-5	3.3E-5	5.3E-3	4.0E-2	2.3E-1
1000	7.7E-1	3.3E-5	3.3E-5	5.3E-3	4.0E-2	2.3E-1
1010	7.7E-1	3.3E-5	3.3E-5	5.2E-3	4.0E-2	2.2E-1
1020	7.7E-1	3.3E-5	3.3E-5	5.2E-3	4.0E-2	2.2E-1
1030	7.7E-1	3.2E-5	3.3E-5	5.2E-3	4.1E-2	2.2E-1
1040	7.7E-1	3.2E-5	3.2E-5	5.1E-3	4.1E-2	2.2E-1
1050	7.7E-1	3.2E-5	3.2E-5	5.1E-3	4.1E-2	2.2E-1
1060	7.6E-1	3.2E-5	3.2E-5	5.1E-3	4.1E-2	2.2E-1
1070	7.6E-1	3.2E-5	3.2E-5	5.1E-3	4.1E-2	2.2E-1
1080	7.6E-1	3.2E-5	3.2E-5	5.0E-3	4.1E-2	2.2E-1
1090	7.6E-1	3.2E-5	3.2E-5	5.0E-3	4.2E-2	2.1E-1
1095	7.6E-1	3.1E-5	3.1E-5	5.0E-3	4.2E-2	2.1E-1
1100	7.6E-1	3.1E-5	3.1E-5	5.0E-3	4.2E-2	2.1E-1
1200	7.4E-1	3.0E-5	3.0E-5	4.7E-3	4.3E-2	2.0E-1
1300	7.3E-1	2.9E-5	2.9E-5	4.5E-3	4.4E-2	1.9E-1
1400	7.1E-1	2.8E-5	2.8E-5	4.3E-3	4.5E-2	1.9E-1
1500	6.9E-1	2.7E-5	2.7E-5	4.2E-3	4.6E-2	1.8E-1
1600	6.8E-1	2.6E-5	2.6E-5	4.0E-3	4.7E-2	1.7E-1
1700	6.7E-1	2.5E-5	2.5E-5	3.9E-3	4.8E-2	1.7E-1
1800	6.5E-1	2.4E-5	2.4E-5	3.8E-3	4.8E-2	1.6E-1
1900	6.4E-1	2.3E-5	2.3E-5	3.7E-3	4.9E-2	1.6E-1
2000	6.3E-1	2.3E-5	2.3E-5	3.6E-3	4.9E-2	1.5E-1
2100	6.1E-1	2.2E-5	2.2E-5	3.5E-3	4.9E-2	1.5E-1
2200	6.0E-1	2.1E-5	2.1E-5	3.4E-3	5.0E-2	1.4E-1
2300	5.9E-1	2.1E-5	2.1E-5	3.3E-3	5.0E-2	1.4E-1
2400	5.8E-1	2.0E-5	2.0E-5	3.2E-3	5.0E-2	1.4E-1
2500	5.6E-1	2.0E-5	2.0E-5	3.1E-3	5.0E-2	1.3E-1
2600	5.5E-1	1.9E-5	1.9E-5	3.0E-3	5.0E-2	1.3E-1
2700	5.4E-1	1.9E-5	1.9E-5	3.0E-3	5.0E-2	1.3E-1
2800	5.3E-1	1.9E-5	1.9E-5	2.9E-3	5.0E-2	1.2E-1
2900	5.2E-1	1.8E-5	1.8E-5	2.8E-3	5.0E-2	1.2E-1
3000	5.1E-1	1.8E-5	1.8E-5	2.8E-3	5.0E-2	1.2E-1
3100	5.0E-1	1.7E-5	1.7E-5	2.7E-3	5.0E-2	1.2E-1
3200	4.9E-1	1.7E-5	1.7E-5	2.6E-3	5.0E-2	1.1E-1
3300	4.8E-1	1.7E-5	1.7E-5	2.6E-3	5.0E-2	1.1E-1
3400	4.7E-1	1.6E-5	1.6E-5	2.5E-3	5.0E-2	1.1E-1
3500	4.6E-1	1.6E-5	1.6E-5	2.5E-3	4.9E-2	1.1E-1
3600	4.5E-1	1.5E-5	1.5E-5	2.4E-3	4.9E-2	1.0E-1
3650	4.5E-1	1.5E-5	1.5E-5	2.4E-3	4.9E-2	1.0E-1
4000	4.2E-1	1.4E-5	1.4E-5	2.2E-3	4.8E-2	9.5E-2
5000	3.4E-1	1.1E-5	1.1E-5	1.8E-3	4.4E-2	7.6E-2
6000	2.8E-1	9.2E-6	9.2E-6	1.4E-3	3.9E-2	6.2E-2
7000	2.3E-1	7.4E-6	7.4E-6	1.2E-3	3.5E-2	5.0E-2
8000	1.9E-1	6.0E-6	6.0E-6	9.4E-4	3.0E-2	4.0E-2
9000	1.5E-1	4.9E-6	4.9E-6	7.7E-4	2.6E-2	3.3E-2
10000	1.3E-1	4.0E-6	4.0E-6	6.3E-4	2.2E-2	2.7E-2
11000	1.0E-1	3.3E-6	3.3E-6	5.1E-4	1.8E-2	2.2E-2
12000	8.4E-2	2.7E-6	2.7E-6	4.2E-4	1.5E-2	1.8E-2
13000	6.9E-2	2.2E-6	2.2E-6	3.4E-4	1.3E-2	1.5E-2
14000	5.7E-2	1.8E-6	1.8E-6	2.8E-4	1.1E-2	1.2E-2
15000	4.6E-2	1.5E-6	1.5E-6	2.3E-4	9.0E-3	9.8E-3
16000	3.8E-2	1.2E-6	1.2E-6	1.9E-4	7.5E-3	8.0E-3
17000	3.1E-2	9.8E-7	9.8E-7	1.5E-4	6.2E-3	6.5E-3
18000	2.6E-2	8.0E-7	8.0E-7	1.3E-4	5.2E-3	5.4E-3
18250	2.4E-2	7.6E-7	7.6E-7	1.2E-4	4.9E-3	5.1E-3
