Radionuclide	Nd-144
Route of Intake	Inhalation
Material	Aerosols Type F, fA=5E-4
AMTD/AMAD, µm	0.001

Content in an Organ or Excreta Sample per Intake (Reference Bioassay Functions m(t)), Bq per Bq
Time, days	Whole Body	Urine (24-hour sample)	Faeces (24-hour sample)	Alimentary Tract*	Lungs*	Skeleton*	Liver*
0.041667	9.7E-1	-	-	3.2E-1	1.5E-1	1.6E-3	2.1E-3
0.083333	9.6E-1	-	-	3.7E-1	1.2E-1	3.2E-3	4.1E-3
0.125	9.5E-1	-	-	4.1E-1	1.1E-1	4.6E-3	5.9E-3
0.25	9.2E-1	-	-	4.9E-1	8.2E-2	8.1E-3	1.0E-2
0.375	9.0E-1	-	-	5.5E-1	6.7E-2	1.1E-2	1.4E-2
0.5	8.7E-1	-	-	5.8E-1	5.7E-2	1.3E-2	1.7E-2
0.625	8.5E-1	-	-	6.0E-1	4.9E-2	1.6E-2	2.0E-2
0.75	8.2E-1	-	-	6.1E-1	4.2E-2	1.8E-2	2.3E-2
0.875	7.9E-1	-	-	6.0E-1	3.7E-2	2.0E-2	2.5E-2
1	7.5E-1	4.0E-3	1.0E-1	5.8E-1	3.2E-2	2.1E-2	2.7E-2
1.125	7.1E-1	-	-	5.6E-1	2.7E-2	2.3E-2	2.9E-2
1.25	6.7E-1	-	-	5.3E-1	2.4E-2	2.4E-2	3.1E-2
1.375	6.2E-1	-	-	4.9E-1	2.0E-2	2.5E-2	3.2E-2
1.5	5.8E-1	-	-	4.6E-1	1.8E-2	2.6E-2	3.4E-2
1.625	5.3E-1	-	-	4.2E-1	1.5E-2	2.7E-2	3.5E-2
1.75	4.9E-1	-	-	3.8E-1	1.3E-2	2.8E-2	3.6E-2
1.875	4.5E-1	-	-	3.4E-1	1.1E-2	2.9E-2	3.7E-2
2	4.1E-1	1.9E-3	3.2E-1	3.1E-1	9.9E-3	2.9E-2	3.8E-2
2.25	3.4E-1	-	-	2.4E-1	7.5E-3	3.1E-2	3.9E-2
2.5	2.9E-1	-	-	1.9E-1	5.7E-3	3.2E-2	4.0E-2
2.75	2.4E-1	-	-	1.4E-1	4.3E-3	3.2E-2	4.1E-2
3	2.0E-1	8.7E-4	2.1E-1	1.1E-1	3.3E-3	3.3E-2	4.2E-2
3.25	1.7E-1	-	-	7.9E-2	2.5E-3	3.3E-2	4.3E-2
3.5	1.5E-1	-	-	5.8E-2	2.0E-3	3.4E-2	4.3E-2
3.75	1.4E-1	-	-	4.2E-2	1.6E-3	3.4E-2	4.4E-2
4	1.2E-1	4.2E-4	7.8E-2	3.0E-2	1.2E-3	3.4E-2	4.4E-2
4.25	1.1E-1	-	-	2.1E-2	1.0E-3	3.5E-2	4.4E-2
4.5	1.1E-1	-	-	1.5E-2	8.4E-4	3.5E-2	4.4E-2
4.75	1.0E-1	-	-	1.1E-2	7.1E-4	3.5E-2	4.4E-2
5	1.0E-1	2.3E-4	2.3E-2	7.6E-3	6.1E-4	3.5E-2	4.5E-2
5.5	9.6E-2	-	-	3.9E-3	4.8E-4	3.5E-2	4.5E-2
6	9.4E-2	1.5E-4	5.7E-3	2.0E-3	4.1E-4	3.5E-2	4.5E-2
6.5	9.3E-2	-	-	1.1E-3	3.7E-4	3.5E-2	4.5E-2
7	9.3E-2	1.1E-4	1.4E-3	7.3E-4	3.5E-4	3.5E-2	4.5E-2
7.5	9.2E-2	-	-	5.4E-4	3.3E-4	3.5E-2	4.5E-2
8	9.2E-2	9.1E-5	3.8E-4	4.5E-4	3.2E-4	3.5E-2	4.5E-2
8.5	9.2E-2	-	-	4.0E-4	3.2E-4	3.5E-2	4.5E-2
9	9.2E-2	7.9E-5	1.5E-4	3.8E-4	3.1E-4	3.5E-2	4.5E-2
9.5	9.2E-2	-	-	3.7E-4	3.1E-4	3.5E-2	4.5E-2
10	9.2E-2	7.0E-5	1.0E-4	3.6E-4	3.1E-4	3.5E-2	4.5E-2
11	9.2E-2	6.3E-5	9.2E-5	3.6E-4	3.0E-4	3.5E-2	4.5E-2
12	9.2E-2	5.7E-5	8.7E-5	3.5E-4	3.0E-4	3.5E-2	4.4E-2
13	9.1E-2	5.2E-5	8.5E-5	3.5E-4	2.9E-4	3.5E-2	4.4E-2
14	9.1E-2	4.8E-5	8.3E-5	3.4E-4	2.9E-4	3.5E-2	4.4E-2
15	9.1E-2	4.3E-5	8.1E-5	3.4E-4	2.9E-4	3.5E-2	4.4E-2
16	9.1E-2	4.0E-5	7.9E-5	3.4E-4	2.8E-4	3.5E-2	4.4E-2
17	9.1E-2	3.6E-5	7.7E-5	3.3E-4	2.8E-4	3.5E-2	4.4E-2
18	9.1E-2	3.3E-5	7.5E-5	3.3E-4	2.7E-4	3.5E-2	4.4E-2
19	9.1E-2	3.0E-5	7.4E-5	3.3E-4	2.7E-4	3.5E-2	4.4E-2
20	9.1E-2	2.8E-5	7.2E-5	3.3E-4	2.7E-4	3.5E-2	4.4E-2
21	9.1E-2	2.6E-5	7.1E-5	3.2E-4	2.6E-4	3.5E-2	4.4E-2
22	9.0E-2	2.4E-5	6.9E-5	3.2E-4	2.6E-4	3.6E-2	4.4E-2
23	9.0E-2	2.2E-5	6.7E-5	3.2E-4	2.6E-4	3.6E-2	4.4E-2
24	9.0E-2	2.0E-5	6.6E-5	3.2E-4	2.5E-4	3.6E-2	4.4E-2
25	9.0E-2	1.9E-5	6.5E-5	3.1E-4	2.5E-4	3.6E-2	4.4E-2
26	9.0E-2	1.7E-5	6.3E-5	3.1E-4	2.5E-4	3.6E-2	4.4E-2
27	9.0E-2	1.6E-5	6.2E-5	3.1E-4	2.4E-4	3.6E-2	4.4E-2
28	9.0E-2	1.5E-5	6.0E-5	3.1E-4	2.4E-4	3.6E-2	4.3E-2
29	9.0E-2	1.4E-5	5.9E-5	3.0E-4	2.4E-4	3.6E-2	4.3E-2
30	9.0E-2	1.3E-5	5.8E-5	3.0E-4	2.3E-4	3.6E-2	4.3E-2
31	9.0E-2	1.2E-5	5.6E-5	3.0E-4	2.3E-4	3.6E-2	4.3E-2
32	9.0E-2	1.1E-5	5.5E-5	3.0E-4	2.3E-4	3.6E-2	4.3E-2
33	9.0E-2	1.1E-5	5.4E-5	2.9E-4	2.3E-4	3.6E-2	4.3E-2
34	9.0E-2	1.0E-5	5.3E-5	2.9E-4	2.2E-4	3.6E-2	4.3E-2
35	9.0E-2	9.4E-6	5.2E-5	2.9E-4	2.2E-4	3.6E-2	4.3E-2
36	8.9E-2	8.9E-6	5.1E-5	2.9E-4	2.2E-4	3.6E-2	4.3E-2
37	8.9E-2	8.5E-6	5.0E-5	2.9E-4	2.1E-4	3.6E-2	4.3E-2
38	8.9E-2	8.1E-6	4.8E-5	2.8E-4	2.1E-4	3.6E-2	4.3E-2
39	8.9E-2	7.7E-6	4.7E-5	2.8E-4	2.1E-4	3.6E-2	4.3E-2
40	8.9E-2	7.4E-6	4.6E-5	2.8E-4	2.1E-4	3.6E-2	4.3E-2
41	8.9E-2	7.1E-6	4.5E-5	2.8E-4	2.1E-4	3.6E-2	4.3E-2
42	8.9E-2	6.8E-6	4.4E-5	2.8E-4	2.0E-4	3.6E-2	4.3E-2
43	8.9E-2	6.6E-6	4.3E-5	2.7E-4	2.0E-4	3.6E-2	4.3E-2
44	8.9E-2	6.4E-6	4.3E-5	2.7E-4	2.0E-4	3.6E-2	4.3E-2
45	8.9E-2	6.2E-6	4.2E-5	2.7E-4	2.0E-4	3.6E-2	4.3E-2
46	8.9E-2	6.0E-6	4.1E-5	2.7E-4	1.9E-4	3.6E-2	4.3E-2
47	8.9E-2	5.8E-6	4.0E-5	2.7E-4	1.9E-4	3.6E-2	4.3E-2
48	8.9E-2	5.7E-6	3.9E-5	2.7E-4	1.9E-4	3.6E-2	4.3E-2
49	8.9E-2	5.6E-6	3.8E-5	2.6E-4	1.9E-4	3.6E-2	4.2E-2
50	8.9E-2	5.5E-6	3.7E-5	2.6E-4	1.9E-4	3.6E-2	4.2E-2
51	8.9E-2	5.4E-6	3.7E-5	2.6E-4	1.8E-4	3.6E-2	4.2E-2
52	8.9E-2	5.3E-6	3.6E-5	2.6E-4	1.8E-4	3.6E-2	4.2E-2
53	8.9E-2	5.2E-6	3.5E-5	2.6E-4	1.8E-4	3.6E-2	4.2E-2
54	8.9E-2	5.1E-6	3.4E-5	2.6E-4	1.8E-4	3.6E-2	4.2E-2
55	8.9E-2	5.0E-6	3.4E-5	2.6E-4	1.8E-4	3.6E-2	4.2E-2
56	8.9E-2	5.0E-6	3.3E-5	2.5E-4	1.7E-4	3.6E-2	4.2E-2
57	8.8E-2	4.9E-6	3.2E-5	2.5E-4	1.7E-4	3.6E-2	4.2E-2
58	8.8E-2	4.9E-6	3.2E-5	2.5E-4	1.7E-4	3.6E-2	4.2E-2
59	8.8E-2	4.9E-6	3.1E-5	2.5E-4	1.7E-4	3.6E-2	4.2E-2
60	8.8E-2	4.8E-6	3.0E-5	2.5E-4	1.7E-4	3.6E-2	4.2E-2
61	8.8E-2	4.8E-6	3.0E-5	2.5E-4	1.7E-4	3.6E-2	4.2E-2
62	8.8E-2	4.8E-6	2.9E-5	2.5E-4	1.6E-4	3.6E-2	4.2E-2
63	8.8E-2	4.7E-6	2.8E-5	2.5E-4	1.6E-4	3.6E-2	4.2E-2
64	8.8E-2	4.7E-6	2.8E-5	2.5E-4	1.6E-4	3.6E-2	4.2E-2
65	8.8E-2	4.7E-6	2.7E-5	2.4E-4	1.6E-4	3.6E-2	4.2E-2
66	8.8E-2	4.7E-6	2.7E-5	2.4E-4	1.6E-4	3.6E-2	4.2E-2
67	8.8E-2	4.7E-6	2.6E-5	2.4E-4	1.6E-4	3.6E-2	4.2E-2
68	8.8E-2	4.7E-6	2.6E-5	2.4E-4	1.5E-4	3.6E-2	4.2E-2
69	8.8E-2	4.7E-6	2.5E-5	2.4E-4	1.5E-4	3.6E-2	4.2E-2
70	8.8E-2	4.6E-6	2.5E-5	2.4E-4	1.5E-4	3.6E-2	4.2E-2
71	8.8E-2	4.6E-6	2.4E-5	2.4E-4	1.5E-4	3.6E-2	4.2E-2
72	8.8E-2	4.6E-6	2.4E-5	2.4E-4	1.5E-4	3.6E-2	4.2E-2
73	8.8E-2	4.6E-6	2.3E-5	2.4E-4	1.5E-4	3.6E-2	4.2E-2
74	8.8E-2	4.6E-6	2.3E-5	2.3E-4	1.5E-4	3.6E-2	4.2E-2
75	8.8E-2	4.6E-6	2.2E-5	2.3E-4	1.5E-4	3.6E-2	4.2E-2
76	8.8E-2	4.6E-6	2.2E-5	2.3E-4	1.4E-4	3.6E-2	4.2E-2
77	8.8E-2	4.6E-6	2.1E-5	2.3E-4	1.4E-4	3.6E-2	4.2E-2
78	8.8E-2	4.6E-6	2.1E-5	2.3E-4	1.4E-4	3.6E-2	4.2E-2
79	8.8E-2	4.6E-6	2.1E-5	2.3E-4	1.4E-4	3.6E-2	4.2E-2
80	8.8E-2	4.6E-6	2.0E-5	2.3E-4	1.4E-4	3.6E-2	4.1E-2
81	8.8E-2	4.6E-6	2.0E-5	2.3E-4	1.4E-4	3.6E-2	4.1E-2
82	8.8E-2	4.6E-6	1.9E-5	2.3E-4	1.4E-4	3.6E-2	4.1E-2
83	8.8E-2	4.6E-6	1.9E-5	2.3E-4	1.4E-4	3.6E-2	4.1E-2
84	8.8E-2	4.6E-6	1.9E-5	2.3E-4	1.4E-4	3.6E-2	4.1E-2
85	8.8E-2	4.6E-6	1.8E-5	2.3E-4	1.3E-4	3.6E-2	4.1E-2
86	8.8E-2	4.6E-6	1.8E-5	2.2E-4	1.3E-4	3.6E-2	4.1E-2
87	8.8E-2	4.7E-6	1.8E-5	2.2E-4	1.3E-4	3.6E-2	4.1E-2
88	8.8E-2	4.7E-6	1.7E-5	2.2E-4	1.3E-4	3.6E-2	4.1E-2
89	8.8E-2	4.7E-6	1.7E-5	2.2E-4	1.3E-4	3.6E-2	4.1E-2
90	8.8E-2	4.7E-6	1.7E-5	2.2E-4	1.3E-4	3.6E-2	4.1E-2
91	8.8E-2	4.7E-6	1.6E-5	2.2E-4	1.3E-4	3.6E-2	4.1E-2
92	8.8E-2	4.7E-6	1.6E-5	2.2E-4	1.3E-4	3.7E-2	4.1E-2
93	8.8E-2	4.7E-6	1.6E-5	2.2E-4	1.3E-4	3.7E-2	4.1E-2
94	8.7E-2	4.7E-6	1.5E-5	2.2E-4	1.3E-4	3.7E-2	4.1E-2
95	8.7E-2	4.7E-6	1.5E-5	2.2E-4	1.2E-4	3.7E-2	4.1E-2
96	8.7E-2	4.7E-6	1.5E-5	2.2E-4	1.2E-4	3.7E-2	4.1E-2
97	8.7E-2	4.7E-6	1.5E-5	2.2E-4	1.2E-4	3.7E-2	4.1E-2
98	8.7E-2	4.7E-6	1.4E-5	2.2E-4	1.2E-4	3.7E-2	4.1E-2
99	8.7E-2	4.7E-6	1.4E-5	2.2E-4	1.2E-4	3.7E-2	4.1E-2
100	8.7E-2	4.7E-6	1.4E-5	2.2E-4	1.2E-4	3.7E-2	4.1E-2
110	8.7E-2	4.7E-6	1.2E-5	2.1E-4	1.1E-4	3.7E-2	4.1E-2
120	8.7E-2	4.8E-6	9.8E-6	2.1E-4	1.1E-4	3.7E-2	4.1E-2
130	8.7E-2	4.8E-6	8.5E-6	2.0E-4	1.0E-4	3.7E-2	4.0E-2
140	8.7E-2	4.8E-6	7.4E-6	2.0E-4	9.8E-5	3.7E-2	4.0E-2
150	8.7E-2	4.8E-6	6.5E-6	2.0E-4	9.5E-5	3.7E-2	4.0E-2
160	8.7E-2	4.8E-6	5.8E-6	1.9E-4	9.2E-5	3.7E-2	4.0E-2
170	8.6E-2	4.8E-6	5.2E-6	1.9E-4	8.9E-5	3.8E-2	4.0E-2
180	8.6E-2	4.8E-6	4.8E-6	1.9E-4	8.7E-5	3.8E-2	4.0E-2
190	8.6E-2	4.8E-6	4.5E-6	1.9E-4	8.5E-5	3.8E-2	4.0E-2
200	8.6E-2	4.8E-6	4.2E-6	1.8E-4	8.3E-5	3.8E-2	3.9E-2
210	8.6E-2	4.8E-6	4.0E-6	1.8E-4	8.2E-5	3.8E-2	3.9E-2
220	8.6E-2	4.8E-6	3.8E-6	1.8E-4	8.1E-5	3.8E-2	3.9E-2
230	8.6E-2	4.8E-6	3.6E-6	1.8E-4	8.0E-5	3.8E-2	3.9E-2
240	8.6E-2	4.8E-6	3.5E-6	1.8E-4	7.9E-5	3.8E-2	3.9E-2
250	8.6E-2	4.8E-6	3.4E-6	1.8E-4	7.8E-5	3.8E-2	3.9E-2
260	8.6E-2	4.8E-6	3.4E-6	1.8E-4	7.7E-5	3.9E-2	3.9E-2
270	8.6E-2	4.8E-6	3.3E-6	1.7E-4	7.6E-5	3.9E-2	3.8E-2
280	8.5E-2	4.8E-6	3.3E-6	1.7E-4	7.5E-5	3.9E-2	3.8E-2
290	8.5E-2	4.7E-6	3.2E-6	1.7E-4	7.5E-5	3.9E-2	3.8E-2
300	8.5E-2	4.7E-6	3.2E-6	1.7E-4	7.4E-5	3.9E-2	3.8E-2
310	8.5E-2	4.7E-6	3.2E-6	1.7E-4	7.3E-5	3.9E-2	3.8E-2
320	8.5E-2	4.7E-6	3.1E-6	1.7E-4	7.3E-5	3.9E-2	3.8E-2
330	8.5E-2	4.7E-6	3.1E-6	1.7E-4	7.2E-5	3.9E-2	3.8E-2
340	8.5E-2	4.7E-6	3.1E-6	1.7E-4	7.2E-5	3.9E-2	3.8E-2
350	8.5E-2	4.7E-6	3.1E-6	1.7E-4	7.1E-5	4.0E-2	3.7E-2
360	8.5E-2	4.7E-6	3.1E-6	1.6E-4	7.1E-5	4.0E-2	3.7E-2
365	8.5E-2	4.6E-6	3.1E-6	1.6E-4	7.0E-5	4.0E-2	3.7E-2
370	8.5E-2	4.6E-6	3.1E-6	1.6E-4	7.0E-5	4.0E-2	3.7E-2
380	8.5E-2	4.6E-6	3.0E-6	1.6E-4	7.0E-5	4.0E-2	3.7E-2
390	8.5E-2	4.6E-6	3.0E-6	1.6E-4	6.9E-5	4.0E-2	3.7E-2
400	8.5E-2	4.6E-6	3.0E-6	1.6E-4	6.9E-5	4.0E-2	3.7E-2
410	8.4E-2	4.6E-6	3.0E-6	1.6E-4	6.8E-5	4.0E-2	3.7E-2
420	8.4E-2	4.6E-6	3.0E-6	1.6E-4	6.8E-5	4.0E-2	3.7E-2
430	8.4E-2	4.6E-6	3.0E-6	1.6E-4	6.8E-5	4.0E-2	3.6E-2
440	8.4E-2	4.5E-6	3.0E-6	1.6E-4	6.7E-5	4.0E-2	3.6E-2
450	8.4E-2	4.5E-6	3.0E-6	1.6E-4	6.7E-5	4.0E-2	3.6E-2
460	8.4E-2	4.5E-6	3.0E-6	1.6E-4	6.6E-5	4.1E-2	3.6E-2
470	8.4E-2	4.5E-6	2.9E-6	1.5E-4	6.6E-5	4.1E-2	3.6E-2
480	8.4E-2	4.5E-6	2.9E-6	1.5E-4	6.6E-5	4.1E-2	3.6E-2
490	8.4E-2	4.5E-6	2.9E-6	1.5E-4	6.5E-5	4.1E-2	3.6E-2
500	8.4E-2	4.5E-6	2.9E-6	1.5E-4	6.5E-5	4.1E-2	3.6E-2
510	8.4E-2	4.4E-6	2.9E-6	1.5E-4	6.5E-5	4.1E-2	3.6E-2
520	8.4E-2	4.4E-6	2.9E-6	1.5E-4	6.4E-5	4.1E-2	3.5E-2
530	8.4E-2	4.4E-6	2.9E-6	1.5E-4	6.4E-5	4.1E-2	3.5E-2
540	8.4E-2	4.4E-6	2.9E-6	1.5E-4	6.4E-5	4.1E-2	3.5E-2
550	8.3E-2	4.4E-6	2.9E-6	1.5E-4	6.3E-5	4.1E-2	3.5E-2
560	8.3E-2	4.4E-6	2.9E-6	1.5E-4	6.3E-5	4.1E-2	3.5E-2
570	8.3E-2	4.4E-6	2.9E-6	1.5E-4	6.3E-5	4.1E-2	3.5E-2
580	8.3E-2	4.3E-6	2.8E-6	1.5E-4	6.2E-5	4.1E-2	3.5E-2
590	8.3E-2	4.3E-6	2.8E-6	1.5E-4	6.2E-5	4.2E-2	3.5E-2
600	8.3E-2	4.3E-6	2.8E-6	1.4E-4	6.2E-5	4.2E-2	3.5E-2
610	8.3E-2	4.3E-6	2.8E-6	1.4E-4	6.2E-5	4.2E-2	3.4E-2
620	8.3E-2	4.3E-6	2.8E-6	1.4E-4	6.1E-5	4.2E-2	3.4E-2
630	8.3E-2	4.3E-6	2.8E-6	1.4E-4	6.1E-5	4.2E-2	3.4E-2
640	8.3E-2	4.3E-6	2.8E-6	1.4E-4	6.1E-5	4.2E-2	3.4E-2
650	8.3E-2	4.3E-6	2.8E-6	1.4E-4	6.1E-5	4.2E-2	3.4E-2
660	8.3E-2	4.2E-6	2.8E-6	1.4E-4	6.0E-5	4.2E-2	3.4E-2
670	8.3E-2	4.2E-6	2.8E-6	1.4E-4	6.0E-5	4.2E-2	3.4E-2
680	8.3E-2	4.2E-6	2.8E-6	1.4E-4	6.0E-5	4.2E-2	3.4E-2
690	8.2E-2	4.2E-6	2.8E-6	1.4E-4	6.0E-5	4.2E-2	3.4E-2
700	8.2E-2	4.2E-6	2.7E-6	1.4E-4	5.9E-5	4.2E-2	3.3E-2
710	8.2E-2	4.2E-6	2.7E-6	1.4E-4	5.9E-5	4.2E-2	3.3E-2
720	8.2E-2	4.2E-6	2.7E-6	1.4E-4	5.9E-5	4.2E-2	3.3E-2
730	8.2E-2	4.1E-6	2.7E-6	1.4E-4	5.9E-5	4.3E-2	3.3E-2
740	8.2E-2	4.1E-6	2.7E-6	1.4E-4	5.8E-5	4.3E-2	3.3E-2
750	8.2E-2	4.1E-6	2.7E-6	1.4E-4	5.8E-5	4.3E-2	3.3E-2
760	8.2E-2	4.1E-6	2.7E-6	1.4E-4	5.8E-5	4.3E-2	3.3E-2
770	8.2E-2	4.1E-6	2.7E-6	1.4E-4	5.8E-5	4.3E-2	3.3E-2
780	8.2E-2	4.1E-6	2.7E-6	1.3E-4	5.8E-5	4.3E-2	3.3E-2
790	8.2E-2	4.1E-6	2.7E-6	1.3E-4	5.7E-5	4.3E-2	3.2E-2
800	8.2E-2	4.1E-6	2.7E-6	1.3E-4	5.7E-5	4.3E-2	3.2E-2
810	8.2E-2	4.0E-6	2.7E-6	1.3E-4	5.7E-5	4.3E-2	3.2E-2
820	8.2E-2	4.0E-6	2.6E-6	1.3E-4	5.7E-5	4.3E-2	3.2E-2
830	8.1E-2	4.0E-6	2.6E-6	1.3E-4	5.7E-5	4.3E-2	3.2E-2
840	8.1E-2	4.0E-6	2.6E-6	1.3E-4	5.6E-5	4.3E-2	3.2E-2
850	8.1E-2	4.0E-6	2.6E-6	1.3E-4	5.6E-5	4.3E-2	3.2E-2
860	8.1E-2	4.0E-6	2.6E-6	1.3E-4	5.6E-5	4.3E-2	3.2E-2
870	8.1E-2	4.0E-6	2.6E-6	1.3E-4	5.6E-5	4.3E-2	3.2E-2
880	8.1E-2	4.0E-6	2.6E-6	1.3E-4	5.6E-5	4.3E-2	3.2E-2
890	8.1E-2	4.0E-6	2.6E-6	1.3E-4	5.5E-5	4.3E-2	3.1E-2
900	8.1E-2	3.9E-6	2.6E-6	1.3E-4	5.5E-5	4.4E-2	3.1E-2
910	8.1E-2	3.9E-6	2.6E-6	1.3E-4	5.5E-5	4.4E-2	3.1E-2
920	8.1E-2	3.9E-6	2.6E-6	1.3E-4	5.5E-5	4.4E-2	3.1E-2
930	8.1E-2	3.9E-6	2.6E-6	1.3E-4	5.5E-5	4.4E-2	3.1E-2
940	8.1E-2	3.9E-6	2.6E-6	1.3E-4	5.5E-5	4.4E-2	3.1E-2
950	8.1E-2	3.9E-6	2.5E-6	1.3E-4	5.4E-5	4.4E-2	3.1E-2
960	8.1E-2	3.9E-6	2.5E-6	1.3E-4	5.4E-5	4.4E-2	3.1E-2
970	8.1E-2	3.9E-6	2.5E-6	1.3E-4	5.4E-5	4.4E-2	3.1E-2
980	8.1E-2	3.9E-6	2.5E-6	1.3E-4	5.4E-5	4.4E-2	3.1E-2
990	8.0E-2	3.8E-6	2.5E-6	1.3E-4	5.4E-5	4.4E-2	3.0E-2
1000	8.0E-2	3.8E-6	2.5E-6	1.3E-4	5.4E-5	4.4E-2	3.0E-2
1010	8.0E-2	3.8E-6	2.5E-6	1.3E-4	5.4E-5	4.4E-2	3.0E-2
1020	8.0E-2	3.8E-6	2.5E-6	1.3E-4	5.3E-5	4.4E-2	3.0E-2
1030	8.0E-2	3.8E-6	2.5E-6	1.2E-4	5.3E-5	4.4E-2	3.0E-2
1040	8.0E-2	3.8E-6	2.5E-6	1.2E-4	5.3E-5	4.4E-2	3.0E-2
1050	8.0E-2	3.8E-6	2.5E-6	1.2E-4	5.3E-5	4.4E-2	3.0E-2
1060	8.0E-2	3.8E-6	2.5E-6	1.2E-4	5.3E-5	4.4E-2	3.0E-2
1070	8.0E-2	3.8E-6	2.5E-6	1.2E-4	5.3E-5	4.4E-2	3.0E-2
1080	8.0E-2	3.7E-6	2.5E-6	1.2E-4	5.3E-5	4.4E-2	3.0E-2
1090	8.0E-2	3.7E-6	2.4E-6	1.2E-4	5.3E-5	4.4E-2	2.9E-2
1095	8.0E-2	3.7E-6	2.4E-6	1.2E-4	5.2E-5	4.4E-2	2.9E-2
1100	8.0E-2	3.7E-6	2.4E-6	1.2E-4	5.2E-5	4.5E-2	2.9E-2
1200	7.9E-2	3.6E-6	2.4E-6	1.2E-4	5.1E-5	4.5E-2	2.8E-2
1300	7.9E-2	3.5E-6	2.3E-6	1.2E-4	5.0E-5	4.5E-2	2.8E-2
1400	7.8E-2	3.4E-6	2.3E-6	1.2E-4	5.0E-5	4.6E-2	2.7E-2
1500	7.7E-2	3.4E-6	2.2E-6	1.1E-4	4.9E-5	4.6E-2	2.6E-2
1600	7.7E-2	3.3E-6	2.1E-6	1.1E-4	4.8E-5	4.6E-2	2.5E-2
1700	7.6E-2	3.2E-6	2.1E-6	1.1E-4	4.8E-5	4.7E-2	2.4E-2
1800	7.6E-2	3.1E-6	2.0E-6	1.1E-4	4.7E-5	4.7E-2	2.4E-2
1900	7.5E-2	3.1E-6	2.0E-6	1.1E-4	4.7E-5	4.7E-2	2.3E-2
2000	7.5E-2	3.0E-6	2.0E-6	1.1E-4	4.7E-5	4.7E-2	2.2E-2
2100	7.4E-2	2.9E-6	1.9E-6	1.1E-4	4.6E-5	4.7E-2	2.2E-2
2200	7.4E-2	2.9E-6	1.9E-6	1.1E-4	4.6E-5	4.8E-2	2.1E-2
2300	7.3E-2	2.8E-6	1.8E-6	1.1E-4	4.6E-5	4.8E-2	2.1E-2
2400	7.3E-2	2.8E-6	1.8E-6	1.1E-4	4.6E-5	4.8E-2	2.0E-2
2500	7.2E-2	2.7E-6	1.8E-6	1.1E-4	4.5E-5	4.8E-2	2.0E-2
2600	7.2E-2	2.6E-6	1.7E-6	1.1E-4	4.5E-5	4.8E-2	1.9E-2
2700	7.2E-2	2.6E-6	1.7E-6	1.0E-4	4.5E-5	4.8E-2	1.9E-2
2800	7.1E-2	2.5E-6	1.7E-6	1.0E-4	4.5E-5	4.8E-2	1.8E-2
2900	7.1E-2	2.5E-6	1.6E-6	1.0E-4	4.5E-5	4.8E-2	1.8E-2
3000	7.0E-2	2.5E-6	1.6E-6	1.0E-4	4.5E-5	4.8E-2	1.7E-2
3100	7.0E-2	2.4E-6	1.6E-6	1.0E-4	4.4E-5	4.8E-2	1.7E-2
3200	7.0E-2	2.4E-6	1.5E-6	1.0E-4	4.4E-5	4.8E-2	1.6E-2
3300	6.9E-2	2.3E-6	1.5E-6	1.0E-4	4.4E-5	4.8E-2	1.6E-2
3400	6.9E-2	2.3E-6	1.5E-6	1.0E-4	4.4E-5	4.8E-2	1.6E-2
3500	6.8E-2	2.3E-6	1.5E-6	1.0E-4	4.4E-5	4.8E-2	1.5E-2
3600	6.8E-2	2.2E-6	1.4E-6	1.0E-4	4.4E-5	4.8E-2	1.5E-2
3650	6.8E-2	2.2E-6	1.4E-6	1.0E-4	4.4E-5	4.8E-2	1.5E-2
4000	6.7E-2	2.1E-6	1.4E-6	1.0E-4	4.3E-5	4.8E-2	1.4E-2
5000	6.3E-2	1.8E-6	1.2E-6	9.6E-5	4.2E-5	4.7E-2	1.2E-2
6000	6.1E-2	1.6E-6	1.0E-6	9.3E-5	4.0E-5	4.6E-2	9.9E-3
7000	5.8E-2	1.4E-6	9.3E-7	8.9E-5	3.9E-5	4.5E-2	8.6E-3
8000	5.6E-2	1.3E-6	8.5E-7	8.5E-5	3.7E-5	4.4E-2	7.7E-3
9000	5.4E-2	1.2E-6	7.8E-7	8.1E-5	3.5E-5	4.3E-2	7.0E-3
10000	5.2E-2	1.1E-6	7.3E-7	7.8E-5	3.4E-5	4.2E-2	6.4E-3
11000	5.0E-2	1.1E-6	6.8E-7	7.4E-5	3.2E-5	4.1E-2	6.0E-3
12000	4.8E-2	9.9E-7	6.4E-7	7.1E-5	3.1E-5	3.9E-2	5.6E-3
13000	4.7E-2	9.4E-7	6.1E-7	6.8E-5	2.9E-5	3.8E-2	5.3E-3
14000	4.5E-2	9.0E-7	5.8E-7	6.5E-5	2.8E-5	3.7E-2	5.0E-3
15000	4.4E-2	8.6E-7	5.6E-7	6.2E-5	2.7E-5	3.6E-2	4.8E-3
16000	4.2E-2	8.2E-7	5.3E-7	5.9E-5	2.6E-5	3.5E-2	4.5E-3
17000	4.1E-2	7.9E-7	5.1E-7	5.7E-5	2.5E-5	3.4E-2	4.4E-3
18000	4.0E-2	7.6E-7	4.9E-7	5.4E-5	2.4E-5	3.3E-2	4.2E-3
18250	4.0E-2	7.6E-7	4.9E-7	5.4E-5	2.3E-5	3.3E-2	4.1E-3
