Radionuclide	Re-184m
Route of Intake	Inhalation
Material	Aerosols Type M, fA=0.18
AMTD/AMAD, µm	1

Content in an Organ or Excreta Sample per Intake (Reference Bioassay Functions m(t)), Bq per Bq
Time, days	Whole Body	Urine (24-hour sample)	Faeces (24-hour sample)	Alimentary Tract*	Lungs*	Thyroid*	Skeleton*	Liver*
0.041667	5.1E-1	-	-	1.4E-1	1.3E-1	1.3E-4	1.9E-4	4.4E-4
0.083333	5.0E-1	-	-	1.6E-1	1.2E-1	2.6E-4	4.1E-4	1.1E-3
0.125	5.0E-1	-	-	1.7E-1	1.2E-1	3.8E-4	6.5E-4	1.8E-3
0.25	4.8E-1	-	-	2.0E-1	1.1E-1	6.1E-4	1.4E-3	3.7E-3
0.375	4.7E-1	-	-	2.2E-1	1.1E-1	7.0E-4	2.0E-3	4.7E-3
0.5	4.6E-1	-	-	2.3E-1	1.0E-1	7.1E-4	2.6E-3	5.0E-3
0.625	4.4E-1	-	-	2.4E-1	1.0E-1	7.0E-4	3.0E-3	4.8E-3
0.75	4.3E-1	-	-	2.4E-1	1.0E-1	6.6E-4	3.4E-3	4.4E-3
0.875	4.1E-1	-	-	2.4E-1	9.8E-2	6.2E-4	3.6E-3	3.9E-3
1	4.0E-1	1.3E-2	3.9E-2	2.3E-1	9.7E-2	5.8E-4	3.8E-3	3.5E-3
1.125	3.8E-1	-	-	2.3E-1	9.7E-2	5.4E-4	3.9E-3	3.0E-3
1.25	3.6E-1	-	-	2.2E-1	9.6E-2	5.0E-4	4.0E-3	2.7E-3
1.375	3.4E-1	-	-	2.0E-1	9.5E-2	4.6E-4	4.0E-3	2.4E-3
1.5	3.3E-1	-	-	1.9E-1	9.5E-2	4.2E-4	4.0E-3	2.1E-3
1.625	3.1E-1	-	-	1.8E-1	9.4E-2	3.9E-4	3.9E-3	1.9E-3
1.75	2.9E-1	-	-	1.6E-1	9.4E-2	3.6E-4	3.9E-3	1.7E-3
1.875	2.7E-1	-	-	1.5E-1	9.3E-2	3.4E-4	3.8E-3	1.6E-3
2	2.6E-1	7.2E-3	1.2E-1	1.4E-1	9.3E-2	3.1E-4	3.7E-3	1.4E-3
2.25	2.3E-1	-	-	1.1E-1	9.2E-2	2.7E-4	3.5E-3	1.3E-3
2.5	2.1E-1	-	-	9.0E-2	9.2E-2	2.4E-4	3.4E-3	1.2E-3
2.75	1.9E-1	-	-	7.2E-2	9.1E-2	2.1E-4	3.2E-3	1.1E-3
3	1.7E-1	3.0E-3	8.5E-2	5.8E-2	9.0E-2	1.9E-4	3.0E-3	1.0E-3
3.25	1.6E-1	-	-	4.6E-2	9.0E-2	1.7E-4	2.8E-3	9.6E-4
3.5	1.4E-1	-	-	3.7E-2	8.9E-2	1.5E-4	2.6E-3	9.2E-4
3.75	1.4E-1	-	-	3.0E-2	8.9E-2	1.4E-4	2.5E-3	8.9E-4
4	1.3E-1	1.9E-3	3.8E-2	2.4E-2	8.8E-2	1.2E-4	2.3E-3	8.6E-4
4.25	1.2E-1	-	-	2.0E-2	8.8E-2	1.1E-4	2.2E-3	8.4E-4
4.5	1.2E-1	-	-	1.7E-2	8.7E-2	1.0E-4	2.1E-3	8.2E-4
4.75	1.1E-1	-	-	1.4E-2	8.7E-2	9.6E-5	1.9E-3	8.0E-4
5	1.1E-1	1.4E-3	1.5E-2	1.2E-2	8.6E-2	8.9E-5	1.8E-3	7.8E-4
5.5	1.1E-1	-	-	9.5E-3	8.5E-2	7.7E-5	1.6E-3	7.4E-4
6	1.0E-1	1.1E-3	7.0E-3	7.8E-3	8.4E-2	6.8E-5	1.4E-3	7.1E-4
6.5	1.0E-1	-	-	6.6E-3	8.4E-2	6.0E-5	1.3E-3	6.8E-4
7	9.8E-2	9.0E-4	4.1E-3	5.7E-3	8.3E-2	5.3E-5	1.1E-3	6.6E-4
7.5	9.6E-2	-	-	5.0E-3	8.2E-2	4.7E-5	1.0E-3	6.4E-4
8	9.4E-2	7.3E-4	2.9E-3	4.5E-3	8.1E-2	4.2E-5	9.1E-4	6.2E-4
8.5	9.2E-2	-	-	4.0E-3	8.1E-2	3.8E-5	8.2E-4	6.0E-4
9	9.1E-2	5.9E-4	2.3E-3	3.7E-3	8.0E-2	3.5E-5	7.4E-4	5.8E-4
9.5	8.9E-2	-	-	3.3E-3	7.9E-2	3.2E-5	6.7E-4	5.6E-4
10	8.8E-2	5.0E-4	1.8E-3	3.0E-3	7.9E-2	2.9E-5	6.1E-4	5.5E-4
11	8.6E-2	4.2E-4	1.5E-3	2.6E-3	7.8E-2	2.4E-5	5.2E-4	5.2E-4
12	8.4E-2	3.6E-4	1.3E-3	2.2E-3	7.7E-2	2.1E-5	4.4E-4	5.0E-4
13	8.2E-2	3.1E-4	1.1E-3	1.9E-3	7.5E-2	1.8E-5	3.8E-4	4.8E-4
14	8.0E-2	2.8E-4	9.2E-4	1.7E-3	7.5E-2	1.6E-5	3.4E-4	4.6E-4
15	7.9E-2	2.5E-4	8.1E-4	1.5E-3	7.4E-2	1.5E-5	3.1E-4	4.4E-4
16	7.8E-2	2.3E-4	7.2E-4	1.3E-3	7.3E-2	1.3E-5	2.8E-4	4.3E-4
17	7.7E-2	2.1E-4	6.4E-4	1.2E-3	7.2E-2	1.2E-5	2.6E-4	4.1E-4
18	7.5E-2	2.0E-4	5.9E-4	1.1E-3	7.1E-2	1.2E-5	2.5E-4	4.0E-4
19	7.4E-2	1.9E-4	5.4E-4	1.1E-3	7.0E-2	1.1E-5	2.3E-4	3.9E-4
20	7.3E-2	1.8E-4	5.1E-4	1.0E-3	6.9E-2	1.0E-5	2.2E-4	3.8E-4
21	7.2E-2	1.7E-4	4.8E-4	9.6E-4	6.8E-2	1.0E-5	2.2E-4	3.7E-4
22	7.2E-2	1.7E-4	4.5E-4	9.2E-4	6.8E-2	9.7E-6	2.1E-4	3.6E-4
23	7.1E-2	1.6E-4	4.3E-4	8.9E-4	6.7E-2	9.4E-6	2.0E-4	3.5E-4
24	7.0E-2	1.6E-4	4.1E-4	8.6E-4	6.6E-2	9.2E-6	2.0E-4	3.4E-4
25	6.9E-2	1.5E-4	4.0E-4	8.3E-4	6.5E-2	9.0E-6	2.0E-4	3.3E-4
26	6.8E-2	1.5E-4	3.9E-4	8.1E-4	6.5E-2	8.8E-6	1.9E-4	3.2E-4
27	6.7E-2	1.5E-4	3.8E-4	7.9E-4	6.4E-2	8.6E-6	1.9E-4	3.1E-4
28	6.6E-2	1.5E-4	3.7E-4	7.7E-4	6.3E-2	8.4E-6	1.9E-4	3.0E-4
29	6.6E-2	1.4E-4	3.6E-4	7.6E-4	6.3E-2	8.3E-6	1.9E-4	2.9E-4
30	6.5E-2	1.4E-4	3.5E-4	7.4E-4	6.2E-2	8.1E-6	1.9E-4	2.9E-4
31	6.4E-2	1.4E-4	3.5E-4	7.3E-4	6.1E-2	8.0E-6	1.8E-4	2.8E-4
32	6.3E-2	1.4E-4	3.4E-4	7.2E-4	6.1E-2	7.9E-6	1.8E-4	2.7E-4
33	6.3E-2	1.3E-4	3.3E-4	7.1E-4	6.0E-2	7.8E-6	1.8E-4	2.6E-4
34	6.2E-2	1.3E-4	3.3E-4	7.0E-4	5.9E-2	7.7E-6	1.8E-4	2.6E-4
35	6.1E-2	1.3E-4	3.2E-4	6.9E-4	5.9E-2	7.5E-6	1.8E-4	2.5E-4
36	6.1E-2	1.3E-4	3.2E-4	6.8E-4	5.8E-2	7.4E-6	1.8E-4	2.4E-4
37	6.0E-2	1.3E-4	3.1E-4	6.7E-4	5.7E-2	7.3E-6	1.8E-4	2.4E-4
38	5.9E-2	1.2E-4	3.1E-4	6.6E-4	5.7E-2	7.2E-6	1.7E-4	2.3E-4
39	5.9E-2	1.2E-4	3.1E-4	6.5E-4	5.6E-2	7.1E-6	1.7E-4	2.3E-4
40	5.8E-2	1.2E-4	3.0E-4	6.4E-4	5.5E-2	7.1E-6	1.7E-4	2.2E-4
41	5.7E-2	1.2E-4	3.0E-4	6.3E-4	5.5E-2	7.0E-6	1.7E-4	2.2E-4
42	5.7E-2	1.2E-4	2.9E-4	6.2E-4	5.4E-2	6.9E-6	1.7E-4	2.1E-4
43	5.6E-2	1.2E-4	2.9E-4	6.1E-4	5.4E-2	6.8E-6	1.7E-4	2.0E-4
44	5.5E-2	1.2E-4	2.9E-4	6.1E-4	5.3E-2	6.7E-6	1.7E-4	2.0E-4
45	5.5E-2	1.1E-4	2.8E-4	6.0E-4	5.2E-2	6.6E-6	1.7E-4	2.0E-4
46	5.4E-2	1.1E-4	2.8E-4	5.9E-4	5.2E-2	6.5E-6	1.7E-4	1.9E-4
47	5.4E-2	1.1E-4	2.7E-4	5.8E-4	5.1E-2	6.4E-6	1.6E-4	1.9E-4
48	5.3E-2	1.1E-4	2.7E-4	5.8E-4	5.1E-2	6.4E-6	1.6E-4	1.8E-4
49	5.2E-2	1.1E-4	2.7E-4	5.7E-4	5.0E-2	6.3E-6	1.6E-4	1.8E-4
50	5.2E-2	1.1E-4	2.6E-4	5.6E-4	5.0E-2	6.2E-6	1.6E-4	1.7E-4
51	5.1E-2	1.1E-4	2.6E-4	5.5E-4	4.9E-2	6.1E-6	1.6E-4	1.7E-4
52	5.1E-2	1.0E-4	2.6E-4	5.5E-4	4.9E-2	6.0E-6	1.6E-4	1.7E-4
53	5.0E-2	1.0E-4	2.5E-4	5.4E-4	4.8E-2	6.0E-6	1.6E-4	1.6E-4
54	4.9E-2	1.0E-4	2.5E-4	5.3E-4	4.7E-2	5.9E-6	1.6E-4	1.6E-4
55	4.9E-2	1.0E-4	2.5E-4	5.3E-4	4.7E-2	5.8E-6	1.6E-4	1.6E-4
56	4.8E-2	9.9E-5	2.5E-4	5.2E-4	4.6E-2	5.8E-6	1.6E-4	1.5E-4
57	4.8E-2	9.8E-5	2.4E-4	5.1E-4	4.6E-2	5.7E-6	1.5E-4	1.5E-4
58	4.7E-2	9.7E-5	2.4E-4	5.1E-4	4.5E-2	5.6E-6	1.5E-4	1.5E-4
59	4.7E-2	9.6E-5	2.4E-4	5.0E-4	4.5E-2	5.5E-6	1.5E-4	1.4E-4
60	4.6E-2	9.4E-5	2.3E-4	4.9E-4	4.4E-2	5.5E-6	1.5E-4	1.4E-4
61	4.6E-2	9.3E-5	2.3E-4	4.9E-4	4.4E-2	5.4E-6	1.5E-4	1.4E-4
62	4.5E-2	9.2E-5	2.3E-4	4.8E-4	4.3E-2	5.3E-6	1.5E-4	1.3E-4
63	4.5E-2	9.1E-5	2.3E-4	4.8E-4	4.3E-2	5.3E-6	1.5E-4	1.3E-4
64	4.4E-2	9.0E-5	2.2E-4	4.7E-4	4.3E-2	5.2E-6	1.5E-4	1.3E-4
65	4.4E-2	8.9E-5	2.2E-4	4.7E-4	4.2E-2	5.2E-6	1.5E-4	1.3E-4
66	4.3E-2	8.8E-5	2.2E-4	4.6E-4	4.2E-2	5.1E-6	1.5E-4	1.2E-4
67	4.3E-2	8.7E-5	2.1E-4	4.5E-4	4.1E-2	5.0E-6	1.5E-4	1.2E-4
68	4.2E-2	8.6E-5	2.1E-4	4.5E-4	4.1E-2	5.0E-6	1.5E-4	1.2E-4
69	4.2E-2	8.5E-5	2.1E-4	4.4E-4	4.0E-2	4.9E-6	1.4E-4	1.2E-4
70	4.1E-2	8.4E-5	2.1E-4	4.4E-4	4.0E-2	4.9E-6	1.4E-4	1.1E-4
71	4.1E-2	8.3E-5	2.0E-4	4.3E-4	3.9E-2	4.8E-6	1.4E-4	1.1E-4
72	4.0E-2	8.2E-5	2.0E-4	4.3E-4	3.9E-2	4.7E-6	1.4E-4	1.1E-4
73	4.0E-2	8.1E-5	2.0E-4	4.2E-4	3.9E-2	4.7E-6	1.4E-4	1.1E-4
74	4.0E-2	8.0E-5	2.0E-4	4.2E-4	3.8E-2	4.6E-6	1.4E-4	1.0E-4
75	3.9E-2	7.9E-5	1.9E-4	4.1E-4	3.8E-2	4.6E-6	1.4E-4	1.0E-4
76	3.9E-2	7.8E-5	1.9E-4	4.1E-4	3.7E-2	4.5E-6	1.4E-4	1.0E-4
77	3.8E-2	7.7E-5	1.9E-4	4.0E-4	3.7E-2	4.5E-6	1.4E-4	9.9E-5
78	3.8E-2	7.6E-5	1.9E-4	4.0E-4	3.6E-2	4.4E-6	1.4E-4	9.7E-5
79	3.7E-2	7.5E-5	1.9E-4	3.9E-4	3.6E-2	4.4E-6	1.4E-4	9.6E-5
80	3.7E-2	7.4E-5	1.8E-4	3.9E-4	3.6E-2	4.3E-6	1.4E-4	9.4E-5
81	3.7E-2	7.4E-5	1.8E-4	3.8E-4	3.5E-2	4.3E-6	1.4E-4	9.2E-5
82	3.6E-2	7.3E-5	1.8E-4	3.8E-4	3.5E-2	4.2E-6	1.3E-4	9.0E-5
83	3.6E-2	7.2E-5	1.8E-4	3.7E-4	3.5E-2	4.2E-6	1.3E-4	8.9E-5
84	3.5E-2	7.1E-5	1.8E-4	3.7E-4	3.4E-2	4.1E-6	1.3E-4	8.7E-5
85	3.5E-2	7.0E-5	1.7E-4	3.7E-4	3.4E-2	4.1E-6	1.3E-4	8.6E-5
86	3.5E-2	6.9E-5	1.7E-4	3.6E-4	3.3E-2	4.0E-6	1.3E-4	8.4E-5
87	3.4E-2	6.9E-5	1.7E-4	3.6E-4	3.3E-2	4.0E-6	1.3E-4	8.3E-5
88	3.4E-2	6.8E-5	1.7E-4	3.5E-4	3.3E-2	3.9E-6	1.3E-4	8.1E-5
89	3.4E-2	6.7E-5	1.7E-4	3.5E-4	3.2E-2	3.9E-6	1.3E-4	8.0E-5
90	3.3E-2	6.6E-5	1.6E-4	3.4E-4	3.2E-2	3.8E-6	1.3E-4	7.9E-5
91	3.3E-2	6.5E-5	1.6E-4	3.4E-4	3.2E-2	3.8E-6	1.3E-4	7.7E-5
92	3.2E-2	6.5E-5	1.6E-4	3.4E-4	3.1E-2	3.8E-6	1.3E-4	7.6E-5
93	3.2E-2	6.4E-5	1.6E-4	3.3E-4	3.1E-2	3.7E-6	1.3E-4	7.5E-5
94	3.2E-2	6.3E-5	1.6E-4	3.3E-4	3.1E-2	3.7E-6	1.3E-4	7.4E-5
95	3.1E-2	6.3E-5	1.5E-4	3.3E-4	3.0E-2	3.6E-6	1.3E-4	7.2E-5
96	3.1E-2	6.2E-5	1.5E-4	3.2E-4	3.0E-2	3.6E-6	1.2E-4	7.1E-5
97	3.1E-2	6.1E-5	1.5E-4	3.2E-4	3.0E-2	3.5E-6	1.2E-4	7.0E-5
98	3.0E-2	6.0E-5	1.5E-4	3.1E-4	2.9E-2	3.5E-6	1.2E-4	6.9E-5
99	3.0E-2	6.0E-5	1.5E-4	3.1E-4	2.9E-2	3.5E-6	1.2E-4	6.8E-5
100	3.0E-2	5.9E-5	1.5E-4	3.1E-4	2.9E-2	3.4E-6	1.2E-4	6.7E-5
110	2.7E-2	5.3E-5	1.3E-4	2.7E-4	2.6E-2	3.1E-6	1.2E-4	5.7E-5
120	2.4E-2	4.7E-5	1.2E-4	2.4E-4	2.3E-2	2.7E-6	1.1E-4	5.0E-5
130	2.1E-2	4.2E-5	1.0E-4	2.2E-4	2.1E-2	2.4E-6	1.0E-4	4.3E-5
140	1.9E-2	3.8E-5	9.2E-5	1.9E-4	1.9E-2	2.2E-6	1.0E-4	3.8E-5
150	1.7E-2	3.4E-5	8.2E-5	1.7E-4	1.7E-2	2.0E-6	9.5E-5	3.3E-5
160	1.6E-2	3.0E-5	7.3E-5	1.5E-4	1.5E-2	1.8E-6	9.0E-5	3.0E-5
170	1.4E-2	2.7E-5	6.5E-5	1.4E-4	1.3E-2	1.6E-6	8.6E-5	2.6E-5
180	1.3E-2	2.4E-5	5.8E-5	1.2E-4	1.2E-2	1.4E-6	8.2E-5	2.3E-5
190	1.1E-2	2.2E-5	5.2E-5	1.1E-4	1.1E-2	1.3E-6	7.8E-5	2.1E-5
200	1.0E-2	2.0E-5	4.7E-5	9.9E-5	9.7E-3	1.1E-6	7.5E-5	1.9E-5
210	9.1E-3	1.8E-5	4.2E-5	8.9E-5	8.8E-3	1.0E-6	7.1E-5	1.7E-5
220	8.2E-3	1.6E-5	3.7E-5	8.0E-5	7.9E-3	9.2E-7	6.8E-5	1.5E-5
230	7.4E-3	1.4E-5	3.3E-5	7.1E-5	7.1E-3	8.2E-7	6.5E-5	1.3E-5
240	6.6E-3	1.3E-5	3.0E-5	6.4E-5	6.4E-3	7.4E-7	6.2E-5	1.2E-5
250	6.0E-3	1.1E-5	2.7E-5	5.7E-5	5.7E-3	6.7E-7	5.9E-5	1.1E-5
260	5.4E-3	1.0E-5	2.4E-5	5.1E-5	5.2E-3	6.0E-7	5.6E-5	9.6E-6
270	4.8E-3	9.3E-6	2.2E-5	4.6E-5	4.6E-3	5.4E-7	5.4E-5	8.7E-6
280	4.4E-3	8.3E-6	1.9E-5	4.1E-5	4.2E-3	4.8E-7	5.1E-5	7.8E-6
290	3.9E-3	7.5E-6	1.7E-5	3.7E-5	3.8E-3	4.4E-7	4.9E-5	7.0E-6
300	3.5E-3	6.8E-6	1.5E-5	3.3E-5	3.4E-3	3.9E-7	4.7E-5	6.3E-6
310	3.2E-3	6.1E-6	1.4E-5	3.0E-5	3.1E-3	3.5E-7	4.5E-5	5.7E-6
320	2.9E-3	5.5E-6	1.2E-5	2.7E-5	2.7E-3	3.2E-7	4.3E-5	5.1E-6
330	2.6E-3	4.9E-6	1.1E-5	2.4E-5	2.5E-3	2.9E-7	4.1E-5	4.6E-6
340	2.3E-3	4.4E-6	1.0E-5	2.2E-5	2.2E-3	2.6E-7	3.9E-5	4.1E-6
350	2.1E-3	4.0E-6	9.0E-6	1.9E-5	2.0E-3	2.3E-7	3.7E-5	3.7E-6
360	1.9E-3	3.6E-6	8.1E-6	1.7E-5	1.8E-3	2.1E-7	3.6E-5	3.3E-6
365	1.8E-3	3.4E-6	7.7E-6	1.6E-5	1.7E-3	2.0E-7	3.5E-5	3.2E-6
370	1.7E-3	3.3E-6	7.3E-6	1.6E-5	1.6E-3	1.9E-7	3.4E-5	3.0E-6
380	1.6E-3	2.9E-6	6.5E-6	1.4E-5	1.5E-3	1.7E-7	3.3E-5	2.7E-6
390	1.4E-3	2.6E-6	5.9E-6	1.3E-5	1.3E-3	1.5E-7	3.1E-5	2.4E-6
400	1.3E-3	2.4E-6	5.3E-6	1.1E-5	1.2E-3	1.4E-7	3.0E-5	2.2E-6
410	1.1E-3	2.2E-6	4.7E-6	1.0E-5	1.1E-3	1.2E-7	2.9E-5	2.0E-6
420	1.0E-3	1.9E-6	4.2E-6	9.2E-6	9.8E-4	1.1E-7	2.7E-5	1.8E-6
430	9.4E-4	1.8E-6	3.8E-6	8.2E-6	8.9E-4	1.0E-7	2.6E-5	1.6E-6
440	8.5E-4	1.6E-6	3.4E-6	7.4E-6	8.0E-4	9.2E-8	2.5E-5	1.5E-6
450	7.7E-4	1.4E-6	3.1E-6	6.7E-6	7.2E-4	8.3E-8	2.4E-5	1.3E-6
460	7.0E-4	1.3E-6	2.8E-6	6.0E-6	6.5E-4	7.5E-8	2.3E-5	1.2E-6
470	6.3E-4	1.2E-6	2.5E-6	5.4E-6	5.9E-4	6.8E-8	2.2E-5	1.1E-6
480	5.7E-4	1.1E-6	2.2E-6	4.9E-6	5.3E-4	6.1E-8	2.1E-5	9.7E-7
490	5.2E-4	9.5E-7	2.0E-6	4.4E-6	4.8E-4	5.5E-8	2.0E-5	8.7E-7
500	4.7E-4	8.6E-7	1.8E-6	4.0E-6	4.4E-4	5.0E-8	1.9E-5	7.9E-7
510	4.3E-4	7.8E-7	1.6E-6	3.6E-6	4.0E-4	4.5E-8	1.8E-5	7.1E-7
520	3.9E-4	7.0E-7	1.5E-6	3.2E-6	3.6E-4	4.1E-8	1.8E-5	6.5E-7
530	3.5E-4	6.4E-7	1.3E-6	2.9E-6	3.2E-4	3.7E-8	1.7E-5	5.8E-7
540	3.2E-4	5.7E-7	1.2E-6	2.6E-6	2.9E-4	3.3E-8	1.6E-5	5.3E-7
550	2.9E-4	5.2E-7	1.1E-6	2.4E-6	2.7E-4	3.0E-8	1.5E-5	4.8E-7
560	2.6E-4	4.7E-7	9.8E-7	2.1E-6	2.4E-4	2.7E-8	1.5E-5	4.3E-7
570	2.4E-4	4.3E-7	8.8E-7	1.9E-6	2.2E-4	2.5E-8	1.4E-5	3.9E-7
580	2.2E-4	3.9E-7	7.9E-7	1.7E-6	2.0E-4	2.2E-8	1.4E-5	3.5E-7
590	2.0E-4	3.5E-7	7.2E-7	1.6E-6	1.8E-4	2.0E-8	1.3E-5	3.2E-7
600	1.8E-4	3.2E-7	6.5E-7	1.4E-6	1.6E-4	1.8E-8	1.2E-5	2.9E-7
610	1.6E-4	2.9E-7	5.8E-7	1.3E-6	1.5E-4	1.7E-8	1.2E-5	2.6E-7
620	1.5E-4	2.6E-7	5.3E-7	1.2E-6	1.3E-4	1.5E-8	1.1E-5	2.4E-7
630	1.3E-4	2.4E-7	4.8E-7	1.0E-6	1.2E-4	1.4E-8	1.1E-5	2.1E-7
640	1.2E-4	2.1E-7	4.3E-7	9.5E-7	1.1E-4	1.2E-8	1.0E-5	1.9E-7
650	1.1E-4	1.9E-7	3.9E-7	8.5E-7	9.9E-5	1.1E-8	1.0E-5	1.8E-7
660	1.0E-4	1.8E-7	3.5E-7	7.7E-7	9.0E-5	1.0E-8	9.5E-6	1.6E-7
670	9.3E-5	1.6E-7	3.2E-7	7.0E-7	8.1E-5	9.2E-9	9.1E-6	1.4E-7
680	8.5E-5	1.4E-7	2.9E-7	6.3E-7	7.4E-5	8.4E-9	8.7E-6	1.3E-7
690	7.7E-5	1.3E-7	2.6E-7	5.7E-7	6.7E-5	7.6E-9	8.4E-6	1.2E-7
700	7.1E-5	1.2E-7	2.3E-7	5.2E-7	6.1E-5	6.9E-9	8.0E-6	1.1E-7
710	6.4E-5	1.1E-7	2.1E-7	4.7E-7	5.5E-5	6.2E-9	7.7E-6	9.8E-8
720	5.9E-5	9.8E-8	1.9E-7	4.2E-7	5.0E-5	5.7E-9	7.3E-6	8.9E-8
730	5.4E-5	8.9E-8	1.7E-7	3.8E-7	4.5E-5	5.1E-9	7.0E-6	8.1E-8
740	4.9E-5	8.1E-8	1.6E-7	3.5E-7	4.1E-5	4.7E-9	6.7E-6	7.3E-8
750	4.5E-5	7.3E-8	1.4E-7	3.2E-7	3.8E-5	4.2E-9	6.4E-6	6.6E-8
760	4.1E-5	6.6E-8	1.3E-7	2.9E-7	3.4E-5	3.9E-9	6.2E-6	6.0E-8
770	3.8E-5	6.0E-8	1.2E-7	2.6E-7	3.1E-5	3.5E-9	5.9E-6	5.5E-8
780	3.5E-5	5.5E-8	1.1E-7	2.4E-7	2.8E-5	3.2E-9	5.6E-6	5.0E-8
790	3.2E-5	5.0E-8	9.6E-8	2.1E-7	2.6E-5	2.9E-9	5.4E-6	4.5E-8
800	2.9E-5	4.5E-8	8.7E-8	1.9E-7	2.3E-5	2.6E-9	5.2E-6	4.1E-8
810	2.7E-5	4.1E-8	7.9E-8	1.8E-7	2.1E-5	2.4E-9	4.9E-6	3.7E-8
820	2.4E-5	3.7E-8	7.2E-8	1.6E-7	1.9E-5	2.2E-9	4.7E-6	3.4E-8
830	2.2E-5	3.4E-8	6.5E-8	1.4E-7	1.7E-5	2.0E-9	4.5E-6	3.1E-8
840	2.1E-5	3.1E-8	5.9E-8	1.3E-7	1.6E-5	1.8E-9	4.3E-6	2.8E-8
850	1.9E-5	2.8E-8	5.3E-8	1.2E-7	1.4E-5	1.6E-9	4.2E-6	2.5E-8
860	1.7E-5	2.6E-8	4.8E-8	1.1E-7	1.3E-5	1.5E-9	4.0E-6	2.3E-8
870	1.6E-5	2.3E-8	4.4E-8	9.8E-8	1.2E-5	1.3E-9	3.8E-6	2.1E-8
880	1.5E-5	2.1E-8	4.0E-8	8.9E-8	1.1E-5	1.2E-9	3.6E-6	1.9E-8
890	1.4E-5	1.9E-8	3.6E-8	8.1E-8	9.9E-6	1.1E-9	3.5E-6	1.7E-8
900	1.3E-5	1.8E-8	3.3E-8	7.4E-8	9.0E-6	1.0E-9	3.3E-6	1.6E-8
910	1.2E-5	1.6E-8	3.0E-8	6.7E-8	8.2E-6	9.3E-10	3.2E-6	1.4E-8
920	1.1E-5	1.5E-8	2.7E-8	6.1E-8	7.4E-6	8.4E-10	3.1E-6	1.3E-8
930	9.9E-6	1.3E-8	2.5E-8	5.5E-8	6.8E-6	7.7E-10	2.9E-6	1.2E-8
940	9.1E-6	1.2E-8	2.2E-8	5.0E-8	6.1E-6	7.0E-10	2.8E-6	1.1E-8
950	8.4E-6	1.1E-8	2.0E-8	4.6E-8	5.6E-6	6.4E-10	2.7E-6	9.9E-9
960	7.8E-6	1.0E-8	1.9E-8	4.2E-8	5.1E-6	5.8E-10	2.6E-6	9.0E-9
970	7.2E-6	9.1E-9	1.7E-8	3.8E-8	4.6E-6	5.3E-10	2.5E-6	8.2E-9
980	6.7E-6	8.3E-9	1.5E-8	3.4E-8	4.2E-6	4.8E-10	2.4E-6	7.5E-9
990	6.2E-6	7.6E-9	1.4E-8	3.1E-8	3.8E-6	4.4E-10	2.3E-6	6.8E-9
1000	5.8E-6	6.9E-9	1.3E-8	2.8E-8	3.5E-6	4.0E-10	2.2E-6	6.2E-9
1010	5.3E-6	6.3E-9	1.2E-8	2.6E-8	3.2E-6	3.6E-10	2.1E-6	5.7E-9
1020	5.0E-6	5.7E-9	1.1E-8	2.4E-8	2.9E-6	3.3E-10	2.0E-6	5.2E-9
1030	4.6E-6	5.2E-9	9.6E-9	2.1E-8	2.6E-6	3.0E-10	1.9E-6	4.7E-9
1040	4.3E-6	4.8E-9	8.7E-9	2.0E-8	2.4E-6	2.8E-10	1.8E-6	4.3E-9
1050	4.0E-6	4.3E-9	7.9E-9	1.8E-8	2.2E-6	2.5E-10	1.7E-6	3.9E-9
1060	3.7E-6	4.0E-9	7.2E-9	1.6E-8	2.0E-6	2.3E-10	1.7E-6	3.6E-9
1070	3.5E-6	3.6E-9	6.6E-9	1.5E-8	1.8E-6	2.1E-10	1.6E-6	3.3E-9
1080	3.2E-6	3.3E-9	6.0E-9	1.3E-8	1.7E-6	1.9E-10	1.5E-6	3.0E-9
1090	3.0E-6	3.0E-9	5.5E-9	1.2E-8	1.5E-6	1.7E-10	1.5E-6	2.7E-9
1095	2.9E-6	2.9E-9	5.2E-9	1.2E-8	1.4E-6	1.7E-10	1.4E-6	2.6E-9
1100	2.8E-6	2.8E-9	5.0E-9	1.1E-8	1.4E-6	1.6E-10	1.4E-6	2.5E-9
1200	1.5E-6	1.1E-9	2.0E-9	4.5E-9	5.4E-7	-	9.1E-7	1.0E-9
1300	8.1E-7	4.6E-10	8.2E-10	1.9E-9	2.2E-7	-	5.9E-7	4.1E-10
1400	4.7E-7	2.0E-10	3.4E-10	7.8E-10	8.6E-8	-	3.8E-7	1.7E-10
1500	2.8E-7	-	1.5E-10	3.4E-10	3.4E-8	-	2.5E-7	-
1600	1.7E-7	-	-	1.6E-10	1.4E-8	-	1.6E-7	-
1700	1.1E-7	-	-	-	5.5E-9	-	1.0E-7	-
1800	7.0E-8	-	-	-	2.2E-9	-	6.7E-8	-
1900	4.5E-8	-	-	-	8.9E-10	-	4.4E-8	-
2000	2.9E-8	-	-	-	3.6E-10	-	2.8E-8	-
2100	1.9E-8	-	-	-	1.4E-10	-	1.8E-8	-
2200	1.2E-8	-	-	-	-	-	1.2E-8	-
2300	7.8E-9	-	-	-	-	-	7.8E-9	-
2400	5.1E-9	-	-	-	-	-	5.1E-9	-
2500	3.3E-9	-	-	-	-	-	3.3E-9	-
2600	2.2E-9	-	-	-	-	-	2.2E-9	-
2700	1.4E-9	-	-	-	-	-	1.4E-9	-
2800	9.1E-10	-	-	-	-	-	9.1E-10	-
2900	6.0E-10	-	-	-	-	-	6.0E-10	-
3000	3.9E-10	-	-	-	-	-	3.9E-10	-
3100	2.5E-10	-	-	-	-	-	2.5E-10	-
3200	1.7E-10	-	-	-	-	-	1.6E-10	-
3300	1.1E-10	-	-	-	-	-	1.1E-10	-
