Radionuclide	Th-232
Route of Intake	Inhalation
Material	Aerosols Type F, fA=5E-4
AMTD/AMAD, µm	0.001

Content in an Organ or Excreta Sample per Intake (Reference Bioassay Functions m(t)), Bq per Bq
Time, days	Whole Body (Ac-228)	Urine (24-hour sample)	Faeces (24-hour sample)	Alimentary Tract* (Ac-228)	Lungs* (Ac-228)	Skeleton* (Ac-228)	Liver* (Ac-228)
0.041667	7.2E-7	-	-	1.9E-7	2.3E-8	3.5E-8	2.5E-8
0.083333	2.8E-6	-	-	8.4E-7	2.4E-8	2.0E-7	1.0E-7
0.125	5.9E-6	-	-	2.0E-6	2.6E-8	4.9E-7	2.2E-7
0.25	2.1E-5	-	-	8.3E-6	5.2E-8	2.3E-6	7.6E-7
0.375	4.1E-5	-	-	1.9E-5	8.6E-8	5.4E-6	1.6E-6
0.5	6.5E-5	-	-	3.2E-5	1.2E-7	9.9E-6	2.7E-6
0.625	9.0E-5	-	-	4.7E-5	1.5E-7	1.5E-5	3.8E-6
0.75	1.2E-4	-	-	6.3E-5	1.7E-7	2.2E-5	5.1E-6
0.875	1.4E-4	-	-	7.9E-5	1.9E-7	2.9E-5	6.3E-6
1	1.7E-4	1.3E-2	6.2E-2	9.4E-5	2.0E-7	3.6E-5	7.6E-6
1.125	1.9E-4	-	-	1.1E-4	2.1E-7	4.4E-5	8.8E-6
1.25	2.1E-4	-	-	1.2E-4	2.2E-7	5.1E-5	9.9E-6
1.375	2.3E-4	-	-	1.3E-4	2.3E-7	5.9E-5	1.1E-5
1.5	2.4E-4	-	-	1.3E-4	2.4E-7	6.7E-5	1.2E-5
1.625	2.5E-4	-	-	1.4E-4	2.4E-7	7.5E-5	1.3E-5
1.75	2.7E-4	-	-	1.4E-4	2.5E-7	8.3E-5	1.4E-5
1.875	2.8E-4	-	-	1.4E-4	2.5E-7	9.0E-5	1.5E-5
2	2.8E-4	4.0E-3	1.9E-1	1.4E-4	2.5E-7	9.8E-5	1.5E-5
2.25	2.9E-4	-	-	1.4E-4	2.6E-7	1.1E-4	1.7E-5
2.5	3.0E-4	-	-	1.3E-4	2.7E-7	1.3E-4	1.8E-5
2.75	3.1E-4	-	-	1.2E-4	2.8E-7	1.4E-4	2.0E-5
3	3.2E-4	2.0E-3	1.3E-1	1.2E-4	2.8E-7	1.5E-4	2.1E-5
3.25	3.2E-4	-	-	1.1E-4	2.9E-7	1.6E-4	2.2E-5
3.5	3.3E-4	-	-	1.0E-4	3.0E-7	1.8E-4	2.3E-5
3.75	3.4E-4	-	-	9.7E-5	3.1E-7	1.9E-4	2.4E-5
4	3.5E-4	1.4E-3	4.7E-2	9.3E-5	3.1E-7	2.0E-4	2.5E-5
4.25	3.6E-4	-	-	9.1E-5	3.2E-7	2.1E-4	2.6E-5
4.5	3.7E-4	-	-	8.9E-5	3.3E-7	2.2E-4	2.7E-5
4.75	3.8E-4	-	-	8.8E-5	3.3E-7	2.3E-4	2.8E-5
5	3.9E-4	1.2E-3	1.4E-2	8.7E-5	3.4E-7	2.4E-4	2.8E-5
5.5	4.1E-4	-	-	8.8E-5	3.5E-7	2.6E-4	3.0E-5
6	4.4E-4	9.8E-4	3.4E-3	8.9E-5	3.6E-7	2.8E-4	3.1E-5
6.5	4.6E-4	-	-	9.0E-5	3.7E-7	2.9E-4	3.2E-5
7	4.8E-4	8.4E-4	7.9E-4	9.2E-5	3.7E-7	3.1E-4	3.3E-5
7.5	5.0E-4	-	-	9.4E-5	3.8E-7	3.3E-4	3.3E-5
8	5.2E-4	7.3E-4	2.0E-4	9.5E-5	3.9E-7	3.4E-4	3.4E-5
8.5	5.4E-4	-	-	9.6E-5	3.9E-7	3.6E-4	3.5E-5
9	5.5E-4	6.5E-4	6.7E-5	9.7E-5	4.0E-7	3.7E-4	3.5E-5
9.5	5.7E-4	-	-	9.8E-5	4.0E-7	3.9E-4	3.6E-5
10	5.9E-4	5.8E-4	3.6E-5	9.9E-5	4.0E-7	4.0E-4	3.6E-5
11	6.2E-4	5.2E-4	2.6E-5	1.0E-4	4.1E-7	4.3E-4	3.7E-5
12	6.5E-4	4.8E-4	2.1E-5	1.0E-4	4.2E-7	4.5E-4	3.7E-5
13	6.8E-4	4.4E-4	1.8E-5	1.0E-4	4.2E-7	4.8E-4	3.8E-5
14	7.1E-4	4.1E-4	1.6E-5	1.0E-4	4.3E-7	5.1E-4	3.8E-5
15	7.4E-4	3.8E-4	1.4E-5	1.0E-4	4.3E-7	5.3E-4	3.8E-5
16	7.7E-4	3.6E-4	1.3E-5	1.0E-4	4.3E-7	5.6E-4	3.9E-5
17	7.9E-4	3.4E-4	1.2E-5	1.0E-4	4.4E-7	5.8E-4	3.9E-5
18	8.2E-4	3.2E-4	1.1E-5	1.0E-4	4.4E-7	6.1E-4	3.9E-5
19	8.5E-4	3.1E-4	1.1E-5	1.1E-4	4.5E-7	6.3E-4	3.9E-5
20	8.7E-4	2.9E-4	1.0E-5	1.1E-4	4.5E-7	6.5E-4	4.0E-5
21	9.0E-4	2.8E-4	1.0E-5	1.1E-4	4.5E-7	6.8E-4	4.0E-5
22	9.2E-4	2.6E-4	9.8E-6	1.1E-4	4.6E-7	7.0E-4	4.0E-5
23	9.5E-4	2.5E-4	9.7E-6	1.1E-4	4.6E-7	7.2E-4	4.0E-5
24	9.7E-4	2.4E-4	9.6E-6	1.1E-4	4.6E-7	7.4E-4	4.1E-5
25	1.0E-3	2.3E-4	9.5E-6	1.1E-4	4.7E-7	7.6E-4	4.1E-5
26	1.0E-3	2.2E-4	9.4E-6	1.1E-4	4.7E-7	7.9E-4	4.1E-5
27	1.0E-3	2.1E-4	9.4E-6	1.1E-4	4.7E-7	8.1E-4	4.1E-5
28	1.1E-3	2.0E-4	9.3E-6	1.1E-4	4.8E-7	8.3E-4	4.2E-5
29	1.1E-3	1.9E-4	9.3E-6	1.1E-4	4.8E-7	8.5E-4	4.2E-5
30	1.1E-3	1.8E-4	9.3E-6	1.1E-4	4.8E-7	8.7E-4	4.2E-5
31	1.1E-3	1.7E-4	9.2E-6	1.1E-4	4.9E-7	8.9E-4	4.2E-5
32	1.2E-3	1.7E-4	9.2E-6	1.1E-4	4.9E-7	9.1E-4	4.3E-5
33	1.2E-3	1.6E-4	9.2E-6	1.1E-4	4.9E-7	9.3E-4	4.3E-5
34	1.2E-3	1.5E-4	9.2E-6	1.1E-4	5.0E-7	9.5E-4	4.3E-5
35	1.2E-3	1.5E-4	9.2E-6	1.1E-4	5.0E-7	9.7E-4	4.4E-5
36	1.3E-3	1.4E-4	9.1E-6	1.1E-4	5.0E-7	9.9E-4	4.4E-5
37	1.3E-3	1.3E-4	9.1E-6	1.1E-4	5.1E-7	1.0E-3	4.4E-5
38	1.3E-3	1.3E-4	9.1E-6	1.1E-4	5.1E-7	1.0E-3	4.4E-5
39	1.3E-3	1.2E-4	9.1E-6	1.1E-4	5.1E-7	1.0E-3	4.5E-5
40	1.3E-3	1.2E-4	9.1E-6	1.1E-4	5.2E-7	1.1E-3	4.5E-5
41	1.4E-3	1.1E-4	9.1E-6	1.1E-4	5.2E-7	1.1E-3	4.5E-5
42	1.4E-3	1.1E-4	9.1E-6	1.1E-4	5.2E-7	1.1E-3	4.6E-5
43	1.4E-3	1.0E-4	9.0E-6	1.1E-4	5.3E-7	1.1E-3	4.6E-5
44	1.4E-3	9.9E-5	9.0E-6	1.1E-4	5.3E-7	1.1E-3	4.6E-5
45	1.4E-3	9.4E-5	9.0E-6	1.1E-4	5.3E-7	1.2E-3	4.7E-5
46	1.5E-3	9.0E-5	9.0E-6	1.1E-4	5.4E-7	1.2E-3	4.7E-5
47	1.5E-3	8.7E-5	9.0E-6	1.1E-4	5.4E-7	1.2E-3	4.7E-5
48	1.5E-3	8.3E-5	9.0E-6	1.1E-4	5.4E-7	1.2E-3	4.8E-5
49	1.5E-3	8.0E-5	9.0E-6	1.1E-4	5.5E-7	1.2E-3	4.8E-5
50	1.5E-3	7.6E-5	9.0E-6	1.1E-4	5.5E-7	1.2E-3	4.8E-5
51	1.6E-3	7.3E-5	8.9E-6	1.1E-4	5.5E-7	1.3E-3	4.9E-5
52	1.6E-3	7.0E-5	8.9E-6	1.1E-4	5.6E-7	1.3E-3	4.9E-5
53	1.6E-3	6.8E-5	8.9E-6	1.1E-4	5.6E-7	1.3E-3	5.0E-5
54	1.6E-3	6.5E-5	8.9E-6	1.1E-4	5.6E-7	1.3E-3	5.0E-5
55	1.6E-3	6.2E-5	8.9E-6	1.1E-4	5.6E-7	1.3E-3	5.0E-5
56	1.6E-3	6.0E-5	8.9E-6	1.1E-4	5.7E-7	1.3E-3	5.1E-5
57	1.7E-3	5.7E-5	8.9E-6	1.1E-4	5.7E-7	1.4E-3	5.1E-5
58	1.7E-3	5.5E-5	8.9E-6	1.1E-4	5.7E-7	1.4E-3	5.1E-5
59	1.7E-3	5.3E-5	8.8E-6	1.1E-4	5.8E-7	1.4E-3	5.2E-5
60	1.7E-3	5.1E-5	8.8E-6	1.1E-4	5.8E-7	1.4E-3	5.2E-5
61	1.7E-3	4.9E-5	8.8E-6	1.1E-4	5.8E-7	1.4E-3	5.3E-5
62	1.8E-3	4.7E-5	8.8E-6	1.1E-4	5.9E-7	1.4E-3	5.3E-5
63	1.8E-3	4.5E-5	8.8E-6	1.1E-4	5.9E-7	1.4E-3	5.3E-5
64	1.8E-3	4.4E-5	8.8E-6	1.1E-4	5.9E-7	1.5E-3	5.4E-5
65	1.8E-3	4.2E-5	8.8E-6	1.1E-4	6.0E-7	1.5E-3	5.4E-5
66	1.8E-3	4.1E-5	8.8E-6	1.1E-4	6.0E-7	1.5E-3	5.5E-5
67	1.8E-3	3.9E-5	8.7E-6	1.1E-4	6.0E-7	1.5E-3	5.5E-5
68	1.9E-3	3.8E-5	8.7E-6	1.1E-4	6.1E-7	1.5E-3	5.6E-5
69	1.9E-3	3.6E-5	8.7E-6	1.1E-4	6.1E-7	1.5E-3	5.6E-5
70	1.9E-3	3.5E-5	8.7E-6	1.1E-4	6.1E-7	1.5E-3	5.6E-5
71	1.9E-3	3.4E-5	8.7E-6	1.1E-4	6.1E-7	1.6E-3	5.7E-5
72	1.9E-3	3.3E-5	8.7E-6	1.1E-4	6.2E-7	1.6E-3	5.7E-5
73	1.9E-3	3.2E-5	8.7E-6	1.1E-4	6.2E-7	1.6E-3	5.8E-5
74	2.0E-3	3.1E-5	8.7E-6	1.1E-4	6.2E-7	1.6E-3	5.8E-5
75	2.0E-3	2.9E-5	8.6E-6	1.1E-4	6.3E-7	1.6E-3	5.9E-5
76	2.0E-3	2.9E-5	8.6E-6	1.1E-4	6.3E-7	1.6E-3	5.9E-5
77	2.0E-3	2.8E-5	8.6E-6	1.1E-4	6.3E-7	1.6E-3	6.0E-5
78	2.0E-3	2.7E-5	8.6E-6	1.1E-4	6.4E-7	1.7E-3	6.0E-5
79	2.0E-3	2.6E-5	8.6E-6	1.1E-4	6.4E-7	1.7E-3	6.1E-5
80	2.0E-3	2.5E-5	8.6E-6	1.1E-4	6.4E-7	1.7E-3	6.1E-5
81	2.1E-3	2.4E-5	8.6E-6	1.2E-4	6.4E-7	1.7E-3	6.2E-5
82	2.1E-3	2.4E-5	8.6E-6	1.2E-4	6.5E-7	1.7E-3	6.2E-5
83	2.1E-3	2.3E-5	8.5E-6	1.2E-4	6.5E-7	1.7E-3	6.3E-5
84	2.1E-3	2.2E-5	8.5E-6	1.2E-4	6.5E-7	1.7E-3	6.3E-5
85	2.1E-3	2.2E-5	8.5E-6	1.2E-4	6.6E-7	1.7E-3	6.4E-5
86	2.1E-3	2.1E-5	8.5E-6	1.2E-4	6.6E-7	1.8E-3	6.4E-5
87	2.2E-3	2.0E-5	8.5E-6	1.2E-4	6.6E-7	1.8E-3	6.5E-5
88	2.2E-3	2.0E-5	8.5E-6	1.2E-4	6.7E-7	1.8E-3	6.5E-5
89	2.2E-3	1.9E-5	8.5E-6	1.2E-4	6.7E-7	1.8E-3	6.6E-5
90	2.2E-3	1.9E-5	8.5E-6	1.2E-4	6.7E-7	1.8E-3	6.6E-5
91	2.2E-3	1.8E-5	8.5E-6	1.2E-4	6.7E-7	1.8E-3	6.7E-5
92	2.2E-3	1.8E-5	8.4E-6	1.2E-4	6.8E-7	1.8E-3	6.7E-5
93	2.2E-3	1.8E-5	8.4E-6	1.2E-4	6.8E-7	1.8E-3	6.8E-5
94	2.3E-3	1.7E-5	8.4E-6	1.2E-4	6.8E-7	1.9E-3	6.8E-5
95	2.3E-3	1.7E-5	8.4E-6	1.2E-4	6.9E-7	1.9E-3	6.9E-5
96	2.3E-3	1.6E-5	8.4E-6	1.2E-4	6.9E-7	1.9E-3	6.9E-5
97	2.3E-3	1.6E-5	8.4E-6	1.2E-4	6.9E-7	1.9E-3	7.0E-5
98	2.3E-3	1.6E-5	8.4E-6	1.2E-4	6.9E-7	1.9E-3	7.0E-5
99	2.3E-3	1.5E-5	8.4E-6	1.2E-4	7.0E-7	1.9E-3	7.1E-5
100	2.3E-3	1.5E-5	8.4E-6	1.2E-4	7.0E-7	1.9E-3	7.1E-5
110	2.5E-3	1.3E-5	8.2E-6	1.2E-4	7.3E-7	2.0E-3	7.7E-5
120	2.6E-3	1.1E-5	8.1E-6	1.2E-4	7.6E-7	2.1E-3	8.3E-5
130	2.7E-3	1.1E-5	8.0E-6	1.2E-4	7.9E-7	2.3E-3	9.0E-5
140	2.8E-3	1.0E-5	7.9E-6	1.2E-4	8.1E-7	2.4E-3	9.6E-5
150	3.0E-3	9.8E-6	7.8E-6	1.2E-4	8.4E-7	2.5E-3	1.0E-4
160	3.1E-3	9.7E-6	7.7E-6	1.2E-4	8.7E-7	2.5E-3	1.1E-4
170	3.2E-3	9.7E-6	7.6E-6	1.2E-4	8.9E-7	2.6E-3	1.2E-4
180	3.3E-3	9.7E-6	7.5E-6	1.2E-4	9.2E-7	2.7E-3	1.3E-4
190	3.4E-3	9.7E-6	7.4E-6	1.2E-4	9.4E-7	2.8E-3	1.3E-4
200	3.5E-3	9.8E-6	7.3E-6	1.2E-4	9.7E-7	2.9E-3	1.4E-4
210	3.6E-3	9.8E-6	7.2E-6	1.2E-4	9.9E-7	3.0E-3	1.5E-4
220	3.7E-3	9.9E-6	7.1E-6	1.2E-4	1.0E-6	3.1E-3	1.6E-4
230	3.8E-3	1.0E-5	7.0E-6	1.2E-4	1.0E-6	3.2E-3	1.7E-4
240	3.9E-3	1.0E-5	6.9E-6	1.2E-4	1.1E-6	3.3E-3	1.8E-4
250	4.0E-3	1.0E-5	6.8E-6	1.2E-4	1.1E-6	3.3E-3	1.9E-4
260	4.1E-3	1.0E-5	6.7E-6	1.2E-4	1.1E-6	3.4E-3	2.0E-4
270	4.3E-3	1.0E-5	6.6E-6	1.2E-4	1.1E-6	3.5E-3	2.1E-4
280	4.4E-3	1.0E-5	6.6E-6	1.2E-4	1.2E-6	3.6E-3	2.2E-4
290	4.5E-3	1.0E-5	6.5E-6	1.2E-4	1.2E-6	3.7E-3	2.3E-4
300	4.6E-3	1.0E-5	6.4E-6	1.2E-4	1.2E-6	3.8E-3	2.4E-4
310	4.7E-3	1.0E-5	6.3E-6	1.2E-4	1.2E-6	3.9E-3	2.5E-4
320	4.8E-3	1.0E-5	6.2E-6	1.2E-4	1.3E-6	3.9E-3	2.6E-4
330	4.9E-3	1.0E-5	6.1E-6	1.2E-4	1.3E-6	4.0E-3	2.7E-4
340	5.0E-3	1.0E-5	6.1E-6	1.2E-4	1.3E-6	4.1E-3	2.8E-4
350	5.1E-3	1.0E-5	6.0E-6	1.2E-4	1.3E-6	4.2E-3	2.9E-4
360	5.2E-3	1.0E-5	5.9E-6	1.2E-4	1.3E-6	4.3E-3	3.0E-4
365	5.2E-3	1.0E-5	5.9E-6	1.2E-4	1.4E-6	4.3E-3	3.0E-4
370	5.3E-3	1.0E-5	5.8E-6	1.2E-4	1.4E-6	4.4E-3	3.1E-4
380	5.4E-3	1.0E-5	5.8E-6	1.2E-4	1.4E-6	4.5E-3	3.2E-4
390	5.5E-3	1.0E-5	5.7E-6	1.2E-4	1.4E-6	4.6E-3	3.3E-4
400	5.6E-3	1.0E-5	5.6E-6	1.2E-4	1.4E-6	4.6E-3	3.4E-4
410	5.7E-3	1.0E-5	5.6E-6	1.2E-4	1.4E-6	4.7E-3	3.5E-4
420	5.8E-3	1.0E-5	5.5E-6	1.2E-4	1.5E-6	4.8E-3	3.6E-4
430	5.9E-3	1.0E-5	5.4E-6	1.2E-4	1.5E-6	4.9E-3	3.8E-4
440	6.0E-3	1.0E-5	5.4E-6	1.2E-4	1.5E-6	5.0E-3	3.9E-4
450	6.1E-3	1.0E-5	5.3E-6	1.2E-4	1.5E-6	5.1E-3	4.0E-4
460	6.3E-3	1.0E-5	5.2E-6	1.2E-4	1.6E-6	5.2E-3	4.1E-4
470	6.4E-3	1.0E-5	5.2E-6	1.2E-4	1.6E-6	5.3E-3	4.2E-4
480	6.5E-3	1.0E-5	5.1E-6	1.2E-4	1.6E-6	5.3E-3	4.3E-4
490	6.6E-3	1.0E-5	5.1E-6	1.2E-4	1.6E-6	5.4E-3	4.4E-4
500	6.7E-3	1.0E-5	5.0E-6	1.2E-4	1.6E-6	5.5E-3	4.5E-4
510	6.8E-3	1.0E-5	4.9E-6	1.2E-4	1.6E-6	5.6E-3	4.7E-4
520	6.9E-3	1.0E-5	4.9E-6	1.2E-4	1.7E-6	5.7E-3	4.8E-4
530	7.0E-3	1.0E-5	4.8E-6	1.2E-4	1.7E-6	5.8E-3	4.9E-4
540	7.1E-3	1.0E-5	4.8E-6	1.2E-4	1.7E-6	5.9E-3	5.0E-4
550	7.2E-3	1.0E-5	4.7E-6	1.2E-4	1.7E-6	6.0E-3	5.1E-4
560	7.3E-3	1.0E-5	4.7E-6	1.2E-4	1.7E-6	6.1E-3	5.2E-4
570	7.4E-3	1.0E-5	4.6E-6	1.2E-4	1.8E-6	6.2E-3	5.3E-4
580	7.5E-3	1.0E-5	4.6E-6	1.2E-4	1.8E-6	6.3E-3	5.4E-4
590	7.6E-3	1.0E-5	4.5E-6	1.2E-4	1.8E-6	6.3E-3	5.5E-4
600	7.7E-3	1.0E-5	4.5E-6	1.2E-4	1.8E-6	6.4E-3	5.7E-4
610	7.9E-3	1.0E-5	4.4E-6	1.2E-4	1.8E-6	6.5E-3	5.8E-4
620	8.0E-3	1.0E-5	4.4E-6	1.2E-4	1.8E-6	6.6E-3	5.9E-4
630	8.1E-3	1.0E-5	4.3E-6	1.2E-4	1.9E-6	6.7E-3	6.0E-4
640	8.2E-3	1.0E-5	4.3E-6	1.2E-4	1.9E-6	6.8E-3	6.1E-4
650	8.3E-3	9.9E-6	4.2E-6	1.2E-4	1.9E-6	6.9E-3	6.2E-4
660	8.4E-3	9.9E-6	4.2E-6	1.2E-4	1.9E-6	7.0E-3	6.3E-4
670	8.5E-3	9.9E-6	4.1E-6	1.2E-4	1.9E-6	7.1E-3	6.4E-4
680	8.6E-3	9.9E-6	4.1E-6	1.2E-4	2.0E-6	7.2E-3	6.5E-4
690	8.7E-3	9.9E-6	4.1E-6	1.2E-4	2.0E-6	7.3E-3	6.6E-4
700	8.8E-3	9.8E-6	4.0E-6	1.2E-4	2.0E-6	7.4E-3	6.7E-4
710	8.9E-3	9.8E-6	4.0E-6	1.2E-4	2.0E-6	7.4E-3	6.8E-4
720	9.0E-3	9.8E-6	3.9E-6	1.2E-4	2.0E-6	7.5E-3	6.9E-4
730	9.1E-3	9.8E-6	3.9E-6	1.2E-4	2.0E-6	7.6E-3	7.0E-4
740	9.2E-3	9.8E-6	3.9E-6	1.2E-4	2.0E-6	7.7E-3	7.1E-4
750	9.4E-3	9.7E-6	3.8E-6	1.2E-4	2.1E-6	7.8E-3	7.2E-4
760	9.5E-3	9.7E-6	3.8E-6	1.2E-4	2.1E-6	7.9E-3	7.4E-4
770	9.6E-3	9.7E-6	3.7E-6	1.2E-4	2.1E-6	8.0E-3	7.5E-4
780	9.7E-3	9.7E-6	3.7E-6	1.2E-4	2.1E-6	8.1E-3	7.6E-4
790	9.8E-3	9.6E-6	3.7E-6	1.2E-4	2.1E-6	8.2E-3	7.7E-4
800	9.9E-3	9.6E-6	3.6E-6	1.2E-4	2.1E-6	8.3E-3	7.8E-4
810	1.0E-2	9.6E-6	3.6E-6	1.2E-4	2.2E-6	8.4E-3	7.8E-4
820	1.0E-2	9.6E-6	3.6E-6	1.2E-4	2.2E-6	8.5E-3	7.9E-4
830	1.0E-2	9.6E-6	3.5E-6	1.2E-4	2.2E-6	8.6E-3	8.0E-4
840	1.0E-2	9.5E-6	3.5E-6	1.2E-4	2.2E-6	8.7E-3	8.1E-4
850	1.0E-2	9.5E-6	3.5E-6	1.2E-4	2.2E-6	8.7E-3	8.2E-4
860	1.1E-2	9.5E-6	3.4E-6	1.2E-4	2.2E-6	8.8E-3	8.3E-4
870	1.1E-2	9.5E-6	3.4E-6	1.2E-4	2.2E-6	8.9E-3	8.4E-4
880	1.1E-2	9.5E-6	3.4E-6	1.2E-4	2.3E-6	9.0E-3	8.5E-4
890	1.1E-2	9.4E-6	3.3E-6	1.2E-4	2.3E-6	9.1E-3	8.6E-4
900	1.1E-2	9.4E-6	3.3E-6	1.2E-4	2.3E-6	9.2E-3	8.7E-4
910	1.1E-2	9.4E-6	3.3E-6	1.2E-4	2.3E-6	9.3E-3	8.8E-4
920	1.1E-2	9.4E-6	3.3E-6	1.2E-4	2.3E-6	9.4E-3	8.9E-4
930	1.1E-2	9.3E-6	3.2E-6	1.2E-4	2.3E-6	9.5E-3	9.0E-4
940	1.1E-2	9.3E-6	3.2E-6	1.2E-4	2.3E-6	9.6E-3	9.1E-4
950	1.1E-2	9.3E-6	3.2E-6	1.2E-4	2.4E-6	9.7E-3	9.1E-4
960	1.2E-2	9.3E-6	3.1E-6	1.2E-4	2.4E-6	9.8E-3	9.2E-4
970	1.2E-2	9.3E-6	3.1E-6	1.2E-4	2.4E-6	9.9E-3	9.3E-4
980	1.2E-2	9.2E-6	3.1E-6	1.2E-4	2.4E-6	1.0E-2	9.4E-4
990	1.2E-2	9.2E-6	3.1E-6	1.2E-4	2.4E-6	1.0E-2	9.5E-4
1000	1.2E-2	9.2E-6	3.0E-6	1.2E-4	2.4E-6	1.0E-2	9.6E-4
1010	1.2E-2	9.2E-6	3.0E-6	1.2E-4	2.4E-6	1.0E-2	9.7E-4
1020	1.2E-2	9.2E-6	3.0E-6	1.2E-4	2.4E-6	1.0E-2	9.7E-4
1030	1.2E-2	9.1E-6	3.0E-6	1.2E-4	2.5E-6	1.0E-2	9.8E-4
1040	1.2E-2	9.1E-6	2.9E-6	1.2E-4	2.5E-6	1.1E-2	9.9E-4
1050	1.2E-2	9.1E-6	2.9E-6	1.2E-4	2.5E-6	1.1E-2	1.0E-3
1060	1.3E-2	9.1E-6	2.9E-6	1.2E-4	2.5E-6	1.1E-2	1.0E-3
1070	1.3E-2	9.1E-6	2.9E-6	1.2E-4	2.5E-6	1.1E-2	1.0E-3
1080	1.3E-2	9.0E-6	2.9E-6	1.2E-4	2.5E-6	1.1E-2	1.0E-3
1090	1.3E-2	9.0E-6	2.8E-6	1.2E-4	2.5E-6	1.1E-2	1.0E-3
1095	1.3E-2	9.0E-6	2.8E-6	1.2E-4	2.5E-6	1.1E-2	1.0E-3
1100	1.3E-2	9.0E-6	2.8E-6	1.2E-4	2.5E-6	1.1E-2	1.0E-3
1200	1.4E-2	8.8E-6	2.6E-6	1.1E-4	2.6E-6	1.2E-2	1.1E-3
1300	1.5E-2	8.6E-6	2.4E-6	1.1E-4	2.8E-6	1.3E-2	1.2E-3
1400	1.6E-2	8.5E-6	2.3E-6	1.1E-4	2.8E-6	1.4E-2	1.2E-3
1500	1.7E-2	8.3E-6	2.2E-6	1.1E-4	2.9E-6	1.5E-2	1.3E-3
1600	1.8E-2	8.2E-6	2.1E-6	1.1E-4	3.0E-6	1.6E-2	1.3E-3
1700	1.9E-2	8.0E-6	2.0E-6	1.1E-4	3.1E-6	1.6E-2	1.4E-3
1800	2.0E-2	7.9E-6	1.9E-6	1.1E-4	3.2E-6	1.7E-2	1.4E-3
1900	2.0E-2	7.7E-6	1.8E-6	1.1E-4	3.2E-6	1.8E-2	1.4E-3
2000	2.1E-2	7.6E-6	1.8E-6	1.1E-4	3.3E-6	1.9E-2	1.5E-3
2100	2.2E-2	7.5E-6	1.7E-6	1.1E-4	3.3E-6	2.0E-2	1.5E-3
2200	2.3E-2	7.4E-6	1.6E-6	1.1E-4	3.4E-6	2.0E-2	1.5E-3
2300	2.3E-2	7.2E-6	1.6E-6	1.1E-4	3.4E-6	2.1E-2	1.5E-3
2400	2.4E-2	7.1E-6	1.6E-6	1.1E-4	3.5E-6	2.2E-2	1.5E-3
2500	2.5E-2	7.0E-6	1.5E-6	1.1E-4	3.5E-6	2.2E-2	1.5E-3
2600	2.5E-2	6.9E-6	1.5E-6	1.1E-4	3.5E-6	2.3E-2	1.5E-3
2700	2.6E-2	6.8E-6	1.5E-6	1.1E-4	3.5E-6	2.4E-2	1.5E-3
2800	2.7E-2	6.7E-6	1.4E-6	1.1E-4	3.6E-6	2.4E-2	1.6E-3
2900	2.7E-2	6.6E-6	1.4E-6	1.1E-4	3.6E-6	2.5E-2	1.6E-3
3000	2.8E-2	6.5E-6	1.4E-6	1.1E-4	3.6E-6	2.5E-2	1.6E-3
3100	2.9E-2	6.5E-6	1.4E-6	1.1E-4	3.6E-6	2.6E-2	1.6E-3
3200	2.9E-2	6.4E-6	1.3E-6	1.1E-4	3.7E-6	2.7E-2	1.6E-3
3300	3.0E-2	6.3E-6	1.3E-6	1.1E-4	3.7E-6	2.7E-2	1.6E-3
3400	3.0E-2	6.2E-6	1.3E-6	1.1E-4	3.7E-6	2.8E-2	1.6E-3
3500	3.1E-2	6.1E-6	1.3E-6	1.1E-4	3.7E-6	2.8E-2	1.6E-3
3600	3.1E-2	6.1E-6	1.3E-6	1.1E-4	3.7E-6	2.9E-2	1.6E-3
3650	3.1E-2	6.0E-6	1.2E-6	1.1E-4	3.7E-6	2.9E-2	1.6E-3
4000	3.3E-2	5.8E-6	1.2E-6	1.1E-4	3.7E-6	3.0E-2	1.5E-3
5000	3.7E-2	5.2E-6	1.1E-6	1.0E-4	3.7E-6	3.4E-2	1.5E-3
6000	4.0E-2	4.8E-6	9.7E-7	1.0E-4	3.7E-6	3.8E-2	1.4E-3
7000	4.2E-2	4.5E-6	9.0E-7	9.9E-5	3.6E-6	4.0E-2	1.3E-3
8000	4.5E-2	4.2E-6	8.4E-7	9.6E-5	3.5E-6	4.3E-2	1.3E-3
9000	4.7E-2	4.0E-6	8.0E-7	9.3E-5	3.4E-6	4.5E-2	1.2E-3
10000	4.9E-2	3.9E-6	7.6E-7	9.1E-5	3.3E-6	4.7E-2	1.1E-3
11000	5.1E-2	3.7E-6	7.3E-7	8.9E-5	3.2E-6	4.9E-2	1.1E-3
12000	5.3E-2	3.6E-6	7.1E-7	8.6E-5	3.1E-6	5.1E-2	1.0E-3
13000	5.4E-2	3.5E-6	6.9E-7	8.4E-5	3.1E-6	5.3E-2	9.6E-4
14000	5.5E-2	3.4E-6	6.7E-7	8.2E-5	3.0E-6	5.4E-2	9.2E-4
15000	5.6E-2	3.3E-6	6.5E-7	8.1E-5	2.9E-6	5.5E-2	8.8E-4
16000	5.7E-2	3.2E-6	6.4E-7	7.9E-5	2.9E-6	5.6E-2	8.4E-4
17000	5.8E-2	3.2E-6	6.2E-7	7.7E-5	2.8E-6	5.7E-2	8.1E-4
18000	5.8E-2	3.1E-6	6.1E-7	7.6E-5	2.7E-6	5.7E-2	7.8E-4
18250	5.8E-2	3.1E-6	6.1E-7	7.5E-5	2.7E-6	5.7E-2	7.7E-4
