Radionuclide	Sb-125
Route of Intake	Inhalation
Material	Aerosols Type M, Trioxide, all unspecified forms, fA=1E-2
AMTD/AMAD, µm	0.003

Content in an Organ or Excreta Sample per Intake (Reference Bioassay Functions m(t)), Bq per Bq
Time, days	Whole Body	Urine (24-hour sample)	Faeces (24-hour sample)	Alimentary Tract*	Lungs*	Thyroid*	Skeleton*	Liver*
0.041667	9.4E-1	-	-	2.0E-1	4.2E-1	3.0E-5	5.8E-4	6.6E-4
0.083333	9.3E-1	-	-	2.4E-1	4.0E-1	6.1E-5	9.8E-4	1.1E-3
0.125	9.2E-1	-	-	2.7E-1	3.8E-1	8.8E-5	1.3E-3	1.4E-3
0.25	9.0E-1	-	-	3.3E-1	3.4E-1	1.6E-4	2.2E-3	2.3E-3
0.375	8.9E-1	-	-	3.7E-1	3.2E-1	2.1E-4	2.9E-3	2.9E-3
0.5	8.7E-1	-	-	3.9E-1	3.1E-1	2.6E-4	3.5E-3	3.3E-3
0.625	8.5E-1	-	-	4.1E-1	3.0E-1	3.0E-4	3.9E-3	3.6E-3
0.75	8.3E-1	-	-	4.1E-1	2.9E-1	3.3E-4	4.3E-3	3.9E-3
0.875	8.1E-1	-	-	4.1E-1	2.8E-1	3.6E-4	4.6E-3	4.1E-3
1	7.9E-1	1.2E-2	6.7E-2	4.0E-1	2.8E-1	3.9E-4	4.9E-3	4.2E-3
1.125	7.6E-1	-	-	3.9E-1	2.7E-1	4.2E-4	5.1E-3	4.3E-3
1.25	7.3E-1	-	-	3.7E-1	2.6E-1	4.4E-4	5.3E-3	4.4E-3
1.375	7.0E-1	-	-	3.5E-1	2.6E-1	4.6E-4	5.5E-3	4.5E-3
1.5	6.7E-1	-	-	3.3E-1	2.5E-1	4.8E-4	5.7E-3	4.5E-3
1.625	6.4E-1	-	-	3.1E-1	2.5E-1	5.0E-4	5.8E-3	4.5E-3
1.75	6.1E-1	-	-	2.9E-1	2.5E-1	5.2E-4	5.9E-3	4.6E-3
1.875	5.8E-1	-	-	2.6E-1	2.4E-1	5.4E-4	6.0E-3	4.6E-3
2	5.5E-1	7.1E-3	2.2E-1	2.4E-1	2.4E-1	5.6E-4	6.1E-3	4.6E-3
2.25	5.0E-1	-	-	2.0E-1	2.3E-1	5.9E-4	6.3E-3	4.5E-3
2.5	4.6E-1	-	-	1.7E-1	2.2E-1	6.1E-4	6.4E-3	4.5E-3
2.75	4.2E-1	-	-	1.4E-1	2.2E-1	6.4E-4	6.5E-3	4.4E-3
3	3.9E-1	5.7E-3	1.6E-1	1.1E-1	2.1E-1	6.6E-4	6.5E-3	4.3E-3
3.25	3.6E-1	-	-	9.5E-2	2.0E-1	6.7E-4	6.5E-3	4.2E-3
3.5	3.4E-1	-	-	8.1E-2	2.0E-1	6.9E-4	6.5E-3	4.1E-3
3.75	3.2E-1	-	-	6.9E-2	1.9E-1	7.0E-4	6.5E-3	4.0E-3
4	3.1E-1	4.7E-3	7.6E-2	6.0E-2	1.9E-1	7.2E-4	6.4E-3	3.9E-3
4.25	2.9E-1	-	-	5.3E-2	1.8E-1	7.3E-4	6.4E-3	3.8E-3
4.5	2.8E-1	-	-	4.8E-2	1.8E-1	7.3E-4	6.3E-3	3.7E-3
4.75	2.7E-1	-	-	4.3E-2	1.7E-1	7.4E-4	6.2E-3	3.6E-3
5	2.6E-1	4.0E-3	3.8E-2	4.0E-2	1.7E-1	7.5E-4	6.1E-3	3.5E-3
5.5	2.5E-1	-	-	3.4E-2	1.6E-1	7.5E-4	5.9E-3	3.3E-3
6	2.4E-1	3.5E-3	2.4E-2	3.0E-2	1.6E-1	7.6E-4	5.7E-3	3.1E-3
6.5	2.2E-1	-	-	2.7E-2	1.5E-1	7.5E-4	5.4E-3	2.9E-3
7	2.1E-1	3.0E-3	1.8E-2	2.4E-2	1.4E-1	7.5E-4	5.2E-3	2.7E-3
7.5	2.1E-1	-	-	2.2E-2	1.4E-1	7.4E-4	5.0E-3	2.6E-3
8	2.0E-1	2.6E-3	1.4E-2	2.0E-2	1.3E-1	7.3E-4	4.7E-3	2.5E-3
8.5	1.9E-1	-	-	1.8E-2	1.3E-1	7.2E-4	4.5E-3	2.3E-3
9	1.8E-1	2.3E-3	1.2E-2	1.7E-2	1.2E-1	7.1E-4	4.3E-3	2.2E-3
9.5	1.8E-1	-	-	1.5E-2	1.2E-1	7.0E-4	4.1E-3	2.1E-3
10	1.7E-1	2.1E-3	9.4E-3	1.4E-2	1.2E-1	6.8E-4	3.9E-3	2.0E-3
11	1.6E-1	1.8E-3	7.7E-3	1.1E-2	1.1E-1	6.5E-4	3.5E-3	1.8E-3
12	1.5E-1	1.6E-3	6.3E-3	9.4E-3	1.1E-1	6.1E-4	3.2E-3	1.7E-3
13	1.5E-1	1.5E-3	5.2E-3	7.9E-3	1.0E-1	5.8E-4	2.9E-3	1.6E-3
14	1.4E-1	1.3E-3	4.3E-3	6.6E-3	9.9E-2	5.4E-4	2.6E-3	1.5E-3
15	1.4E-1	1.2E-3	3.6E-3	5.6E-3	9.6E-2	5.1E-4	2.4E-3	1.4E-3
16	1.3E-1	1.1E-3	2.9E-3	4.7E-3	9.3E-2	4.8E-4	2.2E-3	1.3E-3
17	1.3E-1	1.0E-3	2.4E-3	4.1E-3	9.1E-2	4.5E-4	2.0E-3	1.3E-3
18	1.3E-1	9.4E-4	2.0E-3	3.5E-3	8.9E-2	4.2E-4	1.8E-3	1.2E-3
19	1.2E-1	8.7E-4	1.7E-3	3.0E-3	8.8E-2	3.9E-4	1.7E-3	1.2E-3
20	1.2E-1	8.1E-4	1.4E-3	2.7E-3	8.6E-2	3.6E-4	1.6E-3	1.1E-3
21	1.2E-1	7.6E-4	1.2E-3	2.3E-3	8.5E-2	3.4E-4	1.5E-3	1.1E-3
22	1.2E-1	7.2E-4	1.0E-3	2.1E-3	8.4E-2	3.2E-4	1.4E-3	1.1E-3
23	1.2E-1	6.8E-4	8.9E-4	1.9E-3	8.3E-2	3.0E-4	1.3E-3	1.0E-3
24	1.1E-1	6.5E-4	7.6E-4	1.7E-3	8.2E-2	2.8E-4	1.3E-3	1.0E-3
25	1.1E-1	6.2E-4	6.6E-4	1.6E-3	8.1E-2	2.6E-4	1.2E-3	9.9E-4
26	1.1E-1	6.0E-4	5.8E-4	1.4E-3	8.0E-2	2.5E-4	1.2E-3	9.8E-4
27	1.1E-1	5.7E-4	5.2E-4	1.4E-3	7.9E-2	2.3E-4	1.1E-3	9.6E-4
28	1.1E-1	5.5E-4	4.6E-4	1.3E-3	7.8E-2	2.2E-4	1.1E-3	9.5E-4
29	1.1E-1	5.4E-4	4.2E-4	1.2E-3	7.8E-2	2.1E-4	1.1E-3	9.4E-4
30	1.1E-1	5.2E-4	3.8E-4	1.1E-3	7.7E-2	2.0E-4	1.0E-3	9.3E-4
31	1.1E-1	5.1E-4	3.5E-4	1.1E-3	7.6E-2	1.9E-4	1.0E-3	9.3E-4
32	1.1E-1	5.0E-4	3.2E-4	1.1E-3	7.6E-2	1.8E-4	9.9E-4	9.2E-4
33	1.0E-1	4.9E-4	3.0E-4	1.0E-3	7.5E-2	1.7E-4	9.7E-4	9.2E-4
34	1.0E-1	4.8E-4	2.8E-4	1.0E-3	7.4E-2	1.6E-4	9.6E-4	9.1E-4
35	1.0E-1	4.7E-4	2.7E-4	9.8E-4	7.4E-2	1.6E-4	9.4E-4	9.1E-4
36	1.0E-1	4.6E-4	2.6E-4	9.6E-4	7.3E-2	1.5E-4	9.3E-4	9.1E-4
37	1.0E-1	4.5E-4	2.4E-4	9.4E-4	7.3E-2	1.4E-4	9.2E-4	9.1E-4
38	1.0E-1	4.5E-4	2.4E-4	9.2E-4	7.2E-2	1.4E-4	9.1E-4	9.0E-4
39	1.0E-1	4.4E-4	2.3E-4	9.1E-4	7.2E-2	1.4E-4	9.0E-4	9.0E-4
40	9.9E-2	4.4E-4	2.2E-4	9.0E-4	7.1E-2	1.3E-4	9.0E-4	9.0E-4
41	9.8E-2	4.3E-4	2.2E-4	8.8E-4	7.0E-2	1.3E-4	8.9E-4	9.0E-4
42	9.8E-2	4.3E-4	2.1E-4	8.7E-4	7.0E-2	1.2E-4	8.8E-4	9.0E-4
43	9.7E-2	4.2E-4	2.1E-4	8.7E-4	6.9E-2	1.2E-4	8.8E-4	9.0E-4
44	9.6E-2	4.2E-4	2.0E-4	8.6E-4	6.9E-2	1.2E-4	8.7E-4	9.0E-4
45	9.6E-2	4.1E-4	2.0E-4	8.5E-4	6.8E-2	1.2E-4	8.7E-4	9.0E-4
46	9.5E-2	4.1E-4	2.0E-4	8.4E-4	6.8E-2	1.1E-4	8.6E-4	9.0E-4
47	9.4E-2	4.1E-4	1.9E-4	8.3E-4	6.7E-2	1.1E-4	8.6E-4	9.0E-4
48	9.4E-2	4.0E-4	1.9E-4	8.3E-4	6.7E-2	1.1E-4	8.5E-4	9.0E-4
49	9.3E-2	4.0E-4	1.9E-4	8.2E-4	6.6E-2	1.1E-4	8.5E-4	9.0E-4
50	9.2E-2	4.0E-4	1.9E-4	8.1E-4	6.6E-2	1.1E-4	8.5E-4	9.0E-4
51	9.2E-2	3.9E-4	1.9E-4	8.1E-4	6.5E-2	1.0E-4	8.4E-4	9.0E-4
52	9.1E-2	3.9E-4	1.8E-4	8.0E-4	6.5E-2	1.0E-4	8.4E-4	9.0E-4
53	9.0E-2	3.9E-4	1.8E-4	8.0E-4	6.4E-2	1.0E-4	8.4E-4	9.0E-4
54	9.0E-2	3.8E-4	1.8E-4	7.9E-4	6.4E-2	1.0E-4	8.4E-4	9.0E-4
55	8.9E-2	3.8E-4	1.8E-4	7.9E-4	6.3E-2	9.9E-5	8.3E-4	9.0E-4
56	8.9E-2	3.8E-4	1.8E-4	7.8E-4	6.3E-2	9.8E-5	8.3E-4	9.0E-4
57	8.8E-2	3.8E-4	1.8E-4	7.7E-4	6.2E-2	9.7E-5	8.3E-4	9.0E-4
58	8.7E-2	3.7E-4	1.7E-4	7.7E-4	6.2E-2	9.6E-5	8.3E-4	9.1E-4
59	8.7E-2	3.7E-4	1.7E-4	7.6E-4	6.1E-2	9.5E-5	8.2E-4	9.1E-4
60	8.6E-2	3.7E-4	1.7E-4	7.6E-4	6.1E-2	9.4E-5	8.2E-4	9.1E-4
61	8.6E-2	3.6E-4	1.7E-4	7.5E-4	6.1E-2	9.3E-5	8.2E-4	9.1E-4
62	8.5E-2	3.6E-4	1.7E-4	7.5E-4	6.0E-2	9.2E-5	8.2E-4	9.1E-4
63	8.4E-2	3.6E-4	1.7E-4	7.4E-4	6.0E-2	9.1E-5	8.2E-4	9.1E-4
64	8.4E-2	3.6E-4	1.6E-4	7.4E-4	5.9E-2	9.1E-5	8.1E-4	9.1E-4
65	8.3E-2	3.6E-4	1.6E-4	7.3E-4	5.9E-2	9.0E-5	8.1E-4	9.1E-4
66	8.3E-2	3.5E-4	1.6E-4	7.3E-4	5.8E-2	8.9E-5	8.1E-4	9.1E-4
67	8.2E-2	3.5E-4	1.6E-4	7.2E-4	5.8E-2	8.8E-5	8.1E-4	9.1E-4
68	8.2E-2	3.5E-4	1.6E-4	7.2E-4	5.7E-2	8.8E-5	8.1E-4	9.1E-4
69	8.1E-2	3.5E-4	1.6E-4	7.2E-4	5.7E-2	8.7E-5	8.0E-4	9.1E-4
70	8.0E-2	3.4E-4	1.6E-4	7.1E-4	5.7E-2	8.6E-5	8.0E-4	9.1E-4
71	8.0E-2	3.4E-4	1.6E-4	7.1E-4	5.6E-2	8.6E-5	8.0E-4	9.1E-4
72	7.9E-2	3.4E-4	1.5E-4	7.0E-4	5.6E-2	8.5E-5	8.0E-4	9.1E-4
73	7.9E-2	3.4E-4	1.5E-4	7.0E-4	5.5E-2	8.4E-5	8.0E-4	9.1E-4
74	7.8E-2	3.3E-4	1.5E-4	6.9E-4	5.5E-2	8.4E-5	7.9E-4	9.1E-4
75	7.8E-2	3.3E-4	1.5E-4	6.9E-4	5.4E-2	8.3E-5	7.9E-4	9.1E-4
76	7.7E-2	3.3E-4	1.5E-4	6.8E-4	5.4E-2	8.3E-5	7.9E-4	9.2E-4
77	7.7E-2	3.3E-4	1.5E-4	6.8E-4	5.4E-2	8.2E-5	7.9E-4	9.2E-4
78	7.6E-2	3.3E-4	1.5E-4	6.7E-4	5.3E-2	8.2E-5	7.9E-4	9.2E-4
79	7.6E-2	3.2E-4	1.5E-4	6.7E-4	5.3E-2	8.1E-5	7.8E-4	9.2E-4
80	7.5E-2	3.2E-4	1.4E-4	6.7E-4	5.2E-2	8.0E-5	7.8E-4	9.2E-4
81	7.5E-2	3.2E-4	1.4E-4	6.6E-4	5.2E-2	8.0E-5	7.8E-4	9.2E-4
82	7.4E-2	3.2E-4	1.4E-4	6.6E-4	5.2E-2	7.9E-5	7.8E-4	9.2E-4
83	7.4E-2	3.1E-4	1.4E-4	6.5E-4	5.1E-2	7.9E-5	7.8E-4	9.2E-4
84	7.3E-2	3.1E-4	1.4E-4	6.5E-4	5.1E-2	7.8E-5	7.8E-4	9.2E-4
85	7.3E-2	3.1E-4	1.4E-4	6.4E-4	5.1E-2	7.8E-5	7.7E-4	9.2E-4
86	7.2E-2	3.1E-4	1.4E-4	6.4E-4	5.0E-2	7.7E-5	7.7E-4	9.2E-4
87	7.2E-2	3.1E-4	1.4E-4	6.4E-4	5.0E-2	7.7E-5	7.7E-4	9.2E-4
88	7.1E-2	3.0E-4	1.4E-4	6.3E-4	4.9E-2	7.6E-5	7.7E-4	9.2E-4
89	7.1E-2	3.0E-4	1.3E-4	6.3E-4	4.9E-2	7.6E-5	7.7E-4	9.2E-4
90	7.0E-2	3.0E-4	1.3E-4	6.2E-4	4.9E-2	7.5E-5	7.7E-4	9.2E-4
91	7.0E-2	3.0E-4	1.3E-4	6.2E-4	4.8E-2	7.5E-5	7.6E-4	9.2E-4
92	6.9E-2	3.0E-4	1.3E-4	6.1E-4	4.8E-2	7.4E-5	7.6E-4	9.2E-4
93	6.9E-2	2.9E-4	1.3E-4	6.1E-4	4.8E-2	7.4E-5	7.6E-4	9.2E-4
94	6.8E-2	2.9E-4	1.3E-4	6.1E-4	4.7E-2	7.3E-5	7.6E-4	9.2E-4
95	6.8E-2	2.9E-4	1.3E-4	6.0E-4	4.7E-2	7.3E-5	7.6E-4	9.2E-4
96	6.7E-2	2.9E-4	1.3E-4	6.0E-4	4.7E-2	7.2E-5	7.6E-4	9.2E-4
97	6.7E-2	2.9E-4	1.3E-4	5.9E-4	4.6E-2	7.2E-5	7.5E-4	9.2E-4
98	6.6E-2	2.8E-4	1.3E-4	5.9E-4	4.6E-2	7.1E-5	7.5E-4	9.2E-4
99	6.6E-2	2.8E-4	1.2E-4	5.9E-4	4.5E-2	7.1E-5	7.5E-4	9.2E-4
100	6.5E-2	2.8E-4	1.2E-4	5.8E-4	4.5E-2	7.0E-5	7.5E-4	9.2E-4
110	6.1E-2	2.6E-4	1.1E-4	5.5E-4	4.2E-2	6.6E-5	7.3E-4	9.2E-4
120	5.7E-2	2.5E-4	1.1E-4	5.1E-4	3.9E-2	6.1E-5	7.2E-4	9.2E-4
130	5.3E-2	2.3E-4	9.7E-5	4.8E-4	3.6E-2	5.7E-5	7.0E-4	9.2E-4
140	5.0E-2	2.1E-4	9.0E-5	4.5E-4	3.4E-2	5.4E-5	6.9E-4	9.2E-4
150	4.7E-2	2.0E-4	8.3E-5	4.2E-4	3.1E-2	5.0E-5	6.8E-4	9.2E-4
160	4.4E-2	1.9E-4	7.6E-5	3.9E-4	2.9E-2	4.7E-5	6.6E-4	9.2E-4
170	4.1E-2	1.8E-4	7.1E-5	3.7E-4	2.7E-2	4.4E-5	6.5E-4	9.2E-4
180	3.8E-2	1.6E-4	6.5E-5	3.4E-4	2.5E-2	4.1E-5	6.4E-4	9.1E-4
190	3.6E-2	1.5E-4	6.0E-5	3.2E-4	2.3E-2	3.8E-5	6.3E-4	9.1E-4
200	3.3E-2	1.4E-4	5.6E-5	3.0E-4	2.2E-2	3.6E-5	6.2E-4	9.0E-4
210	3.1E-2	1.3E-4	5.1E-5	2.8E-4	2.0E-2	3.4E-5	6.1E-4	9.0E-4
220	2.9E-2	1.3E-4	4.7E-5	2.6E-4	1.9E-2	3.1E-5	6.0E-4	8.9E-4
230	2.7E-2	1.2E-4	4.4E-5	2.4E-4	1.7E-2	2.9E-5	5.9E-4	8.9E-4
240	2.6E-2	1.1E-4	4.0E-5	2.3E-4	1.6E-2	2.7E-5	5.8E-4	8.8E-4
250	2.4E-2	1.0E-4	3.7E-5	2.1E-4	1.5E-2	2.6E-5	5.7E-4	8.7E-4
260	2.2E-2	9.5E-5	3.5E-5	2.0E-4	1.4E-2	2.4E-5	5.6E-4	8.7E-4
270	2.1E-2	8.9E-5	3.2E-5	1.9E-4	1.3E-2	2.2E-5	5.5E-4	8.6E-4
280	2.0E-2	8.3E-5	3.0E-5	1.7E-4	1.2E-2	2.1E-5	5.4E-4	8.5E-4
290	1.9E-2	7.8E-5	2.7E-5	1.6E-4	1.1E-2	2.0E-5	5.4E-4	8.4E-4
300	1.7E-2	7.3E-5	2.5E-5	1.5E-4	1.1E-2	1.8E-5	5.3E-4	8.4E-4
310	1.6E-2	6.8E-5	2.3E-5	1.4E-4	9.9E-3	1.7E-5	5.2E-4	8.3E-4
320	1.5E-2	6.4E-5	2.2E-5	1.3E-4	9.2E-3	1.6E-5	5.1E-4	8.2E-4
330	1.4E-2	6.0E-5	2.0E-5	1.3E-4	8.6E-3	1.5E-5	5.1E-4	8.1E-4
340	1.4E-2	5.6E-5	1.8E-5	1.2E-4	8.0E-3	1.4E-5	5.0E-4	8.0E-4
350	1.3E-2	5.2E-5	1.7E-5	1.1E-4	7.5E-3	1.3E-5	4.9E-4	8.0E-4
360	1.2E-2	4.9E-5	1.6E-5	1.0E-4	7.0E-3	1.2E-5	4.9E-4	7.9E-4
365	1.2E-2	4.7E-5	1.5E-5	1.0E-4	6.7E-3	1.2E-5	4.8E-4	7.8E-4
370	1.1E-2	4.6E-5	1.5E-5	9.6E-5	6.5E-3	1.1E-5	4.8E-4	7.8E-4
380	1.1E-2	4.3E-5	1.4E-5	9.0E-5	6.1E-3	1.1E-5	4.8E-4	7.7E-4
390	1.0E-2	4.0E-5	1.3E-5	8.5E-5	5.7E-3	1.0E-5	4.7E-4	7.6E-4
400	9.5E-3	3.7E-5	1.2E-5	7.9E-5	5.3E-3	9.3E-6	4.6E-4	7.5E-4
410	9.0E-3	3.5E-5	1.1E-5	7.5E-5	5.0E-3	8.7E-6	4.6E-4	7.4E-4
420	8.5E-3	3.3E-5	9.9E-6	7.0E-5	4.6E-3	8.2E-6	4.5E-4	7.4E-4
430	8.0E-3	3.1E-5	9.2E-6	6.6E-5	4.3E-3	7.6E-6	4.5E-4	7.3E-4
440	7.6E-3	2.9E-5	8.5E-6	6.2E-5	4.0E-3	7.2E-6	4.4E-4	7.2E-4
450	7.2E-3	2.7E-5	7.9E-6	5.8E-5	3.8E-3	6.7E-6	4.4E-4	7.1E-4
460	6.8E-3	2.5E-5	7.3E-6	5.5E-5	3.5E-3	6.3E-6	4.3E-4	7.0E-4
470	6.4E-3	2.3E-5	6.8E-6	5.1E-5	3.3E-3	5.9E-6	4.3E-4	6.9E-4
480	6.1E-3	2.2E-5	6.3E-6	4.8E-5	3.1E-3	5.5E-6	4.2E-4	6.9E-4
490	5.8E-3	2.1E-5	5.8E-6	4.5E-5	2.9E-3	5.2E-6	4.2E-4	6.8E-4
500	5.5E-3	1.9E-5	5.4E-6	4.3E-5	2.7E-3	4.8E-6	4.1E-4	6.7E-4
510	5.2E-3	1.8E-5	5.0E-6	4.0E-5	2.5E-3	4.5E-6	4.1E-4	6.6E-4
520	4.9E-3	1.7E-5	4.7E-6	3.8E-5	2.4E-3	4.2E-6	4.0E-4	6.5E-4
530	4.7E-3	1.6E-5	4.3E-6	3.6E-5	2.2E-3	4.0E-6	4.0E-4	6.5E-4
540	4.5E-3	1.5E-5	4.0E-6	3.4E-5	2.1E-3	3.7E-6	4.0E-4	6.4E-4
550	4.3E-3	1.4E-5	3.7E-6	3.2E-5	2.0E-3	3.5E-6	3.9E-4	6.3E-4
560	4.1E-3	1.3E-5	3.5E-6	3.0E-5	1.8E-3	3.3E-6	3.9E-4	6.2E-4
570	3.9E-3	1.2E-5	3.2E-6	2.9E-5	1.7E-3	3.1E-6	3.8E-4	6.1E-4
580	3.7E-3	1.2E-5	3.0E-6	2.7E-5	1.6E-3	2.9E-6	3.8E-4	6.1E-4
590	3.5E-3	1.1E-5	2.8E-6	2.6E-5	1.5E-3	2.7E-6	3.8E-4	6.0E-4
600	3.4E-3	1.0E-5	2.6E-6	2.4E-5	1.4E-3	2.6E-6	3.7E-4	5.9E-4
610	3.2E-3	9.6E-6	2.4E-6	2.3E-5	1.3E-3	2.4E-6	3.7E-4	5.8E-4
620	3.1E-3	9.0E-6	2.2E-6	2.2E-5	1.2E-3	2.3E-6	3.6E-4	5.8E-4
630	3.0E-3	8.5E-6	2.1E-6	2.1E-5	1.2E-3	2.1E-6	3.6E-4	5.7E-4
640	2.8E-3	8.0E-6	1.9E-6	2.0E-5	1.1E-3	2.0E-6	3.6E-4	5.6E-4
650	2.7E-3	7.5E-6	1.8E-6	1.9E-5	1.0E-3	1.9E-6	3.5E-4	5.5E-4
660	2.6E-3	7.1E-6	1.7E-6	1.8E-5	9.6E-4	1.8E-6	3.5E-4	5.5E-4
670	2.5E-3	6.7E-6	1.6E-6	1.7E-5	9.1E-4	1.7E-6	3.5E-4	5.4E-4
680	2.4E-3	6.3E-6	1.5E-6	1.6E-5	8.5E-4	1.6E-6	3.4E-4	5.3E-4
690	2.3E-3	5.9E-6	1.4E-6	1.5E-5	8.0E-4	1.5E-6	3.4E-4	5.3E-4
700	2.2E-3	5.6E-6	1.3E-6	1.5E-5	7.5E-4	1.4E-6	3.4E-4	5.2E-4
710	2.2E-3	5.2E-6	1.2E-6	1.4E-5	7.0E-4	1.3E-6	3.3E-4	5.1E-4
720	2.1E-3	4.9E-6	1.1E-6	1.4E-5	6.6E-4	1.2E-6	3.3E-4	5.0E-4
730	2.0E-3	4.7E-6	1.0E-6	1.3E-5	6.2E-4	1.2E-6	3.3E-4	5.0E-4
740	1.9E-3	4.4E-6	9.7E-7	1.2E-5	5.8E-4	1.1E-6	3.2E-4	4.9E-4
750	1.9E-3	4.2E-6	9.1E-7	1.2E-5	5.5E-4	1.0E-6	3.2E-4	4.8E-4
760	1.8E-3	3.9E-6	8.5E-7	1.1E-5	5.2E-4	9.7E-7	3.2E-4	4.8E-4
770	1.7E-3	3.7E-6	8.0E-7	1.1E-5	4.9E-4	9.2E-7	3.1E-4	4.7E-4
780	1.7E-3	3.5E-6	7.5E-7	1.0E-5	4.6E-4	8.7E-7	3.1E-4	4.7E-4
790	1.6E-3	3.3E-6	7.0E-7	1.0E-5	4.3E-4	8.2E-7	3.1E-4	4.6E-4
800	1.6E-3	3.1E-6	6.6E-7	9.7E-6	4.0E-4	7.8E-7	3.1E-4	4.5E-4
810	1.5E-3	3.0E-6	6.1E-7	9.3E-6	3.8E-4	7.4E-7	3.0E-4	4.5E-4
820	1.5E-3	2.8E-6	5.8E-7	9.0E-6	3.6E-4	7.0E-7	3.0E-4	4.4E-4
830	1.5E-3	2.7E-6	5.4E-7	8.7E-6	3.4E-4	6.6E-7	3.0E-4	4.4E-4
840	1.4E-3	2.5E-6	5.1E-7	8.4E-6	3.2E-4	6.2E-7	2.9E-4	4.3E-4
850	1.4E-3	2.4E-6	4.8E-7	8.1E-6	3.0E-4	5.9E-7	2.9E-4	4.2E-4
860	1.3E-3	2.3E-6	4.5E-7	7.8E-6	2.8E-4	5.6E-7	2.9E-4	4.2E-4
870	1.3E-3	2.1E-6	4.2E-7	7.5E-6	2.6E-4	5.3E-7	2.9E-4	4.1E-4
880	1.3E-3	2.0E-6	4.0E-7	7.3E-6	2.5E-4	5.0E-7	2.8E-4	4.1E-4
890	1.2E-3	1.9E-6	3.7E-7	7.1E-6	2.3E-4	4.8E-7	2.8E-4	4.0E-4
900	1.2E-3	1.8E-6	3.5E-7	6.8E-6	2.2E-4	4.6E-7	2.8E-4	4.0E-4
910	1.2E-3	1.7E-6	3.3E-7	6.6E-6	2.1E-4	4.3E-7	2.7E-4	3.9E-4
920	1.1E-3	1.7E-6	3.1E-7	6.4E-6	2.0E-4	4.1E-7	2.7E-4	3.9E-4
930	1.1E-3	1.6E-6	3.0E-7	6.2E-6	1.8E-4	3.9E-7	2.7E-4	3.8E-4
940	1.1E-3	1.5E-6	2.8E-7	6.1E-6	1.7E-4	3.7E-7	2.7E-4	3.8E-4
950	1.1E-3	1.4E-6	2.7E-7	5.9E-6	1.6E-4	3.5E-7	2.6E-4	3.7E-4
960	1.0E-3	1.4E-6	2.5E-7	5.7E-6	1.5E-4	3.4E-7	2.6E-4	3.7E-4
970	1.0E-3	1.3E-6	2.4E-7	5.6E-6	1.4E-4	3.2E-7	2.6E-4	3.6E-4
980	1.0E-3	1.2E-6	2.3E-7	5.4E-6	1.4E-4	3.1E-7	2.6E-4	3.6E-4
990	9.8E-4	1.2E-6	2.1E-7	5.3E-6	1.3E-4	2.9E-7	2.5E-4	3.5E-4
1000	9.6E-4	1.1E-6	2.0E-7	5.2E-6	1.2E-4	2.8E-7	2.5E-4	3.5E-4
1010	9.4E-4	1.1E-6	1.9E-7	5.0E-6	1.1E-4	2.7E-7	2.5E-4	3.4E-4
1020	9.2E-4	1.0E-6	1.8E-7	4.9E-6	1.1E-4	2.6E-7	2.5E-4	3.4E-4
1030	9.0E-4	9.9E-7	1.7E-7	4.8E-6	1.0E-4	2.4E-7	2.5E-4	3.3E-4
1040	8.8E-4	9.5E-7	1.7E-7	4.7E-6	9.6E-5	2.3E-7	2.4E-4	3.3E-4
1050	8.7E-4	9.1E-7	1.6E-7	4.6E-6	9.1E-5	2.2E-7	2.4E-4	3.2E-4
1060	8.5E-4	8.7E-7	1.5E-7	4.4E-6	8.5E-5	2.2E-7	2.4E-4	3.2E-4
1070	8.4E-4	8.4E-7	1.4E-7	4.3E-6	8.1E-5	2.1E-7	2.4E-4	3.1E-4
1080	8.2E-4	8.1E-7	1.4E-7	4.2E-6	7.6E-5	2.0E-7	2.3E-4	3.1E-4
1090	8.1E-4	7.7E-7	1.3E-7	4.2E-6	7.2E-5	1.9E-7	2.3E-4	3.1E-4
1095	8.0E-4	7.6E-7	1.3E-7	4.1E-6	7.0E-5	1.9E-7	2.3E-4	3.0E-4
1100	7.9E-4	7.4E-7	1.2E-7	4.1E-6	6.8E-5	1.8E-7	2.3E-4	3.0E-4
1200	6.7E-4	5.2E-7	8.3E-8	3.3E-6	3.8E-5	1.3E-7	2.1E-4	2.6E-4
1300	5.8E-4	3.8E-7	5.9E-8	2.8E-6	2.2E-5	9.2E-8	1.9E-4	2.3E-4
1400	5.0E-4	2.9E-7	4.4E-8	2.4E-6	1.3E-5	7.0E-8	1.7E-4	2.0E-4
1500	4.4E-4	2.3E-7	3.5E-8	2.0E-6	7.3E-6	5.6E-8	1.6E-4	1.7E-4
1600	3.9E-4	1.9E-7	2.8E-8	1.7E-6	4.4E-6	4.6E-8	1.4E-4	1.5E-4
1700	3.4E-4	1.6E-7	2.4E-8	1.5E-6	2.7E-6	3.9E-8	1.3E-4	1.3E-4
1800	3.0E-4	1.4E-7	2.0E-8	1.3E-6	1.7E-6	3.3E-8	1.2E-4	1.2E-4
1900	2.7E-4	1.2E-7	1.7E-8	1.1E-6	1.1E-6	2.8E-8	1.1E-4	1.0E-4
2000	2.4E-4	1.0E-7	1.5E-8	9.9E-7	8.0E-7	2.4E-8	1.0E-4	8.8E-5
2100	2.1E-4	8.8E-8	1.3E-8	8.7E-7	5.9E-7	2.1E-8	9.2E-5	7.7E-5
2200	1.9E-4	7.7E-8	1.1E-8	7.6E-7	4.5E-7	1.9E-8	8.4E-5	6.7E-5
2300	1.7E-4	6.7E-8	1.0E-8	6.6E-7	3.5E-7	1.6E-8	7.7E-5	5.8E-5
2400	1.5E-4	5.9E-8	8.7E-9	5.7E-7	2.9E-7	1.4E-8	7.1E-5	5.1E-5
2500	1.3E-4	5.2E-8	7.7E-9	5.0E-7	2.4E-7	1.2E-8	6.5E-5	4.4E-5
2600	1.2E-4	4.5E-8	6.7E-9	4.4E-7	2.0E-7	1.1E-8	5.9E-5	3.9E-5
2700	1.1E-4	4.0E-8	5.9E-9	3.8E-7	1.7E-7	9.6E-9	5.4E-5	3.4E-5
2800	9.5E-5	3.5E-8	5.2E-9	3.3E-7	1.5E-7	8.4E-9	5.0E-5	2.9E-5
2900	8.5E-5	3.1E-8	4.5E-9	2.9E-7	1.3E-7	7.4E-9	4.6E-5	2.6E-5
3000	7.7E-5	2.7E-8	4.0E-9	2.5E-7	1.1E-7	6.5E-9	4.2E-5	2.2E-5
3100	6.9E-5	2.4E-8	3.5E-9	2.2E-7	9.7E-8	5.7E-9	3.8E-5	1.9E-5
3200	6.2E-5	2.1E-8	3.1E-9	1.9E-7	8.4E-8	5.0E-9	3.5E-5	1.7E-5
3300	5.5E-5	1.8E-8	2.7E-9	1.7E-7	7.4E-8	4.4E-9	3.2E-5	1.5E-5
3400	5.0E-5	1.6E-8	2.4E-9	1.5E-7	6.4E-8	3.9E-9	3.0E-5	1.3E-5
3500	4.5E-5	1.4E-8	2.1E-9	1.3E-7	5.6E-8	3.4E-9	2.7E-5	1.1E-5
3600	4.0E-5	1.3E-8	1.9E-9	1.1E-7	4.9E-8	3.0E-9	2.5E-5	9.8E-6
3650	3.8E-5	1.2E-8	1.7E-9	1.0E-7	4.6E-8	2.8E-9	2.4E-5	9.2E-6
4000	2.7E-5	7.6E-9	1.1E-9	6.5E-8	2.8E-8	1.8E-9	1.8E-5	5.7E-6
5000	1.0E-5	2.2E-9	3.3E-10	1.7E-8	7.3E-9	5.3E-10	7.8E-6	1.4E-6
6000	4.0E-6	6.9E-10	1.0E-10	4.5E-9	1.9E-9	1.7E-10	3.5E-6	3.7E-7
7000	1.7E-6	2.3E-10	-	1.2E-9	5.2E-10	-	1.6E-6	9.4E-8
8000	7.5E-7	-	-	3.4E-10	1.4E-10	-	7.1E-7	2.4E-8
9000	3.3E-7	-	-	-	-	-	3.2E-7	6.4E-9
10000	1.5E-7	-	-	-	-	-	1.5E-7	1.7E-9
11000	6.9E-8	-	-	-	-	-	6.8E-8	4.6E-10
12000	3.2E-8	-	-	-	-	-	3.2E-8	1.3E-10
13000	1.5E-8	-	-	-	-	-	1.5E-8	-
14000	6.8E-9	-	-	-	-	-	6.7E-9	-
15000	3.1E-9	-	-	-	-	-	3.1E-9	-
16000	1.4E-9	-	-	-	-	-	1.4E-9	-
17000	6.7E-10	-	-	-	-	-	6.6E-10	-
18000	3.1E-10	-	-	-	-	-	3.1E-10	-
18250	2.5E-10	-	-	-	-	-	2.5E-10	-
