Radionuclide	Sr-82
Route of Intake	Injection
Material	Injection, fA=0.25
AMTD/AMAD, µm	-

Content in an Organ or Excreta Sample per Intake (Reference Bioassay Functions m(t)), Bq per Bq
Time, days	Whole Body	Urine (24-hour sample)	Faeces (24-hour sample)	Alimentary Tract*	Skeleton*
0.041667	9.9E-1	-	-	6.0E-2	1.5E-1
0.083333	9.6E-1	-	-	5.5E-2	2.0E-1
0.125	9.4E-1	-	-	5.4E-2	2.3E-1
0.25	8.9E-1	-	-	5.5E-2	2.6E-1
0.375	8.6E-1	-	-	5.7E-2	2.8E-1
0.5	8.3E-1	-	-	5.9E-2	2.9E-1
0.625	8.1E-1	-	-	6.0E-2	3.0E-1
0.75	8.0E-1	-	-	6.1E-2	3.0E-1
0.875	7.8E-1	-	-	6.1E-2	3.0E-1
1	7.6E-1	2.0E-1	1.3E-2	6.0E-2	3.0E-1
1.125	7.5E-1	-	-	5.8E-2	3.0E-1
1.25	7.3E-1	-	-	5.7E-2	3.0E-1
1.375	7.2E-1	-	-	5.5E-2	3.0E-1
1.5	7.0E-1	-	-	5.3E-2	3.0E-1
1.625	6.9E-1	-	-	5.1E-2	3.0E-1
1.75	6.7E-1	-	-	4.9E-2	2.9E-1
1.875	6.6E-1	-	-	4.7E-2	2.9E-1
2	6.5E-1	6.4E-2	3.0E-2	4.5E-2	2.8E-1
2.25	6.3E-1	-	-	4.1E-2	2.8E-1
2.5	6.0E-1	-	-	3.7E-2	2.7E-1
2.75	5.8E-1	-	-	3.4E-2	2.6E-1
3	5.7E-1	4.2E-2	2.4E-2	3.1E-2	2.5E-1
3.25	5.5E-1	-	-	2.8E-2	2.4E-1
3.5	5.3E-1	-	-	2.6E-2	2.4E-1
3.75	5.2E-1	-	-	2.4E-2	2.3E-1
4	5.0E-1	3.0E-2	1.6E-2	2.2E-2	2.2E-1
4.25	4.9E-1	-	-	2.1E-2	2.2E-1
4.5	4.8E-1	-	-	2.0E-2	2.1E-1
4.75	4.7E-1	-	-	1.8E-2	2.1E-1
5	4.6E-1	2.3E-2	1.1E-2	1.7E-2	2.0E-1
5.5	4.4E-1	-	-	1.6E-2	1.9E-1
6	4.2E-1	1.9E-2	8.0E-3	1.4E-2	1.9E-1
6.5	4.0E-1	-	-	1.3E-2	1.8E-1
7	3.8E-1	1.5E-2	6.2E-3	1.2E-2	1.7E-1
7.5	3.7E-1	-	-	1.1E-2	1.7E-1
8	3.6E-1	1.3E-2	4.9E-3	1.0E-2	1.7E-1
8.5	3.4E-1	-	-	9.4E-3	1.6E-1
9	3.3E-1	1.1E-2	4.1E-3	8.7E-3	1.6E-1
9.5	3.2E-1	-	-	8.2E-3	1.6E-1
10	3.1E-1	9.2E-3	3.4E-3	7.6E-3	1.5E-1
11	2.9E-1	8.0E-3	2.9E-3	6.8E-3	1.5E-1
12	2.7E-1	7.1E-3	2.5E-3	6.0E-3	1.4E-1
13	2.6E-1	6.3E-3	2.2E-3	5.4E-3	1.4E-1
14	2.4E-1	5.6E-3	1.9E-3	4.8E-3	1.4E-1
15	2.3E-1	5.0E-3	1.7E-3	4.4E-3	1.3E-1
16	2.2E-1	4.5E-3	1.5E-3	3.9E-3	1.3E-1
17	2.1E-1	4.1E-3	1.4E-3	3.6E-3	1.3E-1
18	2.0E-1	3.7E-3	1.3E-3	3.2E-3	1.2E-1
19	1.9E-1	3.4E-3	1.1E-3	2.9E-3	1.2E-1
20	1.8E-1	3.1E-3	1.0E-3	2.7E-3	1.2E-1
21	1.7E-1	2.8E-3	9.3E-4	2.4E-3	1.1E-1
22	1.6E-1	2.5E-3	8.5E-4	2.2E-3	1.1E-1
23	1.5E-1	2.3E-3	7.7E-4	2.0E-3	1.1E-1
24	1.5E-1	2.1E-3	7.0E-4	1.8E-3	1.0E-1
25	1.4E-1	1.9E-3	6.4E-4	1.7E-3	1.0E-1
26	1.3E-1	1.8E-3	5.9E-4	1.5E-3	9.9E-2
27	1.3E-1	1.6E-3	5.3E-4	1.4E-3	9.6E-2
28	1.2E-1	1.5E-3	4.9E-4	1.3E-3	9.3E-2
29	1.2E-1	1.3E-3	4.5E-4	1.2E-3	9.1E-2
30	1.1E-1	1.2E-3	4.1E-4	1.1E-3	8.8E-2
31	1.1E-1	1.1E-3	3.7E-4	9.8E-4	8.6E-2
32	1.0E-1	1.0E-3	3.4E-4	8.9E-4	8.3E-2
33	1.0E-1	9.5E-4	3.1E-4	8.2E-4	8.1E-2
34	9.6E-2	8.7E-4	2.9E-4	7.5E-4	7.9E-2
35	9.2E-2	8.0E-4	2.6E-4	6.9E-4	7.7E-2
36	8.9E-2	7.4E-4	2.4E-4	6.3E-4	7.5E-2
37	8.5E-2	6.8E-4	2.2E-4	5.8E-4	7.2E-2
38	8.2E-2	6.2E-4	2.0E-4	5.3E-4	7.0E-2
39	7.9E-2	5.7E-4	1.9E-4	4.9E-4	6.8E-2
40	7.6E-2	5.3E-4	1.7E-4	4.5E-4	6.6E-2
41	7.4E-2	4.9E-4	1.6E-4	4.1E-4	6.5E-2
42	7.1E-2	4.5E-4	1.5E-4	3.8E-4	6.3E-2
43	6.9E-2	4.2E-4	1.4E-4	3.5E-4	6.1E-2
44	6.6E-2	3.8E-4	1.3E-4	3.2E-4	5.9E-2
45	6.4E-2	3.6E-4	1.2E-4	3.0E-4	5.7E-2
46	6.2E-2	3.3E-4	1.1E-4	2.8E-4	5.6E-2
47	6.0E-2	3.1E-4	9.9E-5	2.6E-4	5.4E-2
48	5.8E-2	2.8E-4	9.2E-5	2.4E-4	5.3E-2
49	5.6E-2	2.6E-4	8.5E-5	2.2E-4	5.1E-2
50	5.4E-2	2.4E-4	7.9E-5	2.0E-4	5.0E-2
51	5.2E-2	2.3E-4	7.4E-5	1.9E-4	4.8E-2
52	5.1E-2	2.1E-4	6.9E-5	1.7E-4	4.7E-2
53	4.9E-2	2.0E-4	6.4E-5	1.6E-4	4.6E-2
54	4.7E-2	1.8E-4	6.0E-5	1.5E-4	4.4E-2
55	4.6E-2	1.7E-4	5.6E-5	1.4E-4	4.3E-2
56	4.4E-2	1.6E-4	5.2E-5	1.3E-4	4.2E-2
57	4.3E-2	1.5E-4	4.8E-5	1.2E-4	4.0E-2
58	4.2E-2	1.4E-4	4.5E-5	1.1E-4	3.9E-2
59	4.0E-2	1.3E-4	4.2E-5	1.1E-4	3.8E-2
60	3.9E-2	1.2E-4	4.0E-5	1.0E-4	3.7E-2
61	3.8E-2	1.2E-4	3.7E-5	9.4E-5	3.6E-2
62	3.7E-2	1.1E-4	3.5E-5	8.8E-5	3.5E-2
63	3.6E-2	1.0E-4	3.3E-5	8.3E-5	3.4E-2
64	3.5E-2	9.8E-5	3.1E-5	7.8E-5	3.3E-2
65	3.4E-2	9.2E-5	2.9E-5	7.4E-5	3.2E-2
66	3.3E-2	8.7E-5	2.8E-5	6.9E-5	3.1E-2
67	3.2E-2	8.2E-5	2.6E-5	6.5E-5	3.0E-2
68	3.1E-2	7.8E-5	2.5E-5	6.2E-5	2.9E-2
69	3.0E-2	7.4E-5	2.3E-5	5.8E-5	2.8E-2
70	2.9E-2	7.0E-5	2.2E-5	5.5E-5	2.8E-2
71	2.8E-2	6.6E-5	2.1E-5	5.2E-5	2.7E-2
72	2.7E-2	6.3E-5	2.0E-5	4.9E-5	2.6E-2
73	2.6E-2	6.0E-5	1.9E-5	4.7E-5	2.5E-2
74	2.5E-2	5.7E-5	1.8E-5	4.5E-5	2.5E-2
75	2.5E-2	5.4E-5	1.7E-5	4.2E-5	2.4E-2
76	2.4E-2	5.2E-5	1.6E-5	4.0E-5	2.3E-2
77	2.3E-2	4.9E-5	1.5E-5	3.8E-5	2.3E-2
78	2.3E-2	4.7E-5	1.5E-5	3.6E-5	2.2E-2
79	2.2E-2	4.5E-5	1.4E-5	3.5E-5	2.1E-2
80	2.1E-2	4.3E-5	1.3E-5	3.3E-5	2.1E-2
81	2.1E-2	4.1E-5	1.3E-5	3.2E-5	2.0E-2
82	2.0E-2	3.9E-5	1.2E-5	3.0E-5	1.9E-2
83	1.9E-2	3.7E-5	1.2E-5	2.9E-5	1.9E-2
84	1.9E-2	3.6E-5	1.1E-5	2.8E-5	1.8E-2
85	1.8E-2	3.4E-5	1.1E-5	2.6E-5	1.8E-2
86	1.8E-2	3.3E-5	1.0E-5	2.5E-5	1.7E-2
87	1.7E-2	3.2E-5	9.8E-6	2.4E-5	1.7E-2
88	1.7E-2	3.0E-5	9.4E-6	2.3E-5	1.6E-2
89	1.6E-2	2.9E-5	9.0E-6	2.2E-5	1.6E-2
90	1.6E-2	2.8E-5	8.6E-6	2.1E-5	1.5E-2
91	1.5E-2	2.7E-5	8.3E-6	2.1E-5	1.5E-2
92	1.5E-2	2.6E-5	7.9E-6	2.0E-5	1.4E-2
93	1.4E-2	2.5E-5	7.6E-6	1.9E-5	1.4E-2
94	1.4E-2	2.4E-5	7.3E-6	1.8E-5	1.4E-2
95	1.4E-2	2.3E-5	7.1E-6	1.7E-5	1.3E-2
96	1.3E-2	2.2E-5	6.8E-6	1.7E-5	1.3E-2
97	1.3E-2	2.1E-5	6.5E-6	1.6E-5	1.3E-2
98	1.2E-2	2.0E-5	6.3E-6	1.6E-5	1.2E-2
99	1.2E-2	2.0E-5	6.0E-6	1.5E-5	1.2E-2
100	1.2E-2	1.9E-5	5.8E-6	1.4E-5	1.1E-2
110	8.8E-3	1.3E-5	4.0E-6	1.0E-5	8.6E-3
120	6.5E-3	9.2E-6	2.8E-6	7.1E-6	6.4E-3
130	4.9E-3	6.5E-6	2.0E-6	5.0E-6	4.8E-3
140	3.7E-3	4.6E-6	1.4E-6	3.6E-6	3.6E-3
150	2.7E-3	3.3E-6	1.0E-6	2.6E-6	2.7E-3
160	2.1E-3	2.4E-6	7.3E-7	1.9E-6	2.0E-3
170	1.5E-3	1.7E-6	5.2E-7	1.3E-6	1.5E-3
180	1.2E-3	1.2E-6	3.7E-7	9.7E-7	1.1E-3
190	8.7E-4	8.7E-7	2.7E-7	7.0E-7	8.5E-4
200	6.5E-4	6.2E-7	1.9E-7	5.1E-7	6.4E-4
210	4.9E-4	4.5E-7	1.4E-7	3.7E-7	4.8E-4
220	3.7E-4	3.2E-7	9.8E-8	2.7E-7	3.6E-4
230	2.8E-4	2.3E-7	7.1E-8	1.9E-7	2.7E-4
240	2.1E-4	1.7E-7	5.1E-8	1.4E-7	2.1E-4
250	1.6E-4	1.2E-7	3.7E-8	1.0E-7	1.5E-4
260	1.2E-4	8.6E-8	2.6E-8	7.5E-8	1.2E-4
270	8.9E-5	6.2E-8	1.9E-8	5.5E-8	8.8E-5
280	6.7E-5	4.5E-8	1.4E-8	4.0E-8	6.6E-5
290	5.1E-5	3.2E-8	9.9E-9	2.9E-8	5.0E-5
300	3.8E-5	2.3E-8	7.2E-9	2.1E-8	3.8E-5
310	2.9E-5	1.7E-8	5.2E-9	1.6E-8	2.9E-5
320	2.2E-5	1.2E-8	3.8E-9	1.1E-8	2.2E-5
330	1.6E-5	8.9E-9	2.7E-9	8.4E-9	1.6E-5
340	1.2E-5	6.5E-9	2.0E-9	6.2E-9	1.2E-5
350	9.4E-6	4.7E-9	1.4E-9	4.6E-9	9.3E-6
360	7.1E-6	3.4E-9	1.0E-9	3.4E-9	7.0E-6
365	6.2E-6	2.9E-9	8.9E-10	2.9E-9	6.1E-6
370	5.4E-6	2.5E-9	7.6E-10	2.5E-9	5.3E-6
380	4.1E-6	1.8E-9	5.5E-10	1.8E-9	4.0E-6
390	3.1E-6	1.3E-9	4.0E-10	1.4E-9	3.0E-6
400	2.3E-6	9.7E-10	3.0E-10	1.0E-9	2.3E-6
410	1.8E-6	7.1E-10	2.2E-10	7.4E-10	1.7E-6
420	1.3E-6	5.2E-10	1.6E-10	3.1E-10	1.3E-6
430	1.0E-6	3.8E-10	1.2E-10	2.3E-10	1.0E-6
440	7.7E-7	2.8E-10	-	1.8E-10	7.6E-7
450	5.8E-7	2.0E-10	-	1.3E-10	5.7E-7
460	4.4E-7	1.5E-10	-	-	4.3E-7
470	3.3E-7	1.1E-10	-	-	3.3E-7
480	2.5E-7	-	-	-	2.5E-7
490	1.9E-7	-	-	-	1.9E-7
500	1.4E-7	-	-	-	1.4E-7
510	1.1E-7	-	-	-	1.1E-7
520	8.3E-8	-	-	-	8.2E-8
530	6.3E-8	-	-	-	6.2E-8
540	4.8E-8	-	-	-	4.7E-8
550	3.6E-8	-	-	-	3.6E-8
560	2.7E-8	-	-	-	2.7E-8
570	2.1E-8	-	-	-	2.1E-8
580	1.6E-8	-	-	-	1.6E-8
590	1.2E-8	-	-	-	1.2E-8
600	9.1E-9	-	-	-	9.0E-9
610	6.9E-9	-	-	-	6.8E-9
620	5.2E-9	-	-	-	5.2E-9
630	4.0E-9	-	-	-	3.9E-9
640	3.0E-9	-	-	-	3.0E-9
650	2.3E-9	-	-	-	2.3E-9
660	1.7E-9	-	-	-	1.7E-9
670	1.3E-9	-	-	-	1.3E-9
680	9.9E-10	-	-	-	9.8E-10
690	7.5E-10	-	-	-	7.5E-10
700	5.7E-10	-	-	-	5.7E-10
710	4.3E-10	-	-	-	4.3E-10
720	3.3E-10	-	-	-	3.3E-10
730	2.5E-10	-	-	-	2.5E-10
740	1.9E-10	-	-	-	-
750	1.4E-10	-	-	-	-
760	1.1E-10	-	-	-	-
