Radionuclide	Cs-137
Route of Intake	Inhalation
Material	Aerosols Type M, Irradiated fuel fragments, all unspecified forms, fA=0.2
AMTD/AMAD, µm	10

Content in an Organ or Excreta Sample per Intake (Reference Bioassay Functions m(t)), Bq per Bq
Time, days	Whole Body (Ba-137m)	Urine (24-hour sample) (Ba-137m)	Faeces (24-hour sample) (Ba-137m)	Alimentary Tract* (Ba-137m)	Lungs* (Ba-137m)	Skeleton* (Ba-137m)	Liver* (Ba-137m)
0.041667	7.2E-1	-	-	2.6E-1	3.6E-2	3.9E-4	4.7E-4
0.083333	7.1E-1	-	-	2.8E-1	3.3E-2	1.1E-3	1.4E-3
0.125	7.0E-1	-	-	3.0E-1	3.1E-2	2.0E-3	2.6E-3
0.25	6.8E-1	-	-	3.4E-1	2.9E-2	4.6E-3	6.1E-3
0.375	6.6E-1	-	-	3.7E-1	2.8E-2	6.8E-3	8.6E-3
0.5	6.4E-1	-	-	3.8E-1	2.8E-2	8.5E-3	1.0E-2
0.625	6.2E-1	-	-	3.9E-1	2.9E-2	9.9E-3	1.1E-2
0.75	5.9E-1	-	-	3.9E-1	2.9E-2	1.1E-2	1.2E-2
0.875	5.7E-1	-	-	3.9E-1	2.9E-2	1.2E-2	1.2E-2
1	5.5E-1	4.4E-3	6.7E-2	3.7E-1	2.9E-2	1.2E-2	1.2E-2
1.125	5.2E-1	-	-	3.6E-1	2.8E-2	1.3E-2	1.2E-2
1.25	4.9E-1	-	-	3.4E-1	2.8E-2	1.3E-2	1.2E-2
1.375	4.6E-1	-	-	3.2E-1	2.8E-2	1.4E-2	1.1E-2
1.5	4.3E-1	-	-	2.9E-1	2.8E-2	1.4E-2	1.1E-2
1.625	4.1E-1	-	-	2.7E-1	2.8E-2	1.4E-2	1.1E-2
1.75	3.8E-1	-	-	2.4E-1	2.8E-2	1.5E-2	1.0E-2
1.875	3.5E-1	-	-	2.2E-1	2.8E-2	1.5E-2	1.0E-2
2	3.3E-1	2.7E-3	2.0E-1	2.0E-1	2.8E-2	1.5E-2	9.8E-3
2.25	2.9E-1	-	-	1.6E-1	2.8E-2	1.5E-2	9.3E-3
2.5	2.5E-1	-	-	1.3E-1	2.7E-2	1.5E-2	8.9E-3
2.75	2.2E-1	-	-	9.8E-2	2.7E-2	1.5E-2	8.6E-3
3	2.0E-1	1.7E-3	1.3E-1	7.6E-2	2.7E-2	1.5E-2	8.4E-3
3.25	1.8E-1	-	-	5.9E-2	2.7E-2	1.5E-2	8.2E-3
3.5	1.7E-1	-	-	4.6E-2	2.6E-2	1.5E-2	8.0E-3
3.75	1.6E-1	-	-	3.6E-2	2.6E-2	1.4E-2	7.8E-3
4	1.5E-1	1.3E-3	4.7E-2	2.9E-2	2.6E-2	1.4E-2	7.7E-3
4.25	1.5E-1	-	-	2.4E-2	2.6E-2	1.4E-2	7.6E-3
4.5	1.4E-1	-	-	2.0E-2	2.6E-2	1.4E-2	7.5E-3
4.75	1.4E-1	-	-	1.8E-2	2.6E-2	1.4E-2	7.5E-3
5	1.4E-1	1.1E-3	1.4E-2	1.6E-2	2.6E-2	1.4E-2	7.4E-3
5.5	1.3E-1	-	-	1.4E-2	2.5E-2	1.4E-2	7.3E-3
6	1.3E-1	9.4E-4	3.7E-3	1.3E-2	2.5E-2	1.3E-2	7.2E-3
6.5	1.3E-1	-	-	1.2E-2	2.5E-2	1.3E-2	7.1E-3
7	1.3E-1	8.7E-4	1.2E-3	1.2E-2	2.5E-2	1.3E-2	7.1E-3
7.5	1.3E-1	-	-	1.2E-2	2.4E-2	1.3E-2	7.0E-3
8	1.3E-1	8.2E-4	5.3E-4	1.1E-2	2.4E-2	1.3E-2	7.0E-3
8.5	1.3E-1	-	-	1.1E-2	2.4E-2	1.2E-2	6.9E-3
9	1.3E-1	7.8E-4	3.6E-4	1.1E-2	2.4E-2	1.2E-2	6.9E-3
9.5	1.3E-1	-	-	1.1E-2	2.4E-2	1.2E-2	6.9E-3
10	1.3E-1	7.5E-4	3.0E-4	1.1E-2	2.4E-2	1.2E-2	6.8E-3
11	1.2E-1	7.3E-4	2.6E-4	1.1E-2	2.3E-2	1.2E-2	6.8E-3
12	1.2E-1	7.2E-4	2.4E-4	1.1E-2	2.3E-2	1.2E-2	6.7E-3
13	1.2E-1	7.1E-4	2.1E-4	1.1E-2	2.3E-2	1.1E-2	6.7E-3
14	1.2E-1	7.0E-4	2.0E-4	1.1E-2	2.3E-2	1.1E-2	6.6E-3
15	1.2E-1	6.9E-4	1.8E-4	1.1E-2	2.3E-2	1.1E-2	6.6E-3
16	1.2E-1	6.8E-4	1.7E-4	1.1E-2	2.2E-2	1.1E-2	6.5E-3
17	1.2E-1	6.7E-4	1.6E-4	1.1E-2	2.2E-2	1.1E-2	6.5E-3
18	1.2E-1	6.7E-4	1.5E-4	1.1E-2	2.2E-2	1.1E-2	6.5E-3
19	1.2E-1	6.6E-4	1.5E-4	1.0E-2	2.2E-2	1.1E-2	6.4E-3
20	1.2E-1	6.5E-4	1.4E-4	1.0E-2	2.2E-2	1.0E-2	6.4E-3
21	1.2E-1	6.5E-4	1.4E-4	1.0E-2	2.2E-2	1.0E-2	6.3E-3
22	1.2E-1	6.4E-4	1.3E-4	1.0E-2	2.1E-2	1.0E-2	6.3E-3
23	1.1E-1	6.4E-4	1.3E-4	1.0E-2	2.1E-2	1.0E-2	6.3E-3
24	1.1E-1	6.3E-4	1.3E-4	1.0E-2	2.1E-2	1.0E-2	6.2E-3
25	1.1E-1	6.3E-4	1.2E-4	1.0E-2	2.1E-2	1.0E-2	6.2E-3
26	1.1E-1	6.2E-4	1.2E-4	1.0E-2	2.1E-2	1.0E-2	6.1E-3
27	1.1E-1	6.2E-4	1.2E-4	1.0E-2	2.1E-2	9.9E-3	6.1E-3
28	1.1E-1	6.2E-4	1.2E-4	9.9E-3	2.0E-2	9.8E-3	6.1E-3
29	1.1E-1	6.1E-4	1.2E-4	9.8E-3	2.0E-2	9.8E-3	6.0E-3
30	1.1E-1	6.1E-4	1.1E-4	9.8E-3	2.0E-2	9.7E-3	6.0E-3
31	1.1E-1	6.0E-4	1.1E-4	9.7E-3	2.0E-2	9.6E-3	5.9E-3
32	1.1E-1	6.0E-4	1.1E-4	9.6E-3	2.0E-2	9.6E-3	5.9E-3
33	1.1E-1	5.9E-4	1.1E-4	9.6E-3	2.0E-2	9.5E-3	5.9E-3
34	1.1E-1	5.9E-4	1.1E-4	9.5E-3	2.0E-2	9.4E-3	5.8E-3
35	1.1E-1	5.9E-4	1.1E-4	9.4E-3	1.9E-2	9.4E-3	5.8E-3
36	1.0E-1	5.8E-4	1.1E-4	9.4E-3	1.9E-2	9.3E-3	5.7E-3
37	1.0E-1	5.8E-4	1.1E-4	9.3E-3	1.9E-2	9.2E-3	5.7E-3
38	1.0E-1	5.7E-4	1.1E-4	9.3E-3	1.9E-2	9.2E-3	5.7E-3
39	1.0E-1	5.7E-4	1.1E-4	9.2E-3	1.9E-2	9.1E-3	5.6E-3
40	1.0E-1	5.7E-4	1.0E-4	9.1E-3	1.9E-2	9.1E-3	5.6E-3
41	1.0E-1	5.6E-4	1.0E-4	9.1E-3	1.9E-2	9.0E-3	5.6E-3
42	1.0E-1	5.6E-4	1.0E-4	9.0E-3	1.9E-2	8.9E-3	5.5E-3
43	1.0E-1	5.6E-4	1.0E-4	9.0E-3	1.8E-2	8.9E-3	5.5E-3
44	1.0E-1	5.5E-4	1.0E-4	8.9E-3	1.8E-2	8.8E-3	5.5E-3
45	9.9E-2	5.5E-4	1.0E-4	8.8E-3	1.8E-2	8.8E-3	5.4E-3
46	9.8E-2	5.5E-4	1.0E-4	8.8E-3	1.8E-2	8.7E-3	5.4E-3
47	9.8E-2	5.4E-4	9.9E-5	8.7E-3	1.8E-2	8.6E-3	5.3E-3
48	9.7E-2	5.4E-4	9.8E-5	8.7E-3	1.8E-2	8.6E-3	5.3E-3
49	9.6E-2	5.3E-4	9.8E-5	8.6E-3	1.8E-2	8.5E-3	5.3E-3
50	9.6E-2	5.3E-4	9.7E-5	8.6E-3	1.8E-2	8.5E-3	5.2E-3
51	9.5E-2	5.3E-4	9.6E-5	8.5E-3	1.7E-2	8.4E-3	5.2E-3
52	9.4E-2	5.2E-4	9.6E-5	8.4E-3	1.7E-2	8.4E-3	5.2E-3
53	9.4E-2	5.2E-4	9.5E-5	8.4E-3	1.7E-2	8.3E-3	5.1E-3
54	9.3E-2	5.2E-4	9.4E-5	8.3E-3	1.7E-2	8.3E-3	5.1E-3
55	9.3E-2	5.1E-4	9.4E-5	8.3E-3	1.7E-2	8.2E-3	5.1E-3
56	9.2E-2	5.1E-4	9.3E-5	8.2E-3	1.7E-2	8.1E-3	5.0E-3
57	9.1E-2	5.1E-4	9.2E-5	8.2E-3	1.7E-2	8.1E-3	5.0E-3
58	9.1E-2	5.0E-4	9.2E-5	8.1E-3	1.7E-2	8.0E-3	5.0E-3
59	9.0E-2	5.0E-4	9.1E-5	8.1E-3	1.7E-2	8.0E-3	4.9E-3
60	9.0E-2	5.0E-4	9.1E-5	8.0E-3	1.6E-2	7.9E-3	4.9E-3
61	8.9E-2	4.9E-4	9.0E-5	8.0E-3	1.6E-2	7.9E-3	4.9E-3
62	8.8E-2	4.9E-4	8.9E-5	7.9E-3	1.6E-2	7.8E-3	4.8E-3
63	8.8E-2	4.9E-4	8.9E-5	7.9E-3	1.6E-2	7.8E-3	4.8E-3
64	8.7E-2	4.8E-4	8.8E-5	7.8E-3	1.6E-2	7.7E-3	4.8E-3
65	8.7E-2	4.8E-4	8.7E-5	7.8E-3	1.6E-2	7.7E-3	4.7E-3
66	8.6E-2	4.8E-4	8.7E-5	7.7E-3	1.6E-2	7.6E-3	4.7E-3
67	8.6E-2	4.7E-4	8.6E-5	7.7E-3	1.6E-2	7.6E-3	4.7E-3
68	8.5E-2	4.7E-4	8.6E-5	7.6E-3	1.6E-2	7.5E-3	4.7E-3
69	8.4E-2	4.7E-4	8.5E-5	7.6E-3	1.5E-2	7.5E-3	4.6E-3
70	8.4E-2	4.7E-4	8.4E-5	7.5E-3	1.5E-2	7.4E-3	4.6E-3
71	8.3E-2	4.6E-4	8.4E-5	7.5E-3	1.5E-2	7.4E-3	4.6E-3
72	8.3E-2	4.6E-4	8.3E-5	7.4E-3	1.5E-2	7.3E-3	4.5E-3
73	8.2E-2	4.6E-4	8.3E-5	7.4E-3	1.5E-2	7.3E-3	4.5E-3
74	8.2E-2	4.5E-4	8.2E-5	7.3E-3	1.5E-2	7.2E-3	4.5E-3
75	8.1E-2	4.5E-4	8.2E-5	7.3E-3	1.5E-2	7.2E-3	4.4E-3
76	8.1E-2	4.5E-4	8.1E-5	7.2E-3	1.5E-2	7.1E-3	4.4E-3
77	8.0E-2	4.4E-4	8.1E-5	7.2E-3	1.5E-2	7.1E-3	4.4E-3
78	8.0E-2	4.4E-4	8.0E-5	7.1E-3	1.5E-2	7.1E-3	4.4E-3
79	7.9E-2	4.4E-4	7.9E-5	7.1E-3	1.4E-2	7.0E-3	4.3E-3
80	7.8E-2	4.4E-4	7.9E-5	7.0E-3	1.4E-2	7.0E-3	4.3E-3
81	7.8E-2	4.3E-4	7.8E-5	7.0E-3	1.4E-2	6.9E-3	4.3E-3
82	7.7E-2	4.3E-4	7.8E-5	6.9E-3	1.4E-2	6.9E-3	4.2E-3
83	7.7E-2	4.3E-4	7.7E-5	6.9E-3	1.4E-2	6.8E-3	4.2E-3
84	7.6E-2	4.2E-4	7.7E-5	6.8E-3	1.4E-2	6.8E-3	4.2E-3
85	7.6E-2	4.2E-4	7.6E-5	6.8E-3	1.4E-2	6.7E-3	4.2E-3
86	7.5E-2	4.2E-4	7.6E-5	6.8E-3	1.4E-2	6.7E-3	4.1E-3
87	7.5E-2	4.2E-4	7.5E-5	6.7E-3	1.4E-2	6.6E-3	4.1E-3
88	7.4E-2	4.1E-4	7.5E-5	6.7E-3	1.4E-2	6.6E-3	4.1E-3
89	7.4E-2	4.1E-4	7.4E-5	6.6E-3	1.3E-2	6.6E-3	4.1E-3
90	7.3E-2	4.1E-4	7.4E-5	6.6E-3	1.3E-2	6.5E-3	4.0E-3
91	7.3E-2	4.1E-4	7.3E-5	6.5E-3	1.3E-2	6.5E-3	4.0E-3
92	7.2E-2	4.0E-4	7.3E-5	6.5E-3	1.3E-2	6.4E-3	4.0E-3
93	7.2E-2	4.0E-4	7.2E-5	6.4E-3	1.3E-2	6.4E-3	4.0E-3
94	7.2E-2	4.0E-4	7.2E-5	6.4E-3	1.3E-2	6.3E-3	3.9E-3
95	7.1E-2	3.9E-4	7.1E-5	6.4E-3	1.3E-2	6.3E-3	3.9E-3
96	7.1E-2	3.9E-4	7.1E-5	6.3E-3	1.3E-2	6.3E-3	3.9E-3
97	7.0E-2	3.9E-4	7.0E-5	6.3E-3	1.3E-2	6.2E-3	3.8E-3
98	7.0E-2	3.9E-4	7.0E-5	6.2E-3	1.3E-2	6.2E-3	3.8E-3
99	6.9E-2	3.8E-4	6.9E-5	6.2E-3	1.3E-2	6.1E-3	3.8E-3
100	6.9E-2	3.8E-4	6.9E-5	6.2E-3	1.2E-2	6.1E-3	3.8E-3
110	6.4E-2	3.6E-4	6.4E-5	5.8E-3	1.2E-2	5.7E-3	3.5E-3
120	6.0E-2	3.3E-4	6.0E-5	5.4E-3	1.1E-2	5.3E-3	3.3E-3
130	5.6E-2	3.1E-4	5.6E-5	5.1E-3	1.0E-2	5.0E-3	3.1E-3
140	5.3E-2	2.9E-4	5.2E-5	4.7E-3	9.5E-3	4.7E-3	2.9E-3
150	4.9E-2	2.7E-4	4.9E-5	4.4E-3	8.9E-3	4.4E-3	2.7E-3
160	4.6E-2	2.6E-4	4.6E-5	4.1E-3	8.3E-3	4.1E-3	2.5E-3
170	4.3E-2	2.4E-4	4.3E-5	3.9E-3	7.8E-3	3.8E-3	2.4E-3
180	4.1E-2	2.3E-4	4.0E-5	3.6E-3	7.3E-3	3.6E-3	2.2E-3
190	3.8E-2	2.1E-4	3.7E-5	3.4E-3	6.8E-3	3.4E-3	2.1E-3
200	3.6E-2	2.0E-4	3.5E-5	3.2E-3	6.4E-3	3.2E-3	2.0E-3
210	3.3E-2	1.8E-4	3.2E-5	3.0E-3	6.0E-3	3.0E-3	1.8E-3
220	3.1E-2	1.7E-4	3.0E-5	2.8E-3	5.6E-3	2.8E-3	1.7E-3
230	2.9E-2	1.6E-4	2.8E-5	2.6E-3	5.2E-3	2.6E-3	1.6E-3
240	2.7E-2	1.5E-4	2.6E-5	2.4E-3	4.9E-3	2.4E-3	1.5E-3
250	2.6E-2	1.4E-4	2.5E-5	2.3E-3	4.6E-3	2.3E-3	1.4E-3
260	2.4E-2	1.3E-4	2.3E-5	2.1E-3	4.3E-3	2.1E-3	1.3E-3
270	2.2E-2	1.2E-4	2.1E-5	2.0E-3	4.0E-3	2.0E-3	1.2E-3
280	2.1E-2	1.2E-4	2.0E-5	1.9E-3	3.8E-3	1.9E-3	1.2E-3
290	2.0E-2	1.1E-4	1.9E-5	1.8E-3	3.5E-3	1.7E-3	1.1E-3
300	1.8E-2	1.0E-4	1.7E-5	1.6E-3	3.3E-3	1.6E-3	1.0E-3
310	1.7E-2	9.6E-5	1.6E-5	1.5E-3	3.1E-3	1.5E-3	9.5E-4
320	1.6E-2	8.9E-5	1.5E-5	1.4E-3	2.9E-3	1.4E-3	8.9E-4
330	1.5E-2	8.4E-5	1.4E-5	1.4E-3	2.7E-3	1.3E-3	8.3E-4
340	1.4E-2	7.8E-5	1.3E-5	1.3E-3	2.6E-3	1.3E-3	7.8E-4
350	1.3E-2	7.3E-5	1.2E-5	1.2E-3	2.4E-3	1.2E-3	7.3E-4
360	1.2E-2	6.9E-5	1.2E-5	1.1E-3	2.3E-3	1.1E-3	6.8E-4
365	1.2E-2	6.7E-5	1.1E-5	1.1E-3	2.2E-3	1.1E-3	6.6E-4
370	1.2E-2	6.4E-5	1.1E-5	1.0E-3	2.1E-3	1.0E-3	6.4E-4
380	1.1E-2	6.0E-5	1.0E-5	9.7E-4	2.0E-3	9.7E-4	6.0E-4
390	1.0E-2	5.6E-5	9.5E-6	9.1E-4	1.9E-3	9.0E-4	5.6E-4
400	9.6E-3	5.3E-5	8.9E-6	8.5E-4	1.8E-3	8.5E-4	5.2E-4
410	9.0E-3	5.0E-5	8.3E-6	8.0E-4	1.6E-3	7.9E-4	4.9E-4
420	8.5E-3	4.6E-5	7.7E-6	7.5E-4	1.5E-3	7.4E-4	4.6E-4
430	7.9E-3	4.3E-5	7.2E-6	7.0E-4	1.5E-3	7.0E-4	4.3E-4
440	7.4E-3	4.1E-5	6.8E-6	6.6E-4	1.4E-3	6.5E-4	4.0E-4
450	7.0E-3	3.8E-5	6.3E-6	6.2E-4	1.3E-3	6.1E-4	3.8E-4
460	6.5E-3	3.6E-5	5.9E-6	5.8E-4	1.2E-3	5.7E-4	3.5E-4
470	6.1E-3	3.3E-5	5.5E-6	5.4E-4	1.1E-3	5.4E-4	3.3E-4
480	5.8E-3	3.1E-5	5.2E-6	5.1E-4	1.1E-3	5.0E-4	3.1E-4
490	5.4E-3	2.9E-5	4.8E-6	4.8E-4	1.0E-3	4.7E-4	2.9E-4
500	5.1E-3	2.7E-5	4.5E-6	4.5E-4	9.4E-4	4.4E-4	2.7E-4
510	4.8E-3	2.6E-5	4.2E-6	4.2E-4	8.9E-4	4.1E-4	2.6E-4
520	4.5E-3	2.4E-5	4.0E-6	3.9E-4	8.3E-4	3.9E-4	2.4E-4
530	4.2E-3	2.3E-5	3.7E-6	3.7E-4	7.9E-4	3.6E-4	2.2E-4
540	3.9E-3	2.1E-5	3.5E-6	3.4E-4	7.4E-4	3.4E-4	2.1E-4
550	3.7E-3	2.0E-5	3.2E-6	3.2E-4	7.0E-4	3.2E-4	2.0E-4
560	3.5E-3	1.9E-5	3.0E-6	3.0E-4	6.6E-4	3.0E-4	1.9E-4
570	3.3E-3	1.7E-5	2.8E-6	2.8E-4	6.2E-4	2.8E-4	1.7E-4
580	3.1E-3	1.6E-5	2.7E-6	2.7E-4	5.8E-4	2.6E-4	1.6E-4
590	2.9E-3	1.5E-5	2.5E-6	2.5E-4	5.5E-4	2.5E-4	1.5E-4
600	2.7E-3	1.4E-5	2.3E-6	2.3E-4	5.2E-4	2.3E-4	1.4E-4
610	2.5E-3	1.3E-5	2.2E-6	2.2E-4	4.9E-4	2.2E-4	1.3E-4
620	2.4E-3	1.3E-5	2.0E-6	2.1E-4	4.6E-4	2.0E-4	1.3E-4
630	2.2E-3	1.2E-5	1.9E-6	1.9E-4	4.3E-4	1.9E-4	1.2E-4
640	2.1E-3	1.1E-5	1.8E-6	1.8E-4	4.1E-4	1.8E-4	1.1E-4
650	2.0E-3	1.0E-5	1.7E-6	1.7E-4	3.8E-4	1.7E-4	1.0E-4
660	1.9E-3	9.8E-6	1.6E-6	1.6E-4	3.6E-4	1.6E-4	9.8E-5
670	1.7E-3	9.2E-6	1.5E-6	1.5E-4	3.4E-4	1.5E-4	9.2E-5
680	1.6E-3	8.6E-6	1.4E-6	1.4E-4	3.2E-4	1.4E-4	8.6E-5
690	1.5E-3	8.1E-6	1.3E-6	1.3E-4	3.0E-4	1.3E-4	8.1E-5
700	1.5E-3	7.6E-6	1.2E-6	1.2E-4	2.9E-4	1.2E-4	7.6E-5
710	1.4E-3	7.1E-6	1.1E-6	1.2E-4	2.7E-4	1.1E-4	7.1E-5
720	1.3E-3	6.7E-6	1.1E-6	1.1E-4	2.5E-4	1.1E-4	6.7E-5
730	1.2E-3	6.2E-6	9.9E-7	1.0E-4	2.4E-4	1.0E-4	6.3E-5
740	1.1E-3	5.9E-6	9.3E-7	9.7E-5	2.3E-4	9.5E-5	5.9E-5
750	1.1E-3	5.5E-6	8.7E-7	9.1E-5	2.1E-4	8.9E-5	5.6E-5
760	1.0E-3	5.2E-6	8.2E-7	8.5E-5	2.0E-4	8.4E-5	5.2E-5
770	9.6E-4	4.9E-6	7.6E-7	8.0E-5	1.9E-4	7.9E-5	4.9E-5
780	9.0E-4	4.6E-6	7.2E-7	7.5E-5	1.8E-4	7.4E-5	4.6E-5
790	8.5E-4	4.3E-6	6.7E-7	7.1E-5	1.7E-4	7.0E-5	4.3E-5
800	8.0E-4	4.0E-6	6.3E-7	6.7E-5	1.6E-4	6.6E-5	4.1E-5
810	7.6E-4	3.8E-6	5.9E-7	6.3E-5	1.5E-4	6.2E-5	3.8E-5
820	7.1E-4	3.5E-6	5.6E-7	5.9E-5	1.4E-4	5.8E-5	3.6E-5
830	6.7E-4	3.3E-6	5.2E-7	5.6E-5	1.4E-4	5.5E-5	3.4E-5
840	6.3E-4	3.1E-6	4.9E-7	5.2E-5	1.3E-4	5.1E-5	3.2E-5
850	6.0E-4	2.9E-6	4.6E-7	4.9E-5	1.2E-4	4.8E-5	3.0E-5
860	5.7E-4	2.8E-6	4.3E-7	4.6E-5	1.2E-4	4.6E-5	2.8E-5
870	5.3E-4	2.6E-6	4.0E-7	4.4E-5	1.1E-4	4.3E-5	2.7E-5
880	5.1E-4	2.4E-6	3.8E-7	4.1E-5	1.0E-4	4.0E-5	2.5E-5
890	4.8E-4	2.3E-6	3.6E-7	3.9E-5	9.7E-5	3.8E-5	2.4E-5
900	4.5E-4	2.2E-6	3.4E-7	3.7E-5	9.2E-5	3.6E-5	2.2E-5
910	4.3E-4	2.0E-6	3.1E-7	3.5E-5	8.7E-5	3.4E-5	2.1E-5
920	4.0E-4	1.9E-6	3.0E-7	3.3E-5	8.3E-5	3.2E-5	2.0E-5
930	3.8E-4	1.8E-6	2.8E-7	3.1E-5	7.8E-5	3.0E-5	1.9E-5
940	3.6E-4	1.7E-6	2.6E-7	2.9E-5	7.4E-5	2.8E-5	1.8E-5
950	3.4E-4	1.6E-6	2.5E-7	2.7E-5	7.0E-5	2.7E-5	1.7E-5
960	3.2E-4	1.5E-6	2.3E-7	2.6E-5	6.6E-5	2.5E-5	1.6E-5
970	3.1E-4	1.4E-6	2.2E-7	2.4E-5	6.3E-5	2.4E-5	1.5E-5
980	2.9E-4	1.3E-6	2.0E-7	2.3E-5	6.0E-5	2.2E-5	1.4E-5
990	2.8E-4	1.3E-6	1.9E-7	2.2E-5	5.6E-5	2.1E-5	1.3E-5
1000	2.6E-4	1.2E-6	1.8E-7	2.1E-5	5.3E-5	2.0E-5	1.3E-5
1010	2.5E-4	1.1E-6	1.7E-7	1.9E-5	5.1E-5	1.9E-5	1.2E-5
1020	2.4E-4	1.1E-6	1.6E-7	1.8E-5	4.8E-5	1.8E-5	1.1E-5
1030	2.2E-4	9.9E-7	1.5E-7	1.7E-5	4.5E-5	1.7E-5	1.1E-5
1040	2.1E-4	9.3E-7	1.4E-7	1.7E-5	4.3E-5	1.6E-5	1.0E-5
1050	2.0E-4	8.8E-7	1.3E-7	1.6E-5	4.1E-5	1.5E-5	9.5E-6
1060	1.9E-4	8.3E-7	1.3E-7	1.5E-5	3.9E-5	1.4E-5	9.0E-6
1070	1.8E-4	7.8E-7	1.2E-7	1.4E-5	3.7E-5	1.4E-5	8.5E-6
1080	1.7E-4	7.4E-7	1.1E-7	1.3E-5	3.5E-5	1.3E-5	8.1E-6
1090	1.7E-4	7.0E-7	1.1E-7	1.3E-5	3.3E-5	1.2E-5	7.7E-6
1095	1.6E-4	6.8E-7	1.0E-7	1.2E-5	3.2E-5	1.2E-5	7.5E-6
1100	1.6E-4	6.6E-7	1.0E-7	1.2E-5	3.1E-5	1.2E-5	7.3E-6
1200	1.0E-4	3.8E-7	5.6E-8	7.3E-6	1.9E-5	6.9E-6	4.4E-6
1300	6.6E-5	2.2E-7	3.3E-8	4.6E-6	1.1E-5	4.3E-6	2.8E-6
1400	4.6E-5	1.4E-7	2.0E-8	3.1E-6	6.9E-6	2.8E-6	1.8E-6
1500	3.3E-5	8.6E-8	1.2E-8	2.2E-6	4.3E-6	1.9E-6	1.3E-6
1600	2.5E-5	5.7E-8	8.2E-9	1.6E-6	2.8E-6	1.4E-6	9.3E-7
1700	2.0E-5	3.9E-8	5.6E-9	1.2E-6	1.8E-6	1.1E-6	7.1E-7
1800	1.6E-5	2.9E-8	4.0E-9	9.8E-7	1.2E-6	8.3E-7	5.6E-7
1900	1.3E-5	2.2E-8	3.0E-9	7.9E-7	8.7E-7	6.7E-7	4.5E-7
2000	1.1E-5	1.7E-8	2.3E-9	6.6E-7	6.3E-7	5.5E-7	3.7E-7
2100	9.2E-6	1.3E-8	1.9E-9	5.5E-7	4.7E-7	4.6E-7	3.1E-7
2200	7.8E-6	1.1E-8	1.5E-9	4.6E-7	3.6E-7	3.8E-7	2.6E-7
2300	6.7E-6	9.1E-9	1.3E-9	4.0E-7	2.9E-7	3.3E-7	2.2E-7
2400	5.7E-6	7.7E-9	1.1E-9	3.4E-7	2.3E-7	2.8E-7	1.9E-7
2500	4.9E-6	6.5E-9	9.0E-10	2.9E-7	1.9E-7	2.4E-7	1.6E-7
2600	4.2E-6	5.5E-9	7.7E-10	2.5E-7	1.6E-7	2.0E-7	1.4E-7
2700	3.6E-6	4.7E-9	6.6E-10	2.1E-7	1.3E-7	1.8E-7	1.2E-7
2800	3.1E-6	4.1E-9	5.6E-10	1.8E-7	1.1E-7	1.5E-7	1.0E-7
2900	2.7E-6	3.5E-9	4.8E-10	1.6E-7	9.6E-8	1.3E-7	9.0E-8
3000	2.3E-6	3.0E-9	4.2E-10	1.4E-7	8.2E-8	1.1E-7	7.8E-8
3100	2.0E-6	2.6E-9	3.6E-10	1.2E-7	7.1E-8	9.7E-8	6.7E-8
3200	1.7E-6	2.2E-9	3.1E-10	1.0E-7	6.1E-8	8.4E-8	5.8E-8
3300	1.5E-6	1.9E-9	2.7E-10	8.8E-8	5.2E-8	7.2E-8	5.0E-8
3400	1.3E-6	1.7E-9	2.3E-10	7.6E-8	4.5E-8	6.2E-8	4.3E-8
3500	1.1E-6	1.4E-9	2.0E-10	6.6E-8	3.9E-8	5.4E-8	3.7E-8
3600	9.6E-7	1.2E-9	1.7E-10	5.7E-8	3.3E-8	4.6E-8	3.2E-8
3650	8.9E-7	1.1E-9	1.6E-10	5.3E-8	3.1E-8	4.3E-8	3.0E-8
4000	5.3E-7	6.9E-10	-	3.1E-8	1.9E-8	2.6E-8	1.8E-8
5000	1.2E-7	1.6E-10	-	7.2E-9	4.3E-9	5.9E-9	4.1E-9
6000	2.8E-8	-	-	1.7E-9	9.8E-10	1.4E-9	9.4E-10
7000	6.5E-9	-	-	3.8E-10	2.2E-10	3.1E-10	2.1E-10
8000	1.5E-9	-	-	-	-	-	-
9000	3.4E-10	-	-	-	-	-	-
