Radionuclide	Lu-173
Route of Intake	Inhalation
Material	Aerosols Water soluble forms, including chloride and citrate, fA=2.5E-4
AMTD/AMAD, µm	3

Content in an Organ or Excreta Sample per Intake (Reference Bioassay Functions m(t)), Bq per Bq
Time, days	Whole Body	Urine (24-hour sample)	Faeces (24-hour sample)	Alimentary Tract*	Lungs*	Skeleton*	Liver*
0.041667	7.7E-1	-	-	2.5E-1	1.0E-1	7.6E-4	2.2E-4
0.083333	7.6E-1	-	-	2.9E-1	9.5E-2	1.6E-3	2.8E-4
0.125	7.5E-1	-	-	3.1E-1	9.1E-2	2.4E-3	3.5E-4
0.25	7.3E-1	-	-	3.7E-1	8.2E-2	4.5E-3	5.2E-4
0.375	7.1E-1	-	-	4.1E-1	7.7E-2	6.3E-3	6.8E-4
0.5	6.9E-1	-	-	4.4E-1	7.3E-2	8.0E-3	8.2E-4
0.625	6.7E-1	-	-	4.6E-1	7.0E-2	9.6E-3	9.5E-4
0.75	6.4E-1	-	-	4.6E-1	6.7E-2	1.1E-2	1.1E-3
0.875	6.2E-1	-	-	4.6E-1	6.5E-2	1.2E-2	1.2E-3
1	5.9E-1	4.6E-3	7.7E-2	4.5E-1	6.2E-2	1.3E-2	1.3E-3
1.125	5.6E-1	-	-	4.3E-1	6.0E-2	1.5E-2	1.4E-3
1.25	5.2E-1	-	-	4.0E-1	5.8E-2	1.6E-2	1.5E-3
1.375	4.9E-1	-	-	3.8E-1	5.7E-2	1.6E-2	1.5E-3
1.5	4.6E-1	-	-	3.5E-1	5.5E-2	1.7E-2	1.6E-3
1.625	4.2E-1	-	-	3.2E-1	5.4E-2	1.8E-2	1.7E-3
1.75	3.9E-1	-	-	2.9E-1	5.3E-2	1.9E-2	1.7E-3
1.875	3.6E-1	-	-	2.6E-1	5.2E-2	1.9E-2	1.8E-3
2	3.3E-1	2.5E-3	2.4E-1	2.4E-1	5.1E-2	2.0E-2	1.8E-3
2.25	2.8E-1	-	-	1.9E-1	5.0E-2	2.1E-2	1.9E-3
2.5	2.3E-1	-	-	1.5E-1	4.8E-2	2.2E-2	2.0E-3
2.75	1.9E-1	-	-	1.1E-1	4.7E-2	2.2E-2	2.0E-3
3	1.7E-1	1.2E-3	1.6E-1	8.3E-2	4.7E-2	2.3E-2	2.1E-3
3.25	1.4E-1	-	-	6.2E-2	4.6E-2	2.3E-2	2.1E-3
3.5	1.3E-1	-	-	4.5E-2	4.5E-2	2.4E-2	2.1E-3
3.75	1.1E-1	-	-	3.3E-2	4.5E-2	2.4E-2	2.2E-3
4	1.0E-1	5.9E-4	6.0E-2	2.4E-2	4.4E-2	2.4E-2	2.2E-3
4.25	9.7E-2	-	-	1.7E-2	4.4E-2	2.4E-2	2.2E-3
4.5	9.2E-2	-	-	1.3E-2	4.4E-2	2.5E-2	2.2E-3
4.75	8.9E-2	-	-	9.1E-3	4.4E-2	2.5E-2	2.2E-3
5	8.6E-2	3.0E-4	1.8E-2	6.7E-3	4.3E-2	2.5E-2	2.2E-3
5.5	8.3E-2	-	-	3.8E-3	4.3E-2	2.5E-2	2.2E-3
6	8.1E-2	1.7E-4	4.9E-3	2.3E-3	4.2E-2	2.5E-2	2.2E-3
6.5	8.0E-2	-	-	1.6E-3	4.2E-2	2.5E-2	2.3E-3
7	7.9E-2	1.1E-4	1.5E-3	1.2E-3	4.2E-2	2.5E-2	2.3E-3
7.5	7.8E-2	-	-	1.0E-3	4.1E-2	2.5E-2	2.3E-3
8	7.8E-2	8.5E-5	6.9E-4	9.1E-4	4.1E-2	2.5E-2	2.3E-3
8.5	7.8E-2	-	-	8.3E-4	4.1E-2	2.5E-2	2.3E-3
9	7.7E-2	7.1E-5	4.6E-4	7.7E-4	4.1E-2	2.5E-2	2.3E-3
9.5	7.7E-2	-	-	7.2E-4	4.1E-2	2.5E-2	2.3E-3
10	7.7E-2	6.4E-5	3.6E-4	6.7E-4	4.0E-2	2.5E-2	2.3E-3
11	7.6E-2	5.9E-5	3.1E-4	6.0E-4	4.0E-2	2.5E-2	2.3E-3
12	7.6E-2	5.6E-5	2.6E-4	5.4E-4	4.0E-2	2.6E-2	2.3E-3
13	7.6E-2	5.3E-5	2.3E-4	5.0E-4	3.9E-2	2.6E-2	2.3E-3
14	7.5E-2	5.1E-5	2.0E-4	4.6E-4	3.9E-2	2.6E-2	2.3E-3
15	7.5E-2	4.8E-5	1.8E-4	4.2E-4	3.9E-2	2.6E-2	2.3E-3
16	7.5E-2	4.6E-5	1.6E-4	4.0E-4	3.8E-2	2.6E-2	2.3E-3
17	7.4E-2	4.5E-5	1.4E-4	3.8E-4	3.8E-2	2.6E-2	2.3E-3
18	7.4E-2	4.3E-5	1.3E-4	3.6E-4	3.8E-2	2.6E-2	2.3E-3
19	7.4E-2	4.1E-5	1.2E-4	3.4E-4	3.8E-2	2.6E-2	2.2E-3
20	7.4E-2	4.0E-5	1.1E-4	3.3E-4	3.7E-2	2.6E-2	2.2E-3
21	7.3E-2	3.9E-5	1.0E-4	3.2E-4	3.7E-2	2.6E-2	2.2E-3
22	7.3E-2	3.8E-5	9.8E-5	3.1E-4	3.7E-2	2.6E-2	2.2E-3
23	7.3E-2	3.7E-5	9.4E-5	3.0E-4	3.7E-2	2.6E-2	2.2E-3
24	7.3E-2	3.6E-5	8.9E-5	3.0E-4	3.7E-2	2.6E-2	2.2E-3
25	7.2E-2	3.5E-5	8.6E-5	2.9E-4	3.6E-2	2.6E-2	2.2E-3
26	7.2E-2	3.4E-5	8.3E-5	2.9E-4	3.6E-2	2.6E-2	2.2E-3
27	7.2E-2	3.3E-5	8.1E-5	2.8E-4	3.6E-2	2.6E-2	2.2E-3
28	7.2E-2	3.2E-5	7.9E-5	2.8E-4	3.6E-2	2.6E-2	2.2E-3
29	7.2E-2	3.2E-5	7.7E-5	2.8E-4	3.6E-2	2.6E-2	2.2E-3
30	7.1E-2	3.1E-5	7.5E-5	2.7E-4	3.5E-2	2.6E-2	2.2E-3
31	7.1E-2	3.0E-5	7.4E-5	2.7E-4	3.5E-2	2.6E-2	2.2E-3
32	7.1E-2	3.0E-5	7.3E-5	2.7E-4	3.5E-2	2.6E-2	2.2E-3
33	7.1E-2	2.9E-5	7.2E-5	2.7E-4	3.5E-2	2.6E-2	2.2E-3
34	7.1E-2	2.9E-5	7.1E-5	2.6E-4	3.5E-2	2.6E-2	2.2E-3
35	7.0E-2	2.8E-5	7.0E-5	2.6E-4	3.4E-2	2.6E-2	2.2E-3
36	7.0E-2	2.8E-5	6.9E-5	2.6E-4	3.4E-2	2.6E-2	2.2E-3
37	7.0E-2	2.8E-5	6.9E-5	2.6E-4	3.4E-2	2.6E-2	2.2E-3
38	7.0E-2	2.7E-5	6.8E-5	2.6E-4	3.4E-2	2.6E-2	2.2E-3
39	7.0E-2	2.7E-5	6.7E-5	2.6E-4	3.4E-2	2.6E-2	2.2E-3
40	6.9E-2	2.7E-5	6.7E-5	2.5E-4	3.3E-2	2.6E-2	2.2E-3
41	6.9E-2	2.6E-5	6.6E-5	2.5E-4	3.3E-2	2.7E-2	2.2E-3
42	6.9E-2	2.6E-5	6.6E-5	2.5E-4	3.3E-2	2.7E-2	2.2E-3
43	6.9E-2	2.6E-5	6.5E-5	2.5E-4	3.3E-2	2.7E-2	2.2E-3
44	6.9E-2	2.5E-5	6.5E-5	2.5E-4	3.3E-2	2.7E-2	2.2E-3
45	6.8E-2	2.5E-5	6.4E-5	2.5E-4	3.3E-2	2.7E-2	2.2E-3
46	6.8E-2	2.5E-5	6.4E-5	2.5E-4	3.2E-2	2.7E-2	2.2E-3
47	6.8E-2	2.5E-5	6.3E-5	2.4E-4	3.2E-2	2.7E-2	2.2E-3
48	6.8E-2	2.4E-5	6.3E-5	2.4E-4	3.2E-2	2.7E-2	2.2E-3
49	6.8E-2	2.4E-5	6.3E-5	2.4E-4	3.2E-2	2.7E-2	2.2E-3
50	6.8E-2	2.4E-5	6.2E-5	2.4E-4	3.2E-2	2.7E-2	2.2E-3
51	6.7E-2	2.4E-5	6.2E-5	2.4E-4	3.2E-2	2.7E-2	2.2E-3
52	6.7E-2	2.3E-5	6.1E-5	2.4E-4	3.1E-2	2.7E-2	2.2E-3
53	6.7E-2	2.3E-5	6.1E-5	2.4E-4	3.1E-2	2.7E-2	2.2E-3
54	6.7E-2	2.3E-5	6.1E-5	2.4E-4	3.1E-2	2.7E-2	2.2E-3
55	6.7E-2	2.3E-5	6.0E-5	2.3E-4	3.1E-2	2.7E-2	2.2E-3
56	6.6E-2	2.3E-5	6.0E-5	2.3E-4	3.1E-2	2.7E-2	2.2E-3
57	6.6E-2	2.2E-5	5.9E-5	2.3E-4	3.1E-2	2.7E-2	2.2E-3
58	6.6E-2	2.2E-5	5.9E-5	2.3E-4	3.0E-2	2.7E-2	2.2E-3
59	6.6E-2	2.2E-5	5.9E-5	2.3E-4	3.0E-2	2.7E-2	2.2E-3
60	6.6E-2	2.2E-5	5.8E-5	2.3E-4	3.0E-2	2.7E-2	2.2E-3
61	6.6E-2	2.2E-5	5.8E-5	2.3E-4	3.0E-2	2.7E-2	2.2E-3
62	6.5E-2	2.2E-5	5.8E-5	2.3E-4	3.0E-2	2.7E-2	2.2E-3
63	6.5E-2	2.1E-5	5.7E-5	2.2E-4	3.0E-2	2.7E-2	2.2E-3
64	6.5E-2	2.1E-5	5.7E-5	2.2E-4	2.9E-2	2.7E-2	2.2E-3
65	6.5E-2	2.1E-5	5.7E-5	2.2E-4	2.9E-2	2.7E-2	2.2E-3
66	6.5E-2	2.1E-5	5.6E-5	2.2E-4	2.9E-2	2.7E-2	2.2E-3
67	6.5E-2	2.1E-5	5.6E-5	2.2E-4	2.9E-2	2.7E-2	2.2E-3
68	6.4E-2	2.1E-5	5.5E-5	2.2E-4	2.9E-2	2.7E-2	2.2E-3
69	6.4E-2	2.1E-5	5.5E-5	2.2E-4	2.9E-2	2.7E-2	2.1E-3
70	6.4E-2	2.0E-5	5.5E-5	2.2E-4	2.9E-2	2.7E-2	2.1E-3
71	6.4E-2	2.0E-5	5.4E-5	2.2E-4	2.8E-2	2.7E-2	2.1E-3
72	6.4E-2	2.0E-5	5.4E-5	2.1E-4	2.8E-2	2.7E-2	2.1E-3
73	6.4E-2	2.0E-5	5.4E-5	2.1E-4	2.8E-2	2.7E-2	2.1E-3
74	6.3E-2	2.0E-5	5.3E-5	2.1E-4	2.8E-2	2.7E-2	2.1E-3
75	6.3E-2	2.0E-5	5.3E-5	2.1E-4	2.8E-2	2.7E-2	2.1E-3
76	6.3E-2	2.0E-5	5.3E-5	2.1E-4	2.8E-2	2.7E-2	2.1E-3
77	6.3E-2	2.0E-5	5.2E-5	2.1E-4	2.8E-2	2.7E-2	2.1E-3
78	6.3E-2	1.9E-5	5.2E-5	2.1E-4	2.7E-2	2.7E-2	2.1E-3
79	6.3E-2	1.9E-5	5.2E-5	2.1E-4	2.7E-2	2.7E-2	2.1E-3
80	6.3E-2	1.9E-5	5.2E-5	2.1E-4	2.7E-2	2.7E-2	2.1E-3
81	6.2E-2	1.9E-5	5.1E-5	2.0E-4	2.7E-2	2.7E-2	2.1E-3
82	6.2E-2	1.9E-5	5.1E-5	2.0E-4	2.7E-2	2.7E-2	2.1E-3
83	6.2E-2	1.9E-5	5.1E-5	2.0E-4	2.7E-2	2.7E-2	2.1E-3
84	6.2E-2	1.9E-5	5.0E-5	2.0E-4	2.7E-2	2.7E-2	2.1E-3
85	6.2E-2	1.9E-5	5.0E-5	2.0E-4	2.7E-2	2.7E-2	2.1E-3
86	6.2E-2	1.9E-5	5.0E-5	2.0E-4	2.6E-2	2.7E-2	2.1E-3
87	6.1E-2	1.8E-5	4.9E-5	2.0E-4	2.6E-2	2.7E-2	2.1E-3
88	6.1E-2	1.8E-5	4.9E-5	2.0E-4	2.6E-2	2.7E-2	2.1E-3
89	6.1E-2	1.8E-5	4.9E-5	2.0E-4	2.6E-2	2.7E-2	2.1E-3
90	6.1E-2	1.8E-5	4.8E-5	2.0E-4	2.6E-2	2.7E-2	2.1E-3
91	6.1E-2	1.8E-5	4.8E-5	1.9E-4	2.6E-2	2.7E-2	2.1E-3
92	6.1E-2	1.8E-5	4.8E-5	1.9E-4	2.6E-2	2.7E-2	2.1E-3
93	6.1E-2	1.8E-5	4.8E-5	1.9E-4	2.6E-2	2.7E-2	2.1E-3
94	6.0E-2	1.8E-5	4.7E-5	1.9E-4	2.5E-2	2.7E-2	2.1E-3
95	6.0E-2	1.8E-5	4.7E-5	1.9E-4	2.5E-2	2.7E-2	2.1E-3
96	6.0E-2	1.7E-5	4.7E-5	1.9E-4	2.5E-2	2.7E-2	2.1E-3
97	6.0E-2	1.7E-5	4.6E-5	1.9E-4	2.5E-2	2.7E-2	2.1E-3
98	6.0E-2	1.7E-5	4.6E-5	1.9E-4	2.5E-2	2.7E-2	2.1E-3
99	6.0E-2	1.7E-5	4.6E-5	1.9E-4	2.5E-2	2.7E-2	2.1E-3
100	5.9E-2	1.7E-5	4.6E-5	1.9E-4	2.5E-2	2.7E-2	2.1E-3
110	5.8E-2	1.6E-5	4.3E-5	1.8E-4	2.3E-2	2.7E-2	2.0E-3
120	5.7E-2	1.5E-5	4.0E-5	1.7E-4	2.2E-2	2.7E-2	2.0E-3
130	5.5E-2	1.5E-5	3.8E-5	1.6E-4	2.1E-2	2.7E-2	2.0E-3
140	5.4E-2	1.4E-5	3.6E-5	1.5E-4	2.0E-2	2.7E-2	1.9E-3
150	5.3E-2	1.3E-5	3.4E-5	1.4E-4	1.9E-2	2.7E-2	1.9E-3
160	5.2E-2	1.3E-5	3.2E-5	1.4E-4	1.9E-2	2.7E-2	1.9E-3
170	5.1E-2	1.2E-5	3.0E-5	1.3E-4	1.8E-2	2.7E-2	1.8E-3
180	4.9E-2	1.2E-5	2.8E-5	1.3E-4	1.7E-2	2.7E-2	1.8E-3
190	4.8E-2	1.1E-5	2.7E-5	1.2E-4	1.6E-2	2.7E-2	1.8E-3
200	4.7E-2	1.1E-5	2.5E-5	1.1E-4	1.5E-2	2.6E-2	1.7E-3
210	4.6E-2	1.0E-5	2.4E-5	1.1E-4	1.5E-2	2.6E-2	1.7E-3
220	4.5E-2	9.8E-6	2.2E-5	1.0E-4	1.4E-2	2.6E-2	1.7E-3
230	4.4E-2	9.4E-6	2.1E-5	1.0E-4	1.4E-2	2.6E-2	1.6E-3
240	4.4E-2	9.1E-6	2.0E-5	9.6E-5	1.3E-2	2.6E-2	1.6E-3
250	4.3E-2	8.7E-6	1.9E-5	9.1E-5	1.2E-2	2.6E-2	1.6E-3
260	4.2E-2	8.4E-6	1.8E-5	8.8E-5	1.2E-2	2.5E-2	1.5E-3
270	4.1E-2	8.1E-6	1.7E-5	8.4E-5	1.1E-2	2.5E-2	1.5E-3
280	4.0E-2	7.8E-6	1.6E-5	8.0E-5	1.1E-2	2.5E-2	1.5E-3
290	3.9E-2	7.5E-6	1.5E-5	7.7E-5	1.0E-2	2.5E-2	1.4E-3
300	3.9E-2	7.3E-6	1.4E-5	7.4E-5	1.0E-2	2.5E-2	1.4E-3
310	3.8E-2	7.0E-6	1.3E-5	7.1E-5	9.6E-3	2.4E-2	1.4E-3
320	3.7E-2	6.8E-6	1.3E-5	6.8E-5	9.2E-3	2.4E-2	1.4E-3
330	3.6E-2	6.5E-6	1.2E-5	6.6E-5	8.8E-3	2.4E-2	1.3E-3
340	3.6E-2	6.3E-6	1.1E-5	6.3E-5	8.4E-3	2.4E-2	1.3E-3
350	3.5E-2	6.1E-6	1.1E-5	6.1E-5	8.1E-3	2.4E-2	1.3E-3
360	3.5E-2	5.9E-6	9.9E-6	5.9E-5	7.8E-3	2.3E-2	1.2E-3
365	3.4E-2	5.8E-6	9.6E-6	5.7E-5	7.6E-3	2.3E-2	1.2E-3
370	3.4E-2	5.7E-6	9.4E-6	5.6E-5	7.5E-3	2.3E-2	1.2E-3
380	3.3E-2	5.5E-6	8.8E-6	5.4E-5	7.2E-3	2.3E-2	1.2E-3
390	3.3E-2	5.4E-6	8.4E-6	5.2E-5	6.9E-3	2.3E-2	1.2E-3
400	3.2E-2	5.2E-6	7.9E-6	5.1E-5	6.6E-3	2.2E-2	1.1E-3
410	3.2E-2	5.0E-6	7.4E-6	4.9E-5	6.3E-3	2.2E-2	1.1E-3
420	3.1E-2	4.9E-6	7.0E-6	4.7E-5	6.1E-3	2.2E-2	1.1E-3
430	3.0E-2	4.7E-6	6.6E-6	4.6E-5	5.9E-3	2.2E-2	1.1E-3
440	3.0E-2	4.6E-6	6.3E-6	4.4E-5	5.6E-3	2.1E-2	1.0E-3
450	2.9E-2	4.5E-6	5.9E-6	4.3E-5	5.4E-3	2.1E-2	1.0E-3
460	2.9E-2	4.3E-6	5.6E-6	4.1E-5	5.2E-3	2.1E-2	9.9E-4
470	2.8E-2	4.2E-6	5.3E-6	4.0E-5	5.0E-3	2.1E-2	9.7E-4
480	2.8E-2	4.1E-6	5.0E-6	3.9E-5	4.8E-3	2.1E-2	9.5E-4
490	2.7E-2	4.0E-6	4.7E-6	3.8E-5	4.6E-3	2.0E-2	9.3E-4
500	2.7E-2	3.8E-6	4.4E-6	3.7E-5	4.5E-3	2.0E-2	9.1E-4
510	2.7E-2	3.7E-6	4.2E-6	3.5E-5	4.3E-3	2.0E-2	8.9E-4
520	2.6E-2	3.6E-6	4.0E-6	3.4E-5	4.1E-3	2.0E-2	8.6E-4
530	2.6E-2	3.5E-6	3.7E-6	3.3E-5	4.0E-3	1.9E-2	8.4E-4
540	2.5E-2	3.4E-6	3.5E-6	3.2E-5	3.8E-3	1.9E-2	8.3E-4
550	2.5E-2	3.3E-6	3.3E-6	3.2E-5	3.7E-3	1.9E-2	8.1E-4
560	2.4E-2	3.2E-6	3.2E-6	3.1E-5	3.6E-3	1.9E-2	7.9E-4
570	2.4E-2	3.2E-6	3.0E-6	3.0E-5	3.4E-3	1.8E-2	7.7E-4
580	2.4E-2	3.1E-6	2.8E-6	2.9E-5	3.3E-3	1.8E-2	7.5E-4
590	2.3E-2	3.0E-6	2.7E-6	2.8E-5	3.2E-3	1.8E-2	7.3E-4
600	2.3E-2	2.9E-6	2.5E-6	2.8E-5	3.1E-3	1.8E-2	7.2E-4
610	2.2E-2	2.8E-6	2.4E-6	2.7E-5	3.0E-3	1.8E-2	7.0E-4
620	2.2E-2	2.8E-6	2.3E-6	2.6E-5	2.9E-3	1.7E-2	6.8E-4
630	2.2E-2	2.7E-6	2.1E-6	2.6E-5	2.8E-3	1.7E-2	6.7E-4
640	2.1E-2	2.6E-6	2.0E-6	2.5E-5	2.7E-3	1.7E-2	6.5E-4
650	2.1E-2	2.6E-6	1.9E-6	2.4E-5	2.6E-3	1.7E-2	6.4E-4
660	2.1E-2	2.5E-6	1.8E-6	2.4E-5	2.5E-3	1.7E-2	6.2E-4
670	2.0E-2	2.4E-6	1.7E-6	2.3E-5	2.4E-3	1.6E-2	6.1E-4
680	2.0E-2	2.4E-6	1.6E-6	2.3E-5	2.3E-3	1.6E-2	5.9E-4
690	2.0E-2	2.3E-6	1.5E-6	2.2E-5	2.2E-3	1.6E-2	5.8E-4
700	1.9E-2	2.3E-6	1.4E-6	2.2E-5	2.2E-3	1.6E-2	5.7E-4
710	1.9E-2	2.2E-6	1.4E-6	2.1E-5	2.1E-3	1.6E-2	5.5E-4
720	1.9E-2	2.2E-6	1.3E-6	2.1E-5	2.0E-3	1.5E-2	5.4E-4
730	1.9E-2	2.1E-6	1.2E-6	2.0E-5	1.9E-3	1.5E-2	5.3E-4
740	1.8E-2	2.1E-6	1.2E-6	2.0E-5	1.9E-3	1.5E-2	5.1E-4
750	1.8E-2	2.0E-6	1.1E-6	2.0E-5	1.8E-3	1.5E-2	5.0E-4
760	1.8E-2	2.0E-6	1.0E-6	1.9E-5	1.8E-3	1.5E-2	4.9E-4
770	1.7E-2	1.9E-6	9.9E-7	1.9E-5	1.7E-3	1.4E-2	4.8E-4
780	1.7E-2	1.9E-6	9.3E-7	1.8E-5	1.6E-3	1.4E-2	4.7E-4
790	1.7E-2	1.8E-6	8.9E-7	1.8E-5	1.6E-3	1.4E-2	4.6E-4
800	1.7E-2	1.8E-6	8.4E-7	1.8E-5	1.5E-3	1.4E-2	4.5E-4
810	1.6E-2	1.8E-6	8.0E-7	1.7E-5	1.5E-3	1.4E-2	4.4E-4
820	1.6E-2	1.7E-6	7.5E-7	1.7E-5	1.4E-3	1.3E-2	4.3E-4
830	1.6E-2	1.7E-6	7.2E-7	1.7E-5	1.4E-3	1.3E-2	4.2E-4
840	1.6E-2	1.6E-6	6.8E-7	1.6E-5	1.3E-3	1.3E-2	4.1E-4
850	1.5E-2	1.6E-6	6.4E-7	1.6E-5	1.3E-3	1.3E-2	4.0E-4
860	1.5E-2	1.6E-6	6.1E-7	1.6E-5	1.3E-3	1.3E-2	3.9E-4
870	1.5E-2	1.5E-6	5.8E-7	1.5E-5	1.2E-3	1.3E-2	3.8E-4
880	1.5E-2	1.5E-6	5.5E-7	1.5E-5	1.2E-3	1.2E-2	3.7E-4
890	1.5E-2	1.5E-6	5.2E-7	1.5E-5	1.1E-3	1.2E-2	3.6E-4
900	1.4E-2	1.4E-6	5.0E-7	1.5E-5	1.1E-3	1.2E-2	3.5E-4
910	1.4E-2	1.4E-6	4.7E-7	1.4E-5	1.1E-3	1.2E-2	3.4E-4
920	1.4E-2	1.4E-6	4.5E-7	1.4E-5	1.0E-3	1.2E-2	3.4E-4
930	1.4E-2	1.3E-6	4.3E-7	1.4E-5	1.0E-3	1.2E-2	3.3E-4
940	1.3E-2	1.3E-6	4.1E-7	1.4E-5	9.7E-4	1.1E-2	3.2E-4
950	1.3E-2	1.3E-6	3.9E-7	1.3E-5	9.4E-4	1.1E-2	3.1E-4
960	1.3E-2	1.3E-6	3.7E-7	1.3E-5	9.1E-4	1.1E-2	3.1E-4
970	1.3E-2	1.2E-6	3.5E-7	1.3E-5	8.8E-4	1.1E-2	3.0E-4
980	1.3E-2	1.2E-6	3.3E-7	1.3E-5	8.5E-4	1.1E-2	2.9E-4
990	1.2E-2	1.2E-6	3.2E-7	1.3E-5	8.3E-4	1.1E-2	2.8E-4
1000	1.2E-2	1.2E-6	3.0E-7	1.2E-5	8.0E-4	1.1E-2	2.8E-4
1010	1.2E-2	1.1E-6	2.9E-7	1.2E-5	7.8E-4	1.0E-2	2.7E-4
1020	1.2E-2	1.1E-6	2.7E-7	1.2E-5	7.5E-4	1.0E-2	2.7E-4
1030	1.2E-2	1.1E-6	2.6E-7	1.2E-5	7.3E-4	1.0E-2	2.6E-4
1040	1.2E-2	1.1E-6	2.5E-7	1.2E-5	7.1E-4	1.0E-2	2.5E-4
1050	1.1E-2	1.0E-6	2.4E-7	1.1E-5	6.9E-4	9.9E-3	2.5E-4
1060	1.1E-2	1.0E-6	2.3E-7	1.1E-5	6.6E-4	9.8E-3	2.4E-4
1070	1.1E-2	1.0E-6	2.2E-7	1.1E-5	6.4E-4	9.6E-3	2.4E-4
1080	1.1E-2	9.8E-7	2.1E-7	1.1E-5	6.2E-4	9.5E-3	2.3E-4
1090	1.1E-2	9.7E-7	2.0E-7	1.1E-5	6.1E-4	9.4E-3	2.3E-4
1095	1.1E-2	9.6E-7	1.9E-7	1.1E-5	6.0E-4	9.3E-3	2.2E-4
1100	1.1E-2	9.5E-7	1.9E-7	1.0E-5	5.9E-4	9.2E-3	2.2E-4
1200	9.1E-3	7.8E-7	1.2E-7	9.0E-6	4.3E-4	8.1E-3	1.8E-4
1300	7.9E-3	6.4E-7	8.3E-8	7.7E-6	3.2E-4	7.0E-3	1.4E-4
1400	6.8E-3	5.3E-7	5.8E-8	6.7E-6	2.4E-4	6.1E-3	1.1E-4
1500	5.9E-3	4.4E-7	4.3E-8	5.8E-6	1.8E-4	5.3E-3	9.0E-5
1600	5.1E-3	3.7E-7	3.2E-8	5.0E-6	1.3E-4	4.6E-3	7.3E-5
1700	4.4E-3	3.1E-7	2.5E-8	4.3E-6	9.9E-5	4.0E-3	5.9E-5
1800	3.8E-3	2.6E-7	2.0E-8	3.7E-6	7.4E-5	3.5E-3	4.8E-5
1900	3.3E-3	2.2E-7	1.6E-8	3.2E-6	5.6E-5	3.0E-3	3.9E-5
2000	2.8E-3	1.8E-7	1.4E-8	2.8E-6	4.2E-5	2.6E-3	3.2E-5
2100	2.4E-3	1.6E-7	1.1E-8	2.4E-6	3.1E-5	2.3E-3	2.6E-5
2200	2.1E-3	1.3E-7	9.4E-9	2.1E-6	2.4E-5	2.0E-3	2.2E-5
2300	1.8E-3	1.1E-7	7.9E-9	1.8E-6	1.8E-5	1.7E-3	1.8E-5
2400	1.6E-3	9.5E-8	6.7E-9	1.6E-6	1.3E-5	1.5E-3	1.5E-5
2500	1.4E-3	8.0E-8	5.6E-9	1.4E-6	1.0E-5	1.3E-3	1.2E-5
2600	1.2E-3	6.8E-8	4.8E-9	1.2E-6	7.7E-6	1.1E-3	1.0E-5
2700	1.0E-3	5.8E-8	4.1E-9	1.0E-6	5.8E-6	9.6E-4	8.7E-6
2800	8.8E-4	4.9E-8	3.5E-9	9.1E-7	4.4E-6	8.3E-4	7.3E-6
2900	7.6E-4	4.2E-8	2.9E-9	7.9E-7	3.3E-6	7.2E-4	6.1E-6
3000	6.6E-4	3.6E-8	2.5E-9	6.8E-7	2.5E-6	6.2E-4	5.2E-6
3100	5.7E-4	3.1E-8	2.1E-9	5.9E-7	1.9E-6	5.4E-4	4.4E-6
3200	5.0E-4	2.6E-8	1.8E-9	5.1E-7	1.5E-6	4.7E-4	3.7E-6
3300	4.3E-4	2.2E-8	1.6E-9	4.5E-7	1.1E-6	4.0E-4	3.1E-6
3400	3.7E-4	1.9E-8	1.3E-9	3.9E-7	8.8E-7	3.5E-4	2.6E-6
3500	3.2E-4	1.6E-8	1.1E-9	3.4E-7	6.8E-7	3.0E-4	2.2E-6
3600	2.8E-4	1.4E-8	9.8E-10	2.9E-7	5.3E-7	2.6E-4	1.9E-6
3650	2.6E-4	1.3E-8	9.1E-10	2.7E-7	4.6E-7	2.4E-4	1.8E-6
4000	1.6E-4	7.6E-9	5.3E-10	1.6E-7	2.0E-7	1.5E-4	1.0E-6
5000	3.7E-5	1.6E-9	1.1E-10	3.9E-8	2.4E-8	3.5E-5	2.1E-7
6000	8.9E-6	3.7E-10	-	9.4E-9	4.5E-9	8.4E-6	4.7E-8
7000	2.1E-6	-	-	2.2E-9	1.0E-9	2.0E-6	1.0E-8
8000	5.1E-7	-	-	5.3E-10	2.3E-10	4.8E-7	2.4E-9
9000	1.2E-7	-	-	1.3E-10	-	1.2E-7	5.5E-10
10000	3.0E-8	-	-	-	-	2.8E-8	1.3E-10
11000	7.1E-9	-	-	-	-	6.8E-9	-
12000	1.7E-9	-	-	-	-	1.6E-9	-
13000	4.2E-10	-	-	-	-	3.9E-10	-
14000	1.0E-10	-	-	-	-	-	-
