Radionuclide	Ba-140
Route of Intake	Inhalation
Material	Aerosols Type M, Barium sulphate, all unspecified forms, fA=4E-2
AMTD/AMAD, µm	0.1

Content in an Organ or Excreta Sample per Intake (Reference Bioassay Functions m(t)), Bq per Bq
Time, days	Whole Body	Urine (24-hour sample)	Faeces (24-hour sample)	Alimentary Tract*	Lungs*	Skeleton*
0.041667	3.2E-1	-	-	2.7E-2	2.5E-1	1.2E-3
0.083333	3.2E-1	-	-	3.3E-2	2.5E-1	2.8E-3
0.125	3.2E-1	-	-	3.8E-2	2.4E-1	4.2E-3
0.25	3.2E-1	-	-	5.0E-2	2.2E-1	7.9E-3
0.375	3.1E-1	-	-	5.8E-2	2.1E-1	1.1E-2
0.5	3.1E-1	-	-	6.4E-2	2.1E-1	1.2E-2
0.625	3.0E-1	-	-	6.8E-2	2.0E-1	1.4E-2
0.75	3.0E-1	-	-	6.9E-2	2.0E-1	1.4E-2
0.875	2.9E-1	-	-	7.0E-2	1.9E-1	1.5E-2
1	2.8E-1	2.5E-3	1.1E-2	6.9E-2	1.9E-1	1.5E-2
1.125	2.8E-1	-	-	6.7E-2	1.9E-1	1.5E-2
1.25	2.7E-1	-	-	6.4E-2	1.8E-1	1.5E-2
1.375	2.6E-1	-	-	6.1E-2	1.8E-1	1.4E-2
1.5	2.6E-1	-	-	5.8E-2	1.8E-1	1.4E-2
1.625	2.5E-1	-	-	5.4E-2	1.8E-1	1.4E-2
1.75	2.4E-1	-	-	5.0E-2	1.7E-1	1.3E-2
1.875	2.4E-1	-	-	4.6E-2	1.7E-1	1.3E-2
2	2.3E-1	7.6E-4	3.6E-2	4.3E-2	1.7E-1	1.3E-2
2.25	2.2E-1	-	-	3.6E-2	1.7E-1	1.2E-2
2.5	2.1E-1	-	-	3.1E-2	1.6E-1	1.1E-2
2.75	2.0E-1	-	-	2.6E-2	1.6E-1	1.1E-2
3	1.9E-1	4.2E-4	2.6E-2	2.2E-2	1.6E-1	1.0E-2
3.25	1.9E-1	-	-	1.9E-2	1.5E-1	9.9E-3
3.5	1.8E-1	-	-	1.6E-2	1.5E-1	9.5E-3
3.75	1.7E-1	-	-	1.4E-2	1.5E-1	9.1E-3
4	1.7E-1	2.9E-4	1.4E-2	1.3E-2	1.4E-1	8.7E-3
4.25	1.6E-1	-	-	1.1E-2	1.4E-1	8.4E-3
4.5	1.6E-1	-	-	1.0E-2	1.4E-1	8.1E-3
4.75	1.6E-1	-	-	9.2E-3	1.4E-1	7.8E-3
5	1.5E-1	2.1E-4	7.7E-3	8.4E-3	1.3E-1	7.5E-3
5.5	1.4E-1	-	-	7.1E-3	1.3E-1	7.0E-3
6	1.4E-1	1.6E-4	5.0E-3	6.2E-3	1.2E-1	6.6E-3
6.5	1.3E-1	-	-	5.4E-3	1.2E-1	6.3E-3
7	1.3E-1	1.2E-4	3.7E-3	4.7E-3	1.2E-1	6.0E-3
7.5	1.2E-1	-	-	4.2E-3	1.1E-1	5.7E-3
8	1.2E-1	9.6E-5	2.8E-3	3.7E-3	1.1E-1	5.5E-3
8.5	1.1E-1	-	-	3.3E-3	1.0E-1	5.2E-3
9	1.1E-1	7.8E-5	2.2E-3	3.0E-3	1.0E-1	5.0E-3
9.5	1.0E-1	-	-	2.7E-3	9.7E-2	4.9E-3
10	1.0E-1	6.6E-5	1.7E-3	2.4E-3	9.4E-2	4.7E-3
11	9.4E-2	5.6E-5	1.4E-3	2.0E-3	8.7E-2	4.4E-3
12	8.8E-2	4.9E-5	1.2E-3	1.6E-3	8.2E-2	4.2E-3
13	8.3E-2	4.4E-5	9.7E-4	1.4E-3	7.7E-2	3.9E-3
14	7.7E-2	3.9E-5	8.2E-4	1.2E-3	7.2E-2	3.7E-3
15	7.3E-2	3.6E-5	7.0E-4	1.0E-3	6.8E-2	3.5E-3
16	6.8E-2	3.3E-5	6.1E-4	9.1E-4	6.3E-2	3.3E-3
17	6.4E-2	3.0E-5	5.4E-4	8.0E-4	6.0E-2	3.2E-3
18	6.0E-2	2.8E-5	4.8E-4	7.2E-4	5.6E-2	3.0E-3
19	5.6E-2	2.6E-5	4.3E-4	6.5E-4	5.3E-2	2.9E-3
20	5.3E-2	2.5E-5	3.8E-4	5.9E-4	4.9E-2	2.7E-3
21	5.0E-2	2.3E-5	3.5E-4	5.3E-4	4.6E-2	2.6E-3
22	4.7E-2	2.2E-5	3.2E-4	4.9E-4	4.4E-2	2.5E-3
23	4.4E-2	2.0E-5	2.9E-4	4.5E-4	4.1E-2	2.3E-3
24	4.1E-2	1.9E-5	2.7E-4	4.2E-4	3.9E-2	2.2E-3
25	3.9E-2	1.8E-5	2.5E-4	3.9E-4	3.6E-2	2.1E-3
26	3.7E-2	1.7E-5	2.3E-4	3.6E-4	3.4E-2	2.0E-3
27	3.4E-2	1.6E-5	2.1E-4	3.3E-4	3.2E-2	1.9E-3
28	3.2E-2	1.5E-5	2.0E-4	3.1E-4	3.0E-2	1.8E-3
29	3.1E-2	1.4E-5	1.9E-4	2.9E-4	2.8E-2	1.7E-3
30	2.9E-2	1.3E-5	1.7E-4	2.7E-4	2.7E-2	1.6E-3
31	2.7E-2	1.2E-5	1.6E-4	2.6E-4	2.5E-2	1.6E-3
32	2.5E-2	1.2E-5	1.5E-4	2.4E-4	2.4E-2	1.5E-3
33	2.4E-2	1.1E-5	1.4E-4	2.2E-4	2.2E-2	1.4E-3
34	2.3E-2	1.0E-5	1.3E-4	2.1E-4	2.1E-2	1.3E-3
35	2.1E-2	9.6E-6	1.3E-4	2.0E-4	2.0E-2	1.3E-3
36	2.0E-2	9.0E-6	1.2E-4	1.9E-4	1.8E-2	1.2E-3
37	1.9E-2	8.5E-6	1.1E-4	1.7E-4	1.7E-2	1.1E-3
38	1.8E-2	8.0E-6	1.0E-4	1.6E-4	1.6E-2	1.1E-3
39	1.7E-2	7.5E-6	9.8E-5	1.5E-4	1.5E-2	1.0E-3
40	1.6E-2	7.1E-6	9.2E-5	1.4E-4	1.4E-2	9.8E-4
41	1.5E-2	6.7E-6	8.6E-5	1.4E-4	1.4E-2	9.3E-4
42	1.4E-2	6.3E-6	8.1E-5	1.3E-4	1.3E-2	8.8E-4
43	1.3E-2	5.9E-6	7.6E-5	1.2E-4	1.2E-2	8.4E-4
44	1.2E-2	5.6E-6	7.2E-5	1.1E-4	1.1E-2	8.0E-4
45	1.2E-2	5.2E-6	6.7E-5	1.1E-4	1.1E-2	7.6E-4
46	1.1E-2	4.9E-6	6.3E-5	1.0E-4	1.0E-2	7.2E-4
47	1.0E-2	4.6E-6	6.0E-5	9.4E-5	9.4E-3	6.8E-4
48	9.6E-3	4.4E-6	5.6E-5	8.8E-5	8.8E-3	6.5E-4
49	9.1E-3	4.1E-6	5.3E-5	8.3E-5	8.3E-3	6.1E-4
50	8.5E-3	3.9E-6	5.0E-5	7.8E-5	7.8E-3	5.8E-4
51	8.0E-3	3.6E-6	4.7E-5	7.4E-5	7.4E-3	5.5E-4
52	7.6E-3	3.4E-6	4.4E-5	6.9E-5	6.9E-3	5.2E-4
53	7.1E-3	3.2E-6	4.1E-5	6.5E-5	6.5E-3	5.0E-4
54	6.7E-3	3.0E-6	3.9E-5	6.1E-5	6.1E-3	4.7E-4
55	6.3E-3	2.8E-6	3.7E-5	5.8E-5	5.8E-3	4.5E-4
56	5.9E-3	2.7E-6	3.4E-5	5.4E-5	5.4E-3	4.2E-4
57	5.6E-3	2.5E-6	3.2E-5	5.1E-5	5.1E-3	4.0E-4
58	5.3E-3	2.4E-6	3.0E-5	4.8E-5	4.8E-3	3.8E-4
59	4.9E-3	2.2E-6	2.9E-5	4.5E-5	4.5E-3	3.6E-4
60	4.7E-3	2.1E-6	2.7E-5	4.2E-5	4.2E-3	3.4E-4
61	4.4E-3	2.0E-6	2.5E-5	4.0E-5	4.0E-3	3.3E-4
62	4.1E-3	1.9E-6	2.4E-5	3.8E-5	3.7E-3	3.1E-4
63	3.9E-3	1.8E-6	2.2E-5	3.5E-5	3.5E-3	2.9E-4
64	3.7E-3	1.6E-6	2.1E-5	3.3E-5	3.3E-3	2.8E-4
65	3.4E-3	1.6E-6	2.0E-5	3.1E-5	3.1E-3	2.6E-4
66	3.2E-3	1.5E-6	1.9E-5	2.9E-5	2.9E-3	2.5E-4
67	3.0E-3	1.4E-6	1.8E-5	2.8E-5	2.8E-3	2.4E-4
68	2.9E-3	1.3E-6	1.6E-5	2.6E-5	2.6E-3	2.2E-4
69	2.7E-3	1.2E-6	1.6E-5	2.4E-5	2.4E-3	2.1E-4
70	2.5E-3	1.1E-6	1.5E-5	2.3E-5	2.3E-3	2.0E-4
71	2.4E-3	1.1E-6	1.4E-5	2.2E-5	2.2E-3	1.9E-4
72	2.3E-3	1.0E-6	1.3E-5	2.0E-5	2.0E-3	1.8E-4
73	2.1E-3	9.5E-7	1.2E-5	1.9E-5	1.9E-3	1.7E-4
74	2.0E-3	9.0E-7	1.1E-5	1.8E-5	1.8E-3	1.6E-4
75	1.9E-3	8.5E-7	1.1E-5	1.7E-5	1.7E-3	1.5E-4
76	1.8E-3	8.0E-7	1.0E-5	1.6E-5	1.6E-3	1.5E-4
77	1.7E-3	7.5E-7	9.5E-6	1.5E-5	1.5E-3	1.4E-4
78	1.6E-3	7.0E-7	8.9E-6	1.4E-5	1.4E-3	1.3E-4
79	1.5E-3	6.6E-7	8.4E-6	1.3E-5	1.3E-3	1.3E-4
80	1.4E-3	6.2E-7	7.9E-6	1.3E-5	1.2E-3	1.2E-4
81	1.3E-3	5.9E-7	7.4E-6	1.2E-5	1.2E-3	1.1E-4
82	1.2E-3	5.5E-7	7.0E-6	1.1E-5	1.1E-3	1.1E-4
83	1.2E-3	5.2E-7	6.6E-6	1.0E-5	1.0E-3	1.0E-4
84	1.1E-3	4.9E-7	6.2E-6	9.8E-6	9.7E-4	9.6E-5
85	1.0E-3	4.6E-7	5.8E-6	9.2E-6	9.2E-4	9.1E-5
86	9.7E-4	4.3E-7	5.5E-6	8.7E-6	8.6E-4	8.6E-5
87	9.1E-4	4.1E-7	5.2E-6	8.2E-6	8.1E-4	8.1E-5
88	8.6E-4	3.8E-7	4.8E-6	7.7E-6	7.6E-4	7.7E-5
89	8.1E-4	3.6E-7	4.6E-6	7.2E-6	7.2E-4	7.3E-5
90	7.6E-4	3.4E-7	4.3E-6	6.8E-6	6.8E-4	6.9E-5
91	7.1E-4	3.2E-7	4.0E-6	6.4E-6	6.4E-4	6.6E-5
92	6.7E-4	3.0E-7	3.8E-6	6.0E-6	6.0E-4	6.2E-5
93	6.3E-4	2.8E-7	3.6E-6	5.6E-6	5.6E-4	5.9E-5
94	6.0E-4	2.7E-7	3.4E-6	5.3E-6	5.3E-4	5.6E-5
95	5.6E-4	2.5E-7	3.2E-6	5.0E-6	5.0E-4	5.3E-5
96	5.3E-4	2.4E-7	3.0E-6	4.7E-6	4.7E-4	5.0E-5
97	5.0E-4	2.2E-7	2.8E-6	4.4E-6	4.4E-4	4.7E-5
98	4.7E-4	2.1E-7	2.6E-6	4.2E-6	4.1E-4	4.5E-5
99	4.4E-4	2.0E-7	2.5E-6	3.9E-6	3.9E-4	4.3E-5
100	4.1E-4	1.9E-7	2.3E-6	3.7E-6	3.7E-4	4.0E-5
110	2.3E-4	1.0E-7	1.3E-6	2.0E-6	2.0E-4	2.3E-5
120	1.2E-4	5.5E-8	6.8E-7	1.1E-6	1.1E-4	1.4E-5
130	6.8E-5	3.0E-8	3.7E-7	5.9E-7	5.9E-5	7.9E-6
140	3.7E-5	1.6E-8	2.0E-7	3.2E-7	3.2E-5	4.6E-6
150	2.0E-5	8.9E-9	1.1E-7	1.7E-7	1.7E-5	2.7E-6
160	1.1E-5	4.8E-9	5.9E-8	9.5E-8	9.4E-6	1.5E-6
170	6.1E-6	2.6E-9	3.2E-8	5.1E-8	5.1E-6	8.9E-7
180	3.4E-6	1.4E-9	1.7E-8	2.8E-8	2.8E-6	5.1E-7
190	1.8E-6	7.8E-10	9.5E-9	1.5E-8	1.5E-6	2.9E-7
200	1.0E-6	4.3E-10	5.1E-9	8.3E-9	8.2E-7	1.7E-7
210	5.6E-7	2.3E-10	2.8E-9	4.5E-9	4.4E-7	9.8E-8
220	3.1E-7	1.3E-10	1.5E-9	2.5E-9	2.4E-7	5.7E-8
230	1.7E-7	-	8.2E-10	1.3E-9	1.3E-7	3.3E-8
240	9.3E-8	-	4.5E-10	7.3E-10	7.2E-8	1.9E-8
250	5.1E-8	-	2.4E-10	4.0E-10	3.9E-8	1.1E-8
260	2.8E-8	-	1.3E-10	2.2E-10	2.1E-8	6.2E-9
270	1.6E-8	-	-	1.2E-10	1.2E-8	3.6E-9
280	8.7E-9	-	-	-	6.3E-9	2.1E-9
290	4.8E-9	-	-	-	3.4E-9	1.2E-9
300	2.7E-9	-	-	-	1.9E-9	6.9E-10
310	1.5E-9	-	-	-	1.0E-9	4.0E-10
320	8.2E-10	-	-	-	5.5E-10	2.3E-10
330	4.5E-10	-	-	-	3.0E-10	1.3E-10
340	2.5E-10	-	-	-	1.6E-10	-
350	1.4E-10	-	-	-	-	-
