Radionuclide	Pd-107
Route of Intake	Inhalation
Material	Aerosols Type F, fA=5E-3
AMTD/AMAD, µm	0.3

Content in an Organ or Excreta Sample per Intake (Reference Bioassay Functions m(t)), Bq per Bq
Time, days	Whole Body	Urine (24-hour sample)	Faeces (24-hour sample)	Alimentary Tract*	Lungs*	Skeleton*	Liver*
0.041667	2.9E-1	-	-	4.2E-2	6.0E-2	8.6E-3	2.0E-2
0.083333	2.8E-1	-	-	4.8E-2	2.2E-2	1.1E-2	2.6E-2
0.125	2.7E-1	-	-	5.2E-2	1.0E-2	1.1E-2	2.8E-2
0.25	2.5E-1	-	-	5.9E-2	5.1E-3	1.1E-2	3.0E-2
0.375	2.4E-1	-	-	6.5E-2	4.1E-3	1.1E-2	3.0E-2
0.5	2.3E-1	-	-	6.8E-2	3.3E-3	1.1E-2	3.0E-2
0.625	2.3E-1	-	-	7.0E-2	2.8E-3	1.1E-2	3.1E-2
0.75	2.2E-1	-	-	7.1E-2	2.3E-3	1.1E-2	3.1E-2
0.875	2.1E-1	-	-	7.0E-2	1.9E-3	1.1E-2	3.0E-2
1	2.1E-1	5.8E-2	1.2E-2	6.8E-2	1.7E-3	1.1E-2	3.0E-2
1.125	2.0E-1	-	-	6.6E-2	1.4E-3	1.1E-2	3.0E-2
1.25	2.0E-1	-	-	6.2E-2	1.3E-3	1.1E-2	3.0E-2
1.375	1.9E-1	-	-	5.9E-2	1.1E-3	1.1E-2	3.0E-2
1.5	1.8E-1	-	-	5.5E-2	1.0E-3	1.1E-2	3.0E-2
1.625	1.8E-1	-	-	5.1E-2	9.1E-4	1.1E-2	2.9E-2
1.75	1.7E-1	-	-	4.6E-2	8.4E-4	1.1E-2	2.9E-2
1.875	1.7E-1	-	-	4.2E-2	7.8E-4	1.1E-2	2.9E-2
2	1.6E-1	8.8E-3	3.7E-2	3.8E-2	7.4E-4	1.1E-2	2.9E-2
2.25	1.5E-1	-	-	3.1E-2	6.7E-4	1.1E-2	2.8E-2
2.5	1.4E-1	-	-	2.5E-2	6.3E-4	1.1E-2	2.8E-2
2.75	1.4E-1	-	-	2.0E-2	6.0E-4	1.1E-2	2.7E-2
3	1.3E-1	5.5E-3	2.5E-2	1.6E-2	5.8E-4	1.1E-2	2.7E-2
3.25	1.3E-1	-	-	1.3E-2	5.7E-4	1.1E-2	2.6E-2
3.5	1.2E-1	-	-	1.1E-2	5.5E-4	1.1E-2	2.6E-2
3.75	1.2E-1	-	-	8.8E-3	5.4E-4	1.1E-2	2.6E-2
4	1.2E-1	4.3E-3	1.1E-2	7.3E-3	5.4E-4	1.1E-2	2.5E-2
4.25	1.1E-1	-	-	6.3E-3	5.3E-4	1.1E-2	2.5E-2
4.5	1.1E-1	-	-	5.5E-3	5.2E-4	1.1E-2	2.5E-2
4.75	1.1E-1	-	-	4.8E-3	5.2E-4	1.1E-2	2.4E-2
5	1.1E-1	3.5E-3	4.3E-3	4.4E-3	5.1E-4	1.1E-2	2.4E-2
5.5	1.0E-1	-	-	3.7E-3	5.0E-4	1.1E-2	2.3E-2
6	1.0E-1	2.9E-3	2.2E-3	3.3E-3	4.9E-4	1.1E-2	2.3E-2
6.5	1.0E-1	-	-	3.0E-3	4.8E-4	1.0E-2	2.3E-2
7	9.8E-2	2.5E-3	1.4E-3	2.8E-3	4.7E-4	1.0E-2	2.2E-2
7.5	9.7E-2	-	-	2.6E-3	4.7E-4	1.0E-2	2.2E-2
8	9.5E-2	2.2E-3	1.1E-3	2.4E-3	4.6E-4	1.0E-2	2.2E-2
8.5	9.4E-2	-	-	2.3E-3	4.5E-4	1.0E-2	2.1E-2
9	9.2E-2	1.9E-3	9.1E-4	2.2E-3	4.4E-4	1.0E-2	2.1E-2
9.5	9.1E-2	-	-	2.0E-3	4.4E-4	9.9E-3	2.1E-2
10	9.0E-2	1.6E-3	7.6E-4	1.9E-3	4.3E-4	9.8E-3	2.1E-2
11	8.8E-2	1.5E-3	6.5E-4	1.8E-3	4.2E-4	9.7E-3	2.0E-2
12	8.6E-2	1.3E-3	5.6E-4	1.6E-3	4.1E-4	9.5E-3	2.0E-2
13	8.4E-2	1.2E-3	4.8E-4	1.5E-3	4.0E-4	9.3E-3	2.0E-2
14	8.3E-2	1.1E-3	4.3E-4	1.4E-3	3.9E-4	9.1E-3	2.0E-2
15	8.1E-2	9.9E-4	3.8E-4	1.4E-3	3.8E-4	9.0E-3	2.0E-2
16	8.0E-2	9.2E-4	3.4E-4	1.3E-3	3.7E-4	8.8E-3	1.9E-2
17	7.9E-2	8.6E-4	3.1E-4	1.2E-3	3.7E-4	8.6E-3	1.9E-2
18	7.8E-2	8.1E-4	2.8E-4	1.2E-3	3.6E-4	8.5E-3	1.9E-2
19	7.7E-2	7.6E-4	2.6E-4	1.2E-3	3.5E-4	8.3E-3	1.9E-2
20	7.6E-2	7.2E-4	2.4E-4	1.1E-3	3.5E-4	8.2E-3	1.9E-2
21	7.5E-2	6.9E-4	2.3E-4	1.1E-3	3.4E-4	8.0E-3	1.9E-2
22	7.4E-2	6.6E-4	2.2E-4	1.1E-3	3.4E-4	7.9E-3	1.8E-2
23	7.3E-2	6.3E-4	2.0E-4	1.0E-3	3.3E-4	7.7E-3	1.8E-2
24	7.3E-2	6.1E-4	1.9E-4	1.0E-3	3.3E-4	7.6E-3	1.8E-2
25	7.2E-2	5.9E-4	1.9E-4	9.9E-4	3.3E-4	7.5E-3	1.8E-2
26	7.1E-2	5.7E-4	1.8E-4	9.7E-4	3.2E-4	7.3E-3	1.8E-2
27	7.0E-2	5.5E-4	1.7E-4	9.5E-4	3.2E-4	7.2E-3	1.8E-2
28	7.0E-2	5.3E-4	1.6E-4	9.4E-4	3.1E-4	7.1E-3	1.8E-2
29	6.9E-2	5.2E-4	1.6E-4	9.2E-4	3.1E-4	7.0E-3	1.7E-2
30	6.8E-2	5.0E-4	1.5E-4	9.1E-4	3.1E-4	6.9E-3	1.7E-2
31	6.8E-2	4.9E-4	1.5E-4	9.0E-4	3.0E-4	6.8E-3	1.7E-2
32	6.7E-2	4.8E-4	1.5E-4	8.8E-4	3.0E-4	6.7E-3	1.7E-2
33	6.6E-2	4.7E-4	1.4E-4	8.7E-4	3.0E-4	6.6E-3	1.7E-2
34	6.6E-2	4.6E-4	1.4E-4	8.6E-4	3.0E-4	6.5E-3	1.7E-2
35	6.5E-2	4.5E-4	1.4E-4	8.5E-4	2.9E-4	6.4E-3	1.7E-2
36	6.5E-2	4.4E-4	1.3E-4	8.4E-4	2.9E-4	6.3E-3	1.6E-2
37	6.4E-2	4.3E-4	1.3E-4	8.3E-4	2.9E-4	6.2E-3	1.6E-2
38	6.3E-2	4.3E-4	1.3E-4	8.2E-4	2.9E-4	6.1E-3	1.6E-2
39	6.3E-2	4.2E-4	1.2E-4	8.1E-4	2.8E-4	6.1E-3	1.6E-2
40	6.2E-2	4.1E-4	1.2E-4	8.1E-4	2.8E-4	6.0E-3	1.6E-2
41	6.2E-2	4.1E-4	1.2E-4	8.0E-4	2.8E-4	5.9E-3	1.6E-2
42	6.1E-2	4.0E-4	1.2E-4	7.9E-4	2.8E-4	5.8E-3	1.6E-2
43	6.1E-2	3.9E-4	1.2E-4	7.8E-4	2.7E-4	5.8E-3	1.6E-2
44	6.0E-2	3.9E-4	1.1E-4	7.7E-4	2.7E-4	5.7E-3	1.5E-2
45	6.0E-2	3.8E-4	1.1E-4	7.7E-4	2.7E-4	5.7E-3	1.5E-2
46	5.9E-2	3.8E-4	1.1E-4	7.6E-4	2.7E-4	5.6E-3	1.5E-2
47	5.9E-2	3.7E-4	1.1E-4	7.5E-4	2.7E-4	5.5E-3	1.5E-2
48	5.8E-2	3.7E-4	1.1E-4	7.5E-4	2.6E-4	5.5E-3	1.5E-2
49	5.8E-2	3.6E-4	1.1E-4	7.4E-4	2.6E-4	5.4E-3	1.5E-2
50	5.7E-2	3.6E-4	1.1E-4	7.3E-4	2.6E-4	5.4E-3	1.5E-2
51	5.7E-2	3.5E-4	1.0E-4	7.3E-4	2.6E-4	5.3E-3	1.5E-2
52	5.7E-2	3.5E-4	1.0E-4	7.2E-4	2.6E-4	5.3E-3	1.4E-2
53	5.6E-2	3.5E-4	1.0E-4	7.1E-4	2.5E-4	5.3E-3	1.4E-2
54	5.6E-2	3.4E-4	1.0E-4	7.1E-4	2.5E-4	5.2E-3	1.4E-2
55	5.5E-2	3.4E-4	9.9E-5	7.0E-4	2.5E-4	5.2E-3	1.4E-2
56	5.5E-2	3.3E-4	9.8E-5	7.0E-4	2.5E-4	5.1E-3	1.4E-2
57	5.4E-2	3.3E-4	9.7E-5	6.9E-4	2.5E-4	5.1E-3	1.4E-2
58	5.4E-2	3.3E-4	9.5E-5	6.9E-4	2.4E-4	5.1E-3	1.4E-2
59	5.4E-2	3.2E-4	9.4E-5	6.8E-4	2.4E-4	5.0E-3	1.4E-2
60	5.3E-2	3.2E-4	9.3E-5	6.7E-4	2.4E-4	5.0E-3	1.3E-2
61	5.3E-2	3.2E-4	9.2E-5	6.7E-4	2.4E-4	5.0E-3	1.3E-2
62	5.2E-2	3.1E-4	9.1E-5	6.6E-4	2.4E-4	4.9E-3	1.3E-2
63	5.2E-2	3.1E-4	9.0E-5	6.6E-4	2.4E-4	4.9E-3	1.3E-2
64	5.2E-2	3.1E-4	8.9E-5	6.5E-4	2.3E-4	4.9E-3	1.3E-2
65	5.1E-2	3.0E-4	8.8E-5	6.5E-4	2.3E-4	4.9E-3	1.3E-2
66	5.1E-2	3.0E-4	8.7E-5	6.4E-4	2.3E-4	4.8E-3	1.3E-2
67	5.0E-2	3.0E-4	8.7E-5	6.4E-4	2.3E-4	4.8E-3	1.3E-2
68	5.0E-2	2.9E-4	8.6E-5	6.3E-4	2.3E-4	4.8E-3	1.3E-2
69	5.0E-2	2.9E-4	8.5E-5	6.3E-4	2.3E-4	4.8E-3	1.2E-2
70	4.9E-2	2.9E-4	8.4E-5	6.2E-4	2.2E-4	4.7E-3	1.2E-2
71	4.9E-2	2.9E-4	8.3E-5	6.2E-4	2.2E-4	4.7E-3	1.2E-2
72	4.9E-2	2.8E-4	8.2E-5	6.1E-4	2.2E-4	4.7E-3	1.2E-2
73	4.8E-2	2.8E-4	8.1E-5	6.1E-4	2.2E-4	4.7E-3	1.2E-2
74	4.8E-2	2.8E-4	8.1E-5	6.0E-4	2.2E-4	4.7E-3	1.2E-2
75	4.7E-2	2.7E-4	8.0E-5	6.0E-4	2.2E-4	4.7E-3	1.2E-2
76	4.7E-2	2.7E-4	7.9E-5	5.9E-4	2.1E-4	4.6E-3	1.2E-2
77	4.7E-2	2.7E-4	7.8E-5	5.9E-4	2.1E-4	4.6E-3	1.2E-2
78	4.6E-2	2.7E-4	7.7E-5	5.9E-4	2.1E-4	4.6E-3	1.2E-2
79	4.6E-2	2.6E-4	7.7E-5	5.8E-4	2.1E-4	4.6E-3	1.1E-2
80	4.6E-2	2.6E-4	7.6E-5	5.8E-4	2.1E-4	4.6E-3	1.1E-2
81	4.5E-2	2.6E-4	7.5E-5	5.7E-4	2.1E-4	4.6E-3	1.1E-2
82	4.5E-2	2.6E-4	7.5E-5	5.7E-4	2.0E-4	4.5E-3	1.1E-2
83	4.5E-2	2.5E-4	7.4E-5	5.6E-4	2.0E-4	4.5E-3	1.1E-2
84	4.4E-2	2.5E-4	7.3E-5	5.6E-4	2.0E-4	4.5E-3	1.1E-2
85	4.4E-2	2.5E-4	7.2E-5	5.5E-4	2.0E-4	4.5E-3	1.1E-2
86	4.4E-2	2.5E-4	7.2E-5	5.5E-4	2.0E-4	4.5E-3	1.1E-2
87	4.3E-2	2.4E-4	7.1E-5	5.5E-4	2.0E-4	4.5E-3	1.1E-2
88	4.3E-2	2.4E-4	7.0E-5	5.4E-4	2.0E-4	4.5E-3	1.1E-2
89	4.3E-2	2.4E-4	7.0E-5	5.4E-4	1.9E-4	4.5E-3	1.0E-2
90	4.3E-2	2.4E-4	6.9E-5	5.3E-4	1.9E-4	4.5E-3	1.0E-2
91	4.2E-2	2.4E-4	6.8E-5	5.3E-4	1.9E-4	4.5E-3	1.0E-2
92	4.2E-2	2.3E-4	6.8E-5	5.3E-4	1.9E-4	4.4E-3	1.0E-2
93	4.2E-2	2.3E-4	6.7E-5	5.2E-4	1.9E-4	4.4E-3	1.0E-2
94	4.1E-2	2.3E-4	6.7E-5	5.2E-4	1.9E-4	4.4E-3	1.0E-2
95	4.1E-2	2.3E-4	6.6E-5	5.1E-4	1.9E-4	4.4E-3	9.9E-3
96	4.1E-2	2.3E-4	6.5E-5	5.1E-4	1.9E-4	4.4E-3	9.9E-3
97	4.0E-2	2.2E-4	6.5E-5	5.1E-4	1.8E-4	4.4E-3	9.8E-3
98	4.0E-2	2.2E-4	6.4E-5	5.0E-4	1.8E-4	4.4E-3	9.7E-3
99	4.0E-2	2.2E-4	6.4E-5	5.0E-4	1.8E-4	4.4E-3	9.6E-3
100	4.0E-2	2.2E-4	6.3E-5	5.0E-4	1.8E-4	4.4E-3	9.5E-3
110	3.7E-2	2.0E-4	5.8E-5	4.6E-4	1.7E-4	4.3E-3	8.7E-3
120	3.4E-2	1.8E-4	5.3E-5	4.3E-4	1.6E-4	4.3E-3	8.0E-3
130	3.2E-2	1.7E-4	4.8E-5	4.0E-4	1.5E-4	4.3E-3	7.3E-3
140	3.0E-2	1.5E-4	4.4E-5	3.7E-4	1.4E-4	4.2E-3	6.7E-3
150	2.8E-2	1.4E-4	4.1E-5	3.5E-4	1.3E-4	4.2E-3	6.2E-3
160	2.7E-2	1.3E-4	3.7E-5	3.2E-4	1.2E-4	4.2E-3	5.6E-3
170	2.5E-2	1.2E-4	3.4E-5	3.0E-4	1.1E-4	4.2E-3	5.2E-3
180	2.4E-2	1.1E-4	3.2E-5	2.8E-4	1.1E-4	4.2E-3	4.7E-3
190	2.2E-2	1.0E-4	2.9E-5	2.7E-4	1.0E-4	4.2E-3	4.4E-3
200	2.1E-2	9.2E-5	2.7E-5	2.5E-4	9.4E-5	4.2E-3	4.0E-3
210	2.0E-2	8.5E-5	2.5E-5	2.3E-4	8.8E-5	4.1E-3	3.7E-3
220	1.9E-2	7.8E-5	2.3E-5	2.2E-4	8.3E-5	4.1E-3	3.4E-3
230	1.8E-2	7.2E-5	2.1E-5	2.1E-4	7.9E-5	4.1E-3	3.1E-3
240	1.7E-2	6.6E-5	1.9E-5	2.0E-4	7.5E-5	4.1E-3	2.8E-3
250	1.6E-2	6.1E-5	1.8E-5	1.8E-4	7.1E-5	4.1E-3	2.6E-3
260	1.5E-2	5.6E-5	1.6E-5	1.7E-4	6.7E-5	4.1E-3	2.4E-3
270	1.5E-2	5.2E-5	1.5E-5	1.7E-4	6.4E-5	4.1E-3	2.2E-3
280	1.4E-2	4.8E-5	1.4E-5	1.6E-4	6.0E-5	4.1E-3	2.0E-3
290	1.3E-2	4.4E-5	1.3E-5	1.5E-4	5.8E-5	4.0E-3	1.9E-3
300	1.3E-2	4.1E-5	1.2E-5	1.4E-4	5.5E-5	4.0E-3	1.7E-3
310	1.2E-2	3.8E-5	1.1E-5	1.3E-4	5.2E-5	4.0E-3	1.6E-3
320	1.2E-2	3.5E-5	1.0E-5	1.3E-4	5.0E-5	4.0E-3	1.4E-3
330	1.1E-2	3.3E-5	9.5E-6	1.2E-4	4.8E-5	4.0E-3	1.3E-3
340	1.1E-2	3.0E-5	8.8E-6	1.2E-4	4.6E-5	4.0E-3	1.2E-3
350	1.1E-2	2.8E-5	8.2E-6	1.1E-4	4.4E-5	4.0E-3	1.1E-3
360	1.0E-2	2.6E-5	7.6E-6	1.1E-4	4.2E-5	4.0E-3	1.0E-3
365	1.0E-2	2.5E-5	7.3E-6	1.0E-4	4.1E-5	3.9E-3	1.0E-3
370	1.0E-2	2.4E-5	7.1E-6	1.0E-4	4.1E-5	3.9E-3	9.6E-4
380	9.7E-3	2.3E-5	6.6E-6	9.8E-5	3.9E-5	3.9E-3	8.8E-4
390	9.4E-3	2.1E-5	6.1E-6	9.4E-5	3.8E-5	3.9E-3	8.2E-4
400	9.2E-3	2.0E-5	5.7E-6	9.0E-5	3.6E-5	3.9E-3	7.5E-4
410	8.9E-3	1.8E-5	5.3E-6	8.7E-5	3.5E-5	3.9E-3	7.0E-4
420	8.7E-3	1.7E-5	5.0E-6	8.4E-5	3.4E-5	3.9E-3	6.5E-4
430	8.5E-3	1.6E-5	4.7E-6	8.1E-5	3.3E-5	3.9E-3	6.0E-4
440	8.3E-3	1.5E-5	4.4E-6	7.8E-5	3.2E-5	3.9E-3	5.5E-4
450	8.1E-3	1.4E-5	4.1E-6	7.5E-5	3.1E-5	3.8E-3	5.1E-4
460	7.9E-3	1.3E-5	3.9E-6	7.3E-5	3.0E-5	3.8E-3	4.8E-4
470	7.8E-3	1.3E-5	3.6E-6	7.0E-5	2.9E-5	3.8E-3	4.4E-4
480	7.6E-3	1.2E-5	3.4E-6	6.8E-5	2.8E-5	3.8E-3	4.1E-4
490	7.5E-3	1.1E-5	3.2E-6	6.6E-5	2.7E-5	3.8E-3	3.8E-4
500	7.3E-3	1.1E-5	3.1E-6	6.4E-5	2.6E-5	3.8E-3	3.6E-4
510	7.2E-3	1.0E-5	2.9E-6	6.2E-5	2.6E-5	3.8E-3	3.3E-4
520	7.1E-3	9.5E-6	2.7E-6	6.0E-5	2.5E-5	3.7E-3	3.1E-4
530	6.9E-3	9.0E-6	2.6E-6	5.9E-5	2.4E-5	3.7E-3	2.9E-4
540	6.8E-3	8.6E-6	2.5E-6	5.7E-5	2.4E-5	3.7E-3	2.7E-4
550	6.7E-3	8.2E-6	2.3E-6	5.5E-5	2.3E-5	3.7E-3	2.5E-4
560	6.6E-3	7.8E-6	2.2E-6	5.4E-5	2.2E-5	3.7E-3	2.4E-4
570	6.5E-3	7.4E-6	2.1E-6	5.3E-5	2.2E-5	3.7E-3	2.2E-4
580	6.4E-3	7.1E-6	2.0E-6	5.1E-5	2.1E-5	3.7E-3	2.1E-4
590	6.3E-3	6.8E-6	2.0E-6	5.0E-5	2.1E-5	3.7E-3	2.0E-4
600	6.2E-3	6.5E-6	1.9E-6	4.9E-5	2.0E-5	3.6E-3	1.9E-4
610	6.2E-3	6.2E-6	1.8E-6	4.8E-5	2.0E-5	3.6E-3	1.8E-4
620	6.1E-3	6.0E-6	1.7E-6	4.7E-5	1.9E-5	3.6E-3	1.7E-4
630	6.0E-3	5.8E-6	1.7E-6	4.5E-5	1.9E-5	3.6E-3	1.6E-4
640	5.9E-3	5.6E-6	1.6E-6	4.4E-5	1.9E-5	3.6E-3	1.5E-4
650	5.9E-3	5.4E-6	1.5E-6	4.3E-5	1.8E-5	3.6E-3	1.4E-4
660	5.8E-3	5.2E-6	1.5E-6	4.2E-5	1.8E-5	3.6E-3	1.4E-4
670	5.7E-3	5.0E-6	1.4E-6	4.2E-5	1.7E-5	3.6E-3	1.3E-4
680	5.7E-3	4.8E-6	1.4E-6	4.1E-5	1.7E-5	3.5E-3	1.2E-4
690	5.6E-3	4.7E-6	1.3E-6	4.0E-5	1.7E-5	3.5E-3	1.2E-4
700	5.6E-3	4.5E-6	1.3E-6	3.9E-5	1.6E-5	3.5E-3	1.1E-4
710	5.5E-3	4.4E-6	1.3E-6	3.8E-5	1.6E-5	3.5E-3	1.1E-4
720	5.4E-3	4.3E-6	1.2E-6	3.7E-5	1.6E-5	3.5E-3	1.0E-4
730	5.4E-3	4.2E-6	1.2E-6	3.7E-5	1.5E-5	3.5E-3	9.9E-5
740	5.3E-3	4.0E-6	1.2E-6	3.6E-5	1.5E-5	3.5E-3	9.5E-5
750	5.3E-3	3.9E-6	1.1E-6	3.5E-5	1.5E-5	3.5E-3	9.1E-5
760	5.2E-3	3.8E-6	1.1E-6	3.4E-5	1.4E-5	3.5E-3	8.8E-5
770	5.2E-3	3.7E-6	1.1E-6	3.4E-5	1.4E-5	3.4E-3	8.5E-5
780	5.1E-3	3.7E-6	1.0E-6	3.3E-5	1.4E-5	3.4E-3	8.2E-5
790	5.1E-3	3.6E-6	1.0E-6	3.2E-5	1.4E-5	3.4E-3	7.9E-5
800	5.0E-3	3.5E-6	1.0E-6	3.2E-5	1.3E-5	3.4E-3	7.7E-5
810	5.0E-3	3.4E-6	9.7E-7	3.1E-5	1.3E-5	3.4E-3	7.4E-5
820	5.0E-3	3.3E-6	9.5E-7	3.1E-5	1.3E-5	3.4E-3	7.2E-5
830	4.9E-3	3.3E-6	9.3E-7	3.0E-5	1.3E-5	3.4E-3	7.0E-5
840	4.9E-3	3.2E-6	9.1E-7	2.9E-5	1.2E-5	3.4E-3	6.8E-5
850	4.8E-3	3.1E-6	9.0E-7	2.9E-5	1.2E-5	3.3E-3	6.6E-5
860	4.8E-3	3.1E-6	8.8E-7	2.8E-5	1.2E-5	3.3E-3	6.4E-5
870	4.8E-3	3.0E-6	8.6E-7	2.8E-5	1.2E-5	3.3E-3	6.3E-5
880	4.7E-3	3.0E-6	8.4E-7	2.7E-5	1.2E-5	3.3E-3	6.1E-5
890	4.7E-3	2.9E-6	8.3E-7	2.7E-5	1.1E-5	3.3E-3	6.0E-5
900	4.6E-3	2.9E-6	8.1E-7	2.6E-5	1.1E-5	3.3E-3	5.8E-5
910	4.6E-3	2.8E-6	8.0E-7	2.6E-5	1.1E-5	3.3E-3	5.7E-5
920	4.6E-3	2.8E-6	7.9E-7	2.5E-5	1.1E-5	3.3E-3	5.5E-5
930	4.5E-3	2.7E-6	7.7E-7	2.5E-5	1.0E-5	3.3E-3	5.4E-5
940	4.5E-3	2.7E-6	7.6E-7	2.4E-5	1.0E-5	3.2E-3	5.3E-5
950	4.5E-3	2.6E-6	7.5E-7	2.4E-5	1.0E-5	3.2E-3	5.2E-5
960	4.4E-3	2.6E-6	7.3E-7	2.4E-5	9.9E-6	3.2E-3	5.1E-5
970	4.4E-3	2.5E-6	7.2E-7	2.3E-5	9.7E-6	3.2E-3	5.0E-5
980	4.4E-3	2.5E-6	7.1E-7	2.3E-5	9.6E-6	3.2E-3	4.9E-5
990	4.3E-3	2.5E-6	7.0E-7	2.2E-5	9.4E-6	3.2E-3	4.8E-5
1000	4.3E-3	2.4E-6	6.9E-7	2.2E-5	9.2E-6	3.2E-3	4.7E-5
1010	4.3E-3	2.4E-6	6.8E-7	2.2E-5	9.1E-6	3.2E-3	4.6E-5
1020	4.2E-3	2.3E-6	6.7E-7	2.1E-5	8.9E-6	3.2E-3	4.6E-5
1030	4.2E-3	2.3E-6	6.6E-7	2.1E-5	8.7E-6	3.2E-3	4.5E-5
1040	4.2E-3	2.3E-6	6.5E-7	2.0E-5	8.6E-6	3.1E-3	4.4E-5
1050	4.2E-3	2.2E-6	6.4E-7	2.0E-5	8.4E-6	3.1E-3	4.3E-5
1060	4.1E-3	2.2E-6	6.3E-7	2.0E-5	8.3E-6	3.1E-3	4.3E-5
1070	4.1E-3	2.2E-6	6.2E-7	1.9E-5	8.1E-6	3.1E-3	4.2E-5
1080	4.1E-3	2.2E-6	6.1E-7	1.9E-5	8.0E-6	3.1E-3	4.1E-5
1090	4.0E-3	2.1E-6	6.1E-7	1.9E-5	7.9E-6	3.1E-3	4.1E-5
1095	4.0E-3	2.1E-6	6.0E-7	1.9E-5	7.8E-6	3.1E-3	4.0E-5
1100	4.0E-3	2.1E-6	6.0E-7	1.8E-5	7.7E-6	3.1E-3	4.0E-5
1200	3.8E-3	1.8E-6	5.2E-7	1.5E-5	6.5E-6	3.0E-3	3.5E-5
1300	3.5E-3	1.6E-6	4.6E-7	1.3E-5	5.4E-6	2.9E-3	3.0E-5
1400	3.3E-3	1.4E-6	4.1E-7	1.1E-5	4.6E-6	2.8E-3	2.7E-5
1500	3.2E-3	1.3E-6	3.7E-7	9.2E-6	3.8E-6	2.7E-3	2.4E-5
1600	3.0E-3	1.2E-6	3.3E-7	7.8E-6	3.2E-6	2.6E-3	2.1E-5
1700	2.9E-3	1.1E-6	3.0E-7	6.6E-6	2.7E-6	2.5E-3	1.9E-5
1800	2.7E-3	9.6E-7	2.7E-7	5.6E-6	2.3E-6	2.4E-3	1.8E-5
1900	2.6E-3	8.8E-7	2.5E-7	4.8E-6	2.0E-6	2.4E-3	1.6E-5
2000	2.5E-3	8.1E-7	2.3E-7	4.1E-6	1.7E-6	2.3E-3	1.5E-5
2100	2.4E-3	7.4E-7	2.1E-7	3.5E-6	1.4E-6	2.2E-3	1.3E-5
2200	2.3E-3	6.9E-7	2.0E-7	3.1E-6	1.2E-6	2.2E-3	1.2E-5
2300	2.2E-3	6.4E-7	1.8E-7	2.6E-6	1.1E-6	2.1E-3	1.1E-5
2400	2.2E-3	5.9E-7	1.7E-7	2.3E-6	9.1E-7	2.0E-3	1.1E-5
2500	2.1E-3	5.5E-7	1.6E-7	2.0E-6	7.9E-7	2.0E-3	9.9E-6
2600	2.0E-3	5.2E-7	1.5E-7	1.8E-6	6.9E-7	1.9E-3	9.3E-6
2700	1.9E-3	4.9E-7	1.4E-7	1.6E-6	6.0E-7	1.9E-3	8.7E-6
2800	1.9E-3	4.6E-7	1.3E-7	1.4E-6	5.3E-7	1.8E-3	8.2E-6
2900	1.8E-3	4.3E-7	1.2E-7	1.2E-6	4.6E-7	1.8E-3	7.7E-6
3000	1.8E-3	4.1E-7	1.2E-7	1.1E-6	4.1E-7	1.7E-3	7.3E-6
3100	1.7E-3	3.9E-7	1.1E-7	9.9E-7	3.7E-7	1.7E-3	6.9E-6
3200	1.7E-3	3.7E-7	1.1E-7	8.9E-7	3.3E-7	1.6E-3	6.5E-6
3300	1.6E-3	3.5E-7	1.0E-7	8.1E-7	3.0E-7	1.6E-3	6.2E-6
3400	1.6E-3	3.3E-7	9.5E-8	7.4E-7	2.7E-7	1.5E-3	5.9E-6
3500	1.5E-3	3.2E-7	9.1E-8	6.8E-7	2.4E-7	1.5E-3	5.6E-6
3600	1.5E-3	3.0E-7	8.6E-8	6.2E-7	2.2E-7	1.5E-3	5.4E-6
3650	1.5E-3	3.0E-7	8.5E-8	6.0E-7	2.1E-7	1.5E-3	5.2E-6
4000	1.4E-3	2.5E-7	7.2E-8	4.7E-7	1.6E-7	1.3E-3	4.5E-6
5000	1.1E-3	1.7E-7	4.8E-8	2.8E-7	9.2E-8	1.1E-3	3.0E-6
6000	9.1E-4	1.2E-7	3.4E-8	1.9E-7	6.1E-8	9.0E-4	2.1E-6
7000	7.8E-4	8.7E-8	2.5E-8	1.3E-7	4.4E-8	7.7E-4	1.5E-6
8000	6.8E-4	6.6E-8	1.9E-8	1.0E-7	3.3E-8	6.7E-4	1.2E-6
9000	6.0E-4	5.3E-8	1.5E-8	7.9E-8	2.6E-8	6.0E-4	9.1E-7
10000	5.4E-4	4.3E-8	1.2E-8	6.5E-8	2.1E-8	5.4E-4	7.5E-7
11000	4.9E-4	3.7E-8	1.0E-8	5.4E-8	1.8E-8	4.9E-4	6.3E-7
12000	4.5E-4	3.2E-8	9.0E-9	4.7E-8	1.5E-8	4.4E-4	5.5E-7
13000	4.1E-4	2.8E-8	8.0E-9	4.1E-8	1.3E-8	4.1E-4	4.8E-7
14000	3.7E-4	2.5E-8	7.1E-9	3.7E-8	1.2E-8	3.7E-4	4.3E-7
15000	3.4E-4	2.3E-8	6.4E-9	3.3E-8	1.1E-8	3.4E-4	3.9E-7
16000	3.2E-4	2.1E-8	5.8E-9	3.0E-8	9.7E-9	3.1E-4	3.5E-7
17000	2.9E-4	1.9E-8	5.3E-9	2.7E-8	8.9E-9	2.9E-4	3.2E-7
18000	2.7E-4	1.7E-8	4.9E-9	2.5E-8	8.1E-9	2.7E-4	2.9E-7
18250	2.6E-4	1.7E-8	4.8E-9	2.5E-8	7.9E-9	2.6E-4	2.9E-7
