Radionuclide	Sn-125
Route of Intake	Inhalation
Material	Aerosols Type M, fA=4E-3
AMTD/AMAD, µm	1

Content in an Organ or Excreta Sample per Intake (Reference Bioassay Functions m(t)), Bq per Bq
Time, days	Whole Body	Urine (24-hour sample)	Faeces (24-hour sample)	Alimentary Tract*	Lungs*	Skeleton*	Liver*
0.041667	5.0E-1	-	-	1.4E-1	1.3E-1	3.6E-4	3.7E-4
0.083333	5.0E-1	-	-	1.6E-1	1.2E-1	7.2E-4	5.8E-4
0.125	4.9E-1	-	-	1.7E-1	1.2E-1	1.1E-3	7.3E-4
0.25	4.7E-1	-	-	2.1E-1	1.1E-1	2.3E-3	9.3E-4
0.375	4.6E-1	-	-	2.3E-1	1.0E-1	3.3E-3	9.4E-4
0.5	4.4E-1	-	-	2.4E-1	1.0E-1	4.2E-3	8.9E-4
0.625	4.2E-1	-	-	2.5E-1	9.7E-2	4.8E-3	8.2E-4
0.75	4.1E-1	-	-	2.5E-1	9.4E-2	5.2E-3	7.6E-4
0.875	3.9E-1	-	-	2.4E-1	9.2E-2	5.5E-3	7.0E-4
1	3.7E-1	8.3E-3	4.1E-2	2.4E-1	9.1E-2	5.7E-3	6.6E-4
1.125	3.5E-1	-	-	2.2E-1	8.9E-2	5.9E-3	6.3E-4
1.25	3.3E-1	-	-	2.1E-1	8.8E-2	5.9E-3	6.0E-4
1.375	3.1E-1	-	-	2.0E-1	8.6E-2	6.0E-3	5.8E-4
1.5	2.9E-1	-	-	1.8E-1	8.5E-2	6.0E-3	5.7E-4
1.625	2.7E-1	-	-	1.6E-1	8.4E-2	6.0E-3	5.6E-4
1.75	2.5E-1	-	-	1.5E-1	8.3E-2	6.0E-3	5.5E-4
1.875	2.3E-1	-	-	1.3E-1	8.2E-2	6.0E-3	5.4E-4
2	2.2E-1	1.6E-3	1.2E-1	1.2E-1	8.1E-2	5.9E-3	5.4E-4
2.25	1.9E-1	-	-	9.2E-2	7.9E-2	5.8E-3	5.3E-4
2.5	1.6E-1	-	-	7.0E-2	7.7E-2	5.8E-3	5.2E-4
2.75	1.4E-1	-	-	5.3E-2	7.5E-2	5.7E-3	5.2E-4
3	1.3E-1	4.3E-4	7.4E-2	4.0E-2	7.4E-2	5.6E-3	5.1E-4
3.25	1.1E-1	-	-	2.9E-2	7.2E-2	5.5E-3	5.0E-4
3.5	1.1E-1	-	-	2.1E-2	7.0E-2	5.4E-3	5.0E-4
3.75	9.8E-2	-	-	1.6E-2	6.9E-2	5.3E-3	4.9E-4
4	9.2E-2	3.2E-4	2.6E-2	1.2E-2	6.7E-2	5.2E-3	4.9E-4
4.25	8.7E-2	-	-	8.6E-3	6.6E-2	5.1E-3	4.8E-4
4.5	8.3E-2	-	-	6.4E-3	6.4E-2	5.0E-3	4.7E-4
4.75	8.0E-2	-	-	4.9E-3	6.3E-2	5.0E-3	4.7E-4
5	7.7E-2	2.8E-4	7.8E-3	3.8E-3	6.1E-2	4.9E-3	4.6E-4
5.5	7.3E-2	-	-	2.5E-3	5.9E-2	4.7E-3	4.5E-4
6	6.9E-2	2.5E-4	2.4E-3	1.8E-3	5.6E-2	4.6E-3	4.4E-4
6.5	6.6E-2	-	-	1.4E-3	5.4E-2	4.4E-3	4.3E-4
7	6.3E-2	2.2E-4	1.0E-3	1.2E-3	5.1E-2	4.3E-3	4.2E-4
7.5	6.0E-2	-	-	1.0E-3	4.9E-2	4.1E-3	4.0E-4
8	5.8E-2	2.0E-4	6.1E-4	9.1E-4	4.7E-2	4.0E-3	3.9E-4
8.5	5.5E-2	-	-	8.1E-4	4.5E-2	3.8E-3	3.8E-4
9	5.3E-2	1.8E-4	4.5E-4	7.3E-4	4.3E-2	3.7E-3	3.7E-4
9.5	5.1E-2	-	-	6.6E-4	4.2E-2	3.6E-3	3.6E-4
10	4.9E-2	1.6E-4	3.5E-4	6.0E-4	4.0E-2	3.5E-3	3.5E-4
11	4.5E-2	1.5E-4	2.8E-4	4.9E-4	3.7E-2	3.2E-3	3.3E-4
12	4.2E-2	1.3E-4	2.3E-4	4.1E-4	3.4E-2	3.0E-3	3.1E-4
13	3.8E-2	1.2E-4	1.9E-4	3.5E-4	3.1E-2	2.8E-3	2.9E-4
14	3.6E-2	1.1E-4	1.5E-4	3.0E-4	2.9E-2	2.6E-3	2.8E-4
15	3.3E-2	9.8E-5	1.3E-4	2.6E-4	2.7E-2	2.4E-3	2.6E-4
16	3.0E-2	8.9E-5	1.1E-4	2.2E-4	2.5E-2	2.3E-3	2.5E-4
17	2.8E-2	8.1E-5	9.0E-5	2.0E-4	2.3E-2	2.1E-3	2.3E-4
18	2.6E-2	7.4E-5	7.7E-5	1.7E-4	2.1E-2	2.0E-3	2.2E-4
19	2.4E-2	6.8E-5	6.7E-5	1.5E-4	1.9E-2	1.8E-3	2.0E-4
20	2.2E-2	6.2E-5	5.8E-5	1.4E-4	1.8E-2	1.7E-3	1.9E-4
21	2.1E-2	5.6E-5	5.1E-5	1.3E-4	1.7E-2	1.6E-3	1.8E-4
22	1.9E-2	5.2E-5	4.5E-5	1.1E-4	1.5E-2	1.5E-3	1.7E-4
23	1.8E-2	4.7E-5	4.0E-5	1.0E-4	1.4E-2	1.4E-3	1.6E-4
24	1.6E-2	4.3E-5	3.6E-5	9.4E-5	1.3E-2	1.3E-3	1.5E-4
25	1.5E-2	4.0E-5	3.2E-5	8.6E-5	1.2E-2	1.2E-3	1.4E-4
26	1.4E-2	3.7E-5	2.9E-5	7.9E-5	1.1E-2	1.1E-3	1.3E-4
27	1.3E-2	3.4E-5	2.6E-5	7.3E-5	1.0E-2	1.1E-3	1.2E-4
28	1.2E-2	3.1E-5	2.4E-5	6.7E-5	9.5E-3	9.9E-4	1.1E-4
29	1.1E-2	2.8E-5	2.2E-5	6.2E-5	8.8E-3	9.3E-4	1.1E-4
30	1.0E-2	2.6E-5	2.0E-5	5.7E-5	8.1E-3	8.6E-4	1.0E-4
31	9.6E-3	2.4E-5	1.8E-5	5.3E-5	7.5E-3	8.1E-4	9.3E-5
32	8.9E-3	2.2E-5	1.7E-5	4.9E-5	6.9E-3	7.5E-4	8.7E-5
33	8.2E-3	2.0E-5	1.5E-5	4.5E-5	6.4E-3	7.0E-4	8.2E-5
34	7.6E-3	1.9E-5	1.4E-5	4.2E-5	5.9E-3	6.6E-4	7.6E-5
35	7.1E-3	1.7E-5	1.3E-5	3.9E-5	5.5E-3	6.1E-4	7.1E-5
36	6.6E-3	1.6E-5	1.2E-5	3.6E-5	5.0E-3	5.7E-4	6.7E-5
37	6.1E-3	1.5E-5	1.1E-5	3.4E-5	4.7E-3	5.4E-4	6.2E-5
38	5.6E-3	1.4E-5	1.0E-5	3.1E-5	4.3E-3	5.0E-4	5.8E-5
39	5.2E-3	1.3E-5	9.2E-6	2.9E-5	4.0E-3	4.7E-4	5.5E-5
40	4.8E-3	1.2E-5	8.5E-6	2.7E-5	3.7E-3	4.4E-4	5.1E-5
41	4.5E-3	1.1E-5	7.9E-6	2.5E-5	3.4E-3	4.1E-4	4.8E-5
42	4.2E-3	1.0E-5	7.2E-6	2.3E-5	3.1E-3	3.8E-4	4.5E-5
43	3.8E-3	9.2E-6	6.7E-6	2.2E-5	2.9E-3	3.6E-4	4.2E-5
44	3.6E-3	8.5E-6	6.2E-6	2.0E-5	2.7E-3	3.3E-4	3.9E-5
45	3.3E-3	7.9E-6	5.7E-6	1.9E-5	2.5E-3	3.1E-4	3.6E-5
46	3.1E-3	7.3E-6	5.3E-6	1.7E-5	2.3E-3	2.9E-4	3.4E-5
47	2.8E-3	6.7E-6	4.8E-6	1.6E-5	2.1E-3	2.7E-4	3.2E-5
48	2.6E-3	6.2E-6	4.5E-6	1.5E-5	2.0E-3	2.5E-4	3.0E-5
49	2.4E-3	5.7E-6	4.1E-6	1.4E-5	1.8E-3	2.4E-4	2.8E-5
50	2.3E-3	5.3E-6	3.8E-6	1.3E-5	1.7E-3	2.2E-4	2.6E-5
51	2.1E-3	4.9E-6	3.5E-6	1.2E-5	1.5E-3	2.1E-4	2.4E-5
52	1.9E-3	4.5E-6	3.3E-6	1.1E-5	1.4E-3	1.9E-4	2.2E-5
53	1.8E-3	4.2E-6	3.0E-6	1.0E-5	1.3E-3	1.8E-4	2.1E-5
54	1.7E-3	3.9E-6	2.8E-6	9.6E-6	1.2E-3	1.7E-4	2.0E-5
55	1.5E-3	3.6E-6	2.6E-6	8.9E-6	1.1E-3	1.6E-4	1.8E-5
56	1.4E-3	3.3E-6	2.4E-6	8.3E-6	1.0E-3	1.5E-4	1.7E-5
57	1.3E-3	3.1E-6	2.2E-6	7.7E-6	9.6E-4	1.4E-4	1.6E-5
58	1.2E-3	2.8E-6	2.0E-6	7.2E-6	8.9E-4	1.3E-4	1.5E-5
59	1.1E-3	2.6E-6	1.9E-6	6.7E-6	8.2E-4	1.2E-4	1.4E-5
60	1.1E-3	2.4E-6	1.7E-6	6.2E-6	7.6E-4	1.1E-4	1.3E-5
61	9.8E-4	2.3E-6	1.6E-6	5.8E-6	7.0E-4	1.0E-4	1.2E-5
62	9.1E-4	2.1E-6	1.5E-6	5.4E-6	6.5E-4	9.7E-5	1.1E-5
63	8.4E-4	1.9E-6	1.4E-6	5.0E-6	6.0E-4	9.0E-5	1.0E-5
64	7.8E-4	1.8E-6	1.3E-6	4.6E-6	5.6E-4	8.4E-5	9.8E-6
65	7.2E-4	1.7E-6	1.2E-6	4.3E-6	5.1E-4	7.9E-5	9.1E-6
66	6.7E-4	1.5E-6	1.1E-6	4.0E-6	4.7E-4	7.4E-5	8.5E-6
67	6.2E-4	1.4E-6	9.9E-7	3.7E-6	4.4E-4	6.9E-5	7.9E-6
68	5.8E-4	1.3E-6	9.1E-7	3.5E-6	4.1E-4	6.4E-5	7.4E-6
69	5.4E-4	1.2E-6	8.4E-7	3.2E-6	3.7E-4	6.0E-5	6.9E-6
70	5.0E-4	1.1E-6	7.8E-7	3.0E-6	3.5E-4	5.6E-5	6.4E-6
71	4.6E-4	1.0E-6	7.2E-7	2.8E-6	3.2E-4	5.2E-5	6.0E-6
72	4.3E-4	9.7E-7	6.6E-7	2.6E-6	3.0E-4	4.9E-5	5.6E-6
73	4.0E-4	9.0E-7	6.1E-7	2.4E-6	2.7E-4	4.5E-5	5.2E-6
74	3.7E-4	8.3E-7	5.7E-7	2.2E-6	2.5E-4	4.2E-5	4.8E-6
75	3.4E-4	7.7E-7	5.2E-7	2.1E-6	2.3E-4	4.0E-5	4.5E-6
76	3.2E-4	7.1E-7	4.8E-7	1.9E-6	2.2E-4	3.7E-5	4.2E-6
77	2.9E-4	6.6E-7	4.5E-7	1.8E-6	2.0E-4	3.4E-5	3.9E-6
78	2.7E-4	6.1E-7	4.1E-7	1.7E-6	1.8E-4	3.2E-5	3.7E-6
79	2.5E-4	5.7E-7	3.8E-7	1.5E-6	1.7E-4	3.0E-5	3.4E-6
80	2.3E-4	5.2E-7	3.5E-7	1.4E-6	1.6E-4	2.8E-5	3.2E-6
81	2.2E-4	4.9E-7	3.2E-7	1.3E-6	1.5E-4	2.6E-5	3.0E-6
82	2.0E-4	4.5E-7	3.0E-7	1.2E-6	1.3E-4	2.4E-5	2.8E-6
83	1.9E-4	4.2E-7	2.8E-7	1.2E-6	1.2E-4	2.3E-5	2.6E-6
84	1.7E-4	3.9E-7	2.6E-7	1.1E-6	1.2E-4	2.1E-5	2.4E-6
85	1.6E-4	3.6E-7	2.4E-7	9.9E-7	1.1E-4	2.0E-5	2.2E-6
86	1.5E-4	3.3E-7	2.2E-7	9.2E-7	9.8E-5	1.8E-5	2.1E-6
87	1.4E-4	3.1E-7	2.0E-7	8.6E-7	9.1E-5	1.7E-5	1.9E-6
88	1.3E-4	2.8E-7	1.9E-7	8.0E-7	8.4E-5	1.6E-5	1.8E-6
89	1.2E-4	2.6E-7	1.7E-7	7.4E-7	7.8E-5	1.5E-5	1.7E-6
90	1.1E-4	2.4E-7	1.6E-7	6.9E-7	7.2E-5	1.4E-5	1.6E-6
91	1.0E-4	2.3E-7	1.5E-7	6.4E-7	6.6E-5	1.3E-5	1.5E-6
92	9.4E-5	2.1E-7	1.4E-7	6.0E-7	6.1E-5	1.2E-5	1.4E-6
93	8.7E-5	1.9E-7	1.3E-7	5.5E-7	5.7E-5	1.1E-5	1.3E-6
94	8.1E-5	1.8E-7	1.2E-7	5.2E-7	5.2E-5	1.1E-5	1.2E-6
95	7.5E-5	1.7E-7	1.1E-7	4.8E-7	4.8E-5	9.9E-6	1.1E-6
96	6.9E-5	1.5E-7	9.9E-8	4.4E-7	4.5E-5	9.2E-6	1.0E-6
97	6.4E-5	1.4E-7	9.1E-8	4.1E-7	4.1E-5	8.6E-6	9.5E-7
98	6.0E-5	1.3E-7	8.4E-8	3.8E-7	3.8E-5	8.0E-6	8.9E-7
99	5.5E-5	1.2E-7	7.8E-8	3.6E-7	3.5E-5	7.5E-6	8.3E-7
100	5.1E-5	1.1E-7	7.2E-8	3.3E-7	3.3E-5	7.0E-6	7.7E-7
110	2.4E-5	5.3E-8	3.3E-8	1.6E-7	1.5E-5	3.5E-6	3.8E-7
120	1.1E-5	2.5E-8	1.5E-8	7.7E-8	6.8E-6	1.7E-6	1.8E-7
130	5.3E-6	1.2E-8	6.7E-9	3.7E-8	3.1E-6	8.4E-7	9.0E-8
140	2.5E-6	5.4E-9	3.0E-9	1.8E-8	1.4E-6	4.1E-7	4.4E-8
150	1.2E-6	2.5E-9	1.4E-9	8.5E-9	6.4E-7	2.0E-7	2.1E-8
160	5.6E-7	1.2E-9	6.2E-10	4.1E-9	2.9E-7	1.0E-7	1.0E-8
170	2.6E-7	5.6E-10	2.8E-10	2.0E-9	1.3E-7	4.9E-8	5.1E-9
180	1.2E-7	2.6E-10	1.3E-10	9.5E-10	6.1E-8	2.4E-8	2.5E-9
190	5.9E-8	1.2E-10	-	4.6E-10	2.8E-8	1.2E-8	1.2E-9
200	2.8E-8	-	-	2.2E-10	1.3E-8	5.7E-9	5.8E-10
210	1.3E-8	-	-	1.0E-10	5.8E-9	2.8E-9	2.8E-10
220	6.2E-9	-	-	-	2.6E-9	1.3E-9	1.4E-10
230	2.9E-9	-	-	-	1.2E-9	6.5E-10	-
240	1.4E-9	-	-	-	5.5E-10	3.2E-10	-
250	6.6E-10	-	-	-	2.5E-10	1.5E-10	-
260	3.1E-10	-	-	-	1.1E-10	-	-
270	1.5E-10	-	-	-	-	-	-
