Radionuclide	Gd-147
Route of Intake	Inhalation
Material	Aerosols Type M, Oxide, fA=1E-4
AMTD/AMAD, µm	0.03

Content in an Organ or Excreta Sample per Intake (Reference Bioassay Functions m(t)), Bq per Bq
Time, days	Whole Body	Urine (24-hour sample)	Faeces (24-hour sample)	Alimentary Tract*	Lungs*	Skeleton*	Liver*
0.041667	6.0E-1	-	-	3.6E-2	5.1E-1	7.5E-4	4.2E-4
0.083333	5.9E-1	-	-	4.2E-2	4.9E-1	1.9E-3	8.2E-4
0.125	5.8E-1	-	-	4.7E-2	4.8E-1	3.0E-3	1.2E-3
0.25	5.4E-1	-	-	5.6E-2	4.4E-1	6.0E-3	2.2E-3
0.375	5.1E-1	-	-	6.0E-2	4.1E-1	8.4E-3	3.0E-3
0.5	4.8E-1	-	-	6.1E-2	3.8E-1	1.0E-2	3.6E-3
0.625	4.5E-1	-	-	6.1E-2	3.5E-1	1.2E-2	4.1E-3
0.75	4.2E-1	-	-	5.9E-2	3.2E-1	1.3E-2	4.5E-3
0.875	4.0E-1	-	-	5.7E-2	3.0E-1	1.4E-2	4.8E-3
1	3.7E-1	6.1E-3	8.2E-3	5.3E-2	2.8E-1	1.5E-2	5.0E-3
1.125	3.5E-1	-	-	4.9E-2	2.6E-1	1.5E-2	5.1E-3
1.25	3.3E-1	-	-	4.5E-2	2.5E-1	1.5E-2	5.2E-3
1.375	3.1E-1	-	-	4.1E-2	2.3E-1	1.5E-2	5.2E-3
1.5	2.9E-1	-	-	3.7E-2	2.2E-1	1.5E-2	5.2E-3
1.625	2.7E-1	-	-	3.3E-2	2.0E-1	1.5E-2	5.1E-3
1.75	2.5E-1	-	-	3.0E-2	1.9E-1	1.5E-2	5.1E-3
1.875	2.3E-1	-	-	2.6E-2	1.8E-1	1.5E-2	5.0E-3
2	2.2E-1	2.4E-3	1.8E-2	2.3E-2	1.7E-1	1.4E-2	4.8E-3
2.25	1.9E-1	-	-	1.8E-2	1.5E-1	1.4E-2	4.6E-3
2.5	1.7E-1	-	-	1.4E-2	1.3E-1	1.3E-2	4.3E-3
2.75	1.5E-1	-	-	1.1E-2	1.2E-1	1.2E-2	4.0E-3
3	1.3E-1	8.0E-4	9.5E-3	8.5E-3	1.0E-1	1.1E-2	3.7E-3
3.25	1.2E-1	-	-	6.7E-3	9.1E-2	1.0E-2	3.4E-3
3.5	1.0E-1	-	-	5.3E-3	8.1E-2	9.2E-3	3.1E-3
3.75	9.1E-2	-	-	4.3E-3	7.2E-2	8.4E-3	2.8E-3
4	8.1E-2	2.8E-4	3.5E-3	3.5E-3	6.4E-2	7.7E-3	2.5E-3
4.25	7.2E-2	-	-	2.9E-3	5.7E-2	7.0E-3	2.3E-3
4.5	6.4E-2	-	-	2.4E-3	5.1E-2	6.3E-3	2.1E-3
4.75	5.7E-2	-	-	2.0E-3	4.5E-2	5.7E-3	1.9E-3
5	5.1E-2	1.1E-4	1.4E-3	1.6E-3	4.0E-2	5.2E-3	1.7E-3
5.5	4.1E-2	-	-	1.2E-3	3.2E-2	4.2E-3	1.4E-3
6	3.2E-2	5.0E-5	6.3E-4	8.5E-4	2.5E-2	3.4E-3	1.1E-3
6.5	2.6E-2	-	-	6.2E-4	2.0E-2	2.8E-3	9.2E-4
7	2.1E-2	2.6E-5	3.2E-4	4.6E-4	1.6E-2	2.3E-3	7.4E-4
7.5	1.6E-2	-	-	3.4E-4	1.3E-2	1.8E-3	6.0E-4
8	1.3E-2	1.5E-5	1.7E-4	2.5E-4	1.0E-2	1.5E-3	4.9E-4
8.5	1.0E-2	-	-	1.8E-4	8.2E-3	1.2E-3	4.0E-4
9	8.4E-3	9.0E-6	9.1E-5	1.4E-4	6.5E-3	9.8E-4	3.2E-4
9.5	6.7E-3	-	-	1.0E-4	5.2E-3	7.9E-4	2.6E-4
10	5.3E-3	5.6E-6	4.9E-5	7.5E-5	4.2E-3	6.4E-4	2.1E-4
11	3.4E-3	3.5E-6	2.7E-5	4.2E-5	2.7E-3	4.2E-4	1.4E-4
12	2.2E-3	2.2E-6	1.5E-5	2.4E-5	1.7E-3	2.8E-4	9.0E-5
13	1.4E-3	1.4E-6	8.2E-6	1.3E-5	1.1E-3	1.8E-4	5.9E-5
14	9.0E-4	8.9E-7	4.6E-6	7.6E-6	6.9E-4	1.2E-4	3.9E-5
15	5.8E-4	5.6E-7	2.6E-6	4.4E-6	4.4E-4	7.8E-5	2.5E-5
16	3.7E-4	3.6E-7	1.5E-6	2.6E-6	2.8E-4	5.1E-5	1.6E-5
17	2.4E-4	2.3E-7	8.4E-7	1.5E-6	1.8E-4	3.3E-5	1.1E-5
18	1.5E-4	1.5E-7	4.9E-7	9.1E-7	1.2E-4	2.2E-5	7.0E-6
19	1.0E-4	9.3E-8	2.9E-7	5.5E-7	7.5E-5	1.4E-5	4.6E-6
20	6.4E-5	5.9E-8	1.7E-7	3.3E-7	4.8E-5	9.4E-6	3.0E-6
21	4.1E-5	3.8E-8	1.0E-7	2.0E-7	3.1E-5	6.1E-6	2.0E-6
22	2.7E-5	2.4E-8	6.0E-8	1.3E-7	2.0E-5	4.0E-6	1.3E-6
23	1.7E-5	1.6E-8	3.7E-8	7.8E-8	1.3E-5	2.6E-6	8.4E-7
24	1.1E-5	1.0E-8	2.2E-8	4.9E-8	8.1E-6	1.7E-6	5.5E-7
25	7.1E-6	6.4E-9	1.4E-8	3.1E-8	5.2E-6	1.1E-6	3.6E-7
26	4.6E-6	4.1E-9	8.5E-9	1.9E-8	3.3E-6	7.3E-7	2.3E-7
27	3.0E-6	2.6E-9	5.3E-9	1.2E-8	2.1E-6	4.8E-7	1.5E-7
28	1.9E-6	1.7E-9	3.3E-9	7.7E-9	1.4E-6	3.1E-7	9.9E-8
29	1.2E-6	1.1E-9	2.1E-9	4.9E-9	8.8E-7	2.0E-7	6.5E-8
30	7.9E-7	6.9E-10	1.3E-9	3.1E-9	5.7E-7	1.3E-7	4.2E-8
31	5.1E-7	4.4E-10	8.2E-10	2.0E-9	3.6E-7	8.7E-8	2.7E-8
32	3.3E-7	2.8E-10	5.2E-10	1.3E-9	2.3E-7	5.7E-8	1.8E-8
33	2.1E-7	1.8E-10	3.3E-10	8.2E-10	1.5E-7	3.7E-8	1.2E-8
34	1.4E-7	1.2E-10	2.1E-10	5.2E-10	9.6E-8	2.4E-8	7.6E-9
35	8.8E-8	-	1.3E-10	3.4E-10	6.2E-8	1.6E-8	5.0E-9
36	5.7E-8	-	-	2.2E-10	4.0E-8	1.0E-8	3.2E-9
37	3.7E-8	-	-	1.4E-10	2.5E-8	6.7E-9	2.1E-9
38	2.4E-8	-	-	-	1.6E-8	4.4E-9	1.4E-9
39	1.5E-8	-	-	-	1.0E-8	2.9E-9	8.9E-10
40	9.8E-9	-	-	-	6.7E-9	1.9E-9	5.8E-10
41	6.3E-9	-	-	-	4.3E-9	1.2E-9	3.8E-10
42	4.1E-9	-	-	-	2.8E-9	7.9E-10	2.5E-10
43	2.6E-9	-	-	-	1.8E-9	5.2E-10	1.6E-10
44	1.7E-9	-	-	-	1.1E-9	3.4E-10	1.0E-10
45	1.1E-9	-	-	-	7.3E-10	2.2E-10	-
46	7.1E-10	-	-	-	4.7E-10	1.4E-10	-
47	4.5E-10	-	-	-	3.0E-10	-	-
48	2.9E-10	-	-	-	1.9E-10	-	-
49	1.9E-10	-	-	-	1.2E-10	-	-
50	1.2E-10	-	-	-	-	-	-
