Radionuclide	Np-237
Route of Intake	Inhalation
Material	Aerosols Neptunium nitrate, fA=3.5E-4
AMTD/AMAD, µm	0.03

Content in an Organ or Excreta Sample per Intake (Reference Bioassay Functions m(t)), Bq per Bq
Time, days	Whole Body	Urine (24-hour sample)	Faeces (24-hour sample)	Alimentary Tract*	Lungs*	Skeleton*	Liver*
0.041667	6.1E-1	-	-	4.8E-2	2.9E-1	2.3E-2	2.6E-2
0.083333	6.1E-1	-	-	5.6E-2	2.2E-1	3.6E-2	3.3E-2
0.125	6.0E-1	-	-	5.9E-2	2.0E-1	4.6E-2	3.4E-2
0.25	5.8E-1	-	-	6.2E-2	1.8E-1	6.8E-2	3.3E-2
0.375	5.6E-1	-	-	6.4E-2	1.7E-1	8.4E-2	3.1E-2
0.5	5.5E-1	-	-	6.6E-2	1.7E-1	9.5E-2	3.1E-2
0.625	5.4E-1	-	-	6.6E-2	1.6E-1	1.0E-1	3.0E-2
0.75	5.3E-1	-	-	6.6E-2	1.6E-1	1.1E-1	3.0E-2
0.875	5.2E-1	-	-	6.5E-2	1.6E-1	1.2E-1	3.0E-2
1	5.1E-1	8.1E-2	9.8E-3	6.3E-2	1.5E-1	1.2E-1	3.1E-2
1.125	5.0E-1	-	-	6.1E-2	1.5E-1	1.2E-1	3.1E-2
1.25	4.9E-1	-	-	5.8E-2	1.5E-1	1.3E-1	3.1E-2
1.375	4.9E-1	-	-	5.5E-2	1.5E-1	1.3E-1	3.1E-2
1.5	4.8E-1	-	-	5.2E-2	1.5E-1	1.3E-1	3.2E-2
1.625	4.7E-1	-	-	4.8E-2	1.5E-1	1.4E-1	3.2E-2
1.75	4.7E-1	-	-	4.5E-2	1.5E-1	1.4E-1	3.2E-2
1.875	4.6E-1	-	-	4.1E-2	1.5E-1	1.4E-1	3.3E-2
2	4.6E-1	1.8E-2	3.2E-2	3.8E-2	1.5E-1	1.4E-1	3.3E-2
2.25	4.5E-1	-	-	3.2E-2	1.4E-1	1.4E-1	3.3E-2
2.5	4.4E-1	-	-	2.7E-2	1.4E-1	1.5E-1	3.4E-2
2.75	4.3E-1	-	-	2.2E-2	1.4E-1	1.5E-1	3.4E-2
3	4.3E-1	8.7E-3	2.3E-2	1.9E-2	1.4E-1	1.5E-1	3.5E-2
3.25	4.2E-1	-	-	1.6E-2	1.4E-1	1.5E-1	3.5E-2
3.5	4.2E-1	-	-	1.4E-2	1.4E-1	1.6E-1	3.5E-2
3.75	4.1E-1	-	-	1.2E-2	1.4E-1	1.6E-1	3.6E-2
4	4.1E-1	5.6E-3	1.1E-2	1.0E-2	1.4E-1	1.6E-1	3.6E-2
4.25	4.1E-1	-	-	9.3E-3	1.4E-1	1.6E-1	3.6E-2
4.5	4.0E-1	-	-	8.4E-3	1.3E-1	1.6E-1	3.6E-2
4.75	4.0E-1	-	-	7.7E-3	1.3E-1	1.6E-1	3.7E-2
5	4.0E-1	3.7E-3	5.6E-3	7.1E-3	1.3E-1	1.6E-1	3.7E-2
5.5	4.0E-1	-	-	6.2E-3	1.3E-1	1.7E-1	3.7E-2
6	3.9E-1	2.6E-3	3.5E-3	5.6E-3	1.3E-1	1.7E-1	3.7E-2
6.5	3.9E-1	-	-	5.0E-3	1.3E-1	1.7E-1	3.8E-2
7	3.9E-1	1.8E-3	2.6E-3	4.6E-3	1.3E-1	1.7E-1	3.8E-2
7.5	3.9E-1	-	-	4.2E-3	1.3E-1	1.7E-1	3.8E-2
8	3.9E-1	1.3E-3	2.1E-3	3.9E-3	1.2E-1	1.7E-1	3.8E-2
8.5	3.8E-1	-	-	3.6E-3	1.2E-1	1.7E-1	3.8E-2
9	3.8E-1	1.0E-3	1.8E-3	3.4E-3	1.2E-1	1.7E-1	3.8E-2
9.5	3.8E-1	-	-	3.2E-3	1.2E-1	1.7E-1	3.8E-2
10	3.8E-1	8.1E-4	1.5E-3	3.0E-3	1.2E-1	1.7E-1	3.8E-2
11	3.8E-1	6.7E-4	1.2E-3	2.6E-3	1.2E-1	1.7E-1	3.9E-2
12	3.8E-1	5.8E-4	1.0E-3	2.4E-3	1.2E-1	1.7E-1	3.9E-2
13	3.8E-1	5.2E-4	9.0E-4	2.1E-3	1.2E-1	1.7E-1	3.9E-2
14	3.7E-1	4.7E-4	7.7E-4	2.0E-3	1.2E-1	1.7E-1	3.9E-2
15	3.7E-1	4.4E-4	6.7E-4	1.8E-3	1.1E-1	1.8E-1	3.9E-2
16	3.7E-1	4.2E-4	5.9E-4	1.7E-3	1.1E-1	1.8E-1	3.9E-2
17	3.7E-1	4.1E-4	5.2E-4	1.6E-3	1.1E-1	1.8E-1	3.9E-2
18	3.7E-1	3.9E-4	4.7E-4	1.5E-3	1.1E-1	1.8E-1	3.9E-2
19	3.7E-1	3.8E-4	4.2E-4	1.5E-3	1.1E-1	1.8E-1	3.9E-2
20	3.7E-1	3.7E-4	3.8E-4	1.4E-3	1.1E-1	1.8E-1	3.9E-2
21	3.7E-1	3.6E-4	3.5E-4	1.4E-3	1.1E-1	1.8E-1	3.9E-2
22	3.7E-1	3.6E-4	3.3E-4	1.3E-3	1.1E-1	1.8E-1	3.9E-2
23	3.7E-1	3.5E-4	3.1E-4	1.3E-3	1.1E-1	1.8E-1	4.0E-2
24	3.7E-1	3.4E-4	2.9E-4	1.3E-3	1.1E-1	1.8E-1	4.0E-2
25	3.7E-1	3.4E-4	2.8E-4	1.3E-3	1.1E-1	1.8E-1	4.0E-2
26	3.6E-1	3.3E-4	2.6E-4	1.2E-3	1.1E-1	1.8E-1	4.0E-2
27	3.6E-1	3.2E-4	2.5E-4	1.2E-3	1.0E-1	1.8E-1	4.0E-2
28	3.6E-1	3.2E-4	2.5E-4	1.2E-3	1.0E-1	1.8E-1	4.0E-2
29	3.6E-1	3.1E-4	2.4E-4	1.2E-3	1.0E-1	1.8E-1	4.0E-2
30	3.6E-1	3.1E-4	2.3E-4	1.2E-3	1.0E-1	1.8E-1	4.0E-2
31	3.6E-1	3.1E-4	2.3E-4	1.2E-3	1.0E-1	1.8E-1	4.0E-2
32	3.6E-1	3.0E-4	2.2E-4	1.2E-3	1.0E-1	1.8E-1	4.0E-2
33	3.6E-1	3.0E-4	2.2E-4	1.1E-3	1.0E-1	1.8E-1	4.0E-2
34	3.6E-1	2.9E-4	2.1E-4	1.1E-3	9.9E-2	1.8E-1	4.0E-2
35	3.6E-1	2.9E-4	2.1E-4	1.1E-3	9.9E-2	1.8E-1	4.0E-2
36	3.6E-1	2.8E-4	2.1E-4	1.1E-3	9.8E-2	1.8E-1	4.0E-2
37	3.6E-1	2.8E-4	2.1E-4	1.1E-3	9.7E-2	1.8E-1	4.0E-2
38	3.6E-1	2.8E-4	2.0E-4	1.1E-3	9.7E-2	1.8E-1	4.0E-2
39	3.6E-1	2.7E-4	2.0E-4	1.1E-3	9.6E-2	1.8E-1	4.1E-2
40	3.6E-1	2.7E-4	2.0E-4	1.1E-3	9.5E-2	1.8E-1	4.1E-2
41	3.6E-1	2.7E-4	2.0E-4	1.1E-3	9.5E-2	1.8E-1	4.1E-2
42	3.6E-1	2.6E-4	1.9E-4	1.1E-3	9.4E-2	1.8E-1	4.1E-2
43	3.6E-1	2.6E-4	1.9E-4	1.1E-3	9.3E-2	1.8E-1	4.1E-2
44	3.6E-1	2.6E-4	1.9E-4	1.1E-3	9.3E-2	1.8E-1	4.1E-2
45	3.6E-1	2.6E-4	1.9E-4	1.1E-3	9.2E-2	1.8E-1	4.1E-2
46	3.5E-1	2.5E-4	1.9E-4	1.1E-3	9.1E-2	1.9E-1	4.1E-2
47	3.5E-1	2.5E-4	1.9E-4	1.1E-3	9.1E-2	1.9E-1	4.1E-2
48	3.5E-1	2.5E-4	1.8E-4	1.1E-3	9.0E-2	1.9E-1	4.1E-2
49	3.5E-1	2.5E-4	1.8E-4	1.1E-3	9.0E-2	1.9E-1	4.1E-2
50	3.5E-1	2.4E-4	1.8E-4	1.0E-3	8.9E-2	1.9E-1	4.1E-2
51	3.5E-1	2.4E-4	1.8E-4	1.0E-3	8.8E-2	1.9E-1	4.1E-2
52	3.5E-1	2.4E-4	1.8E-4	1.0E-3	8.8E-2	1.9E-1	4.1E-2
53	3.5E-1	2.4E-4	1.8E-4	1.0E-3	8.7E-2	1.9E-1	4.1E-2
54	3.5E-1	2.3E-4	1.8E-4	1.0E-3	8.7E-2	1.9E-1	4.1E-2
55	3.5E-1	2.3E-4	1.7E-4	1.0E-3	8.6E-2	1.9E-1	4.1E-2
56	3.5E-1	2.3E-4	1.7E-4	1.0E-3	8.5E-2	1.9E-1	4.1E-2
57	3.5E-1	2.3E-4	1.7E-4	1.0E-3	8.5E-2	1.9E-1	4.1E-2
58	3.5E-1	2.3E-4	1.7E-4	1.0E-3	8.4E-2	1.9E-1	4.2E-2
59	3.5E-1	2.2E-4	1.7E-4	1.0E-3	8.4E-2	1.9E-1	4.2E-2
60	3.5E-1	2.2E-4	1.7E-4	1.0E-3	8.3E-2	1.9E-1	4.2E-2
61	3.5E-1	2.2E-4	1.7E-4	1.0E-3	8.2E-2	1.9E-1	4.2E-2
62	3.5E-1	2.2E-4	1.7E-4	9.9E-4	8.2E-2	1.9E-1	4.2E-2
63	3.5E-1	2.2E-4	1.6E-4	9.9E-4	8.1E-2	1.9E-1	4.2E-2
64	3.5E-1	2.1E-4	1.6E-4	9.8E-4	8.1E-2	1.9E-1	4.2E-2
65	3.5E-1	2.1E-4	1.6E-4	9.8E-4	8.0E-2	1.9E-1	4.2E-2
66	3.5E-1	2.1E-4	1.6E-4	9.7E-4	8.0E-2	1.9E-1	4.2E-2
67	3.5E-1	2.1E-4	1.6E-4	9.7E-4	7.9E-2	1.9E-1	4.2E-2
68	3.5E-1	2.1E-4	1.6E-4	9.6E-4	7.9E-2	1.9E-1	4.2E-2
69	3.5E-1	2.1E-4	1.6E-4	9.6E-4	7.8E-2	1.9E-1	4.2E-2
70	3.5E-1	2.1E-4	1.6E-4	9.6E-4	7.8E-2	1.9E-1	4.2E-2
71	3.4E-1	2.0E-4	1.5E-4	9.5E-4	7.7E-2	1.9E-1	4.2E-2
72	3.4E-1	2.0E-4	1.5E-4	9.5E-4	7.6E-2	1.9E-1	4.2E-2
73	3.4E-1	2.0E-4	1.5E-4	9.4E-4	7.6E-2	1.9E-1	4.2E-2
74	3.4E-1	2.0E-4	1.5E-4	9.4E-4	7.5E-2	1.9E-1	4.2E-2
75	3.4E-1	2.0E-4	1.5E-4	9.4E-4	7.5E-2	1.9E-1	4.2E-2
76	3.4E-1	2.0E-4	1.5E-4	9.3E-4	7.4E-2	1.9E-1	4.2E-2
77	3.4E-1	2.0E-4	1.5E-4	9.3E-4	7.4E-2	1.9E-1	4.2E-2
78	3.4E-1	1.9E-4	1.5E-4	9.2E-4	7.3E-2	1.9E-1	4.2E-2
79	3.4E-1	1.9E-4	1.5E-4	9.2E-4	7.3E-2	1.9E-1	4.2E-2
80	3.4E-1	1.9E-4	1.4E-4	9.2E-4	7.2E-2	1.9E-1	4.3E-2
81	3.4E-1	1.9E-4	1.4E-4	9.1E-4	7.2E-2	1.9E-1	4.3E-2
82	3.4E-1	1.9E-4	1.4E-4	9.1E-4	7.1E-2	1.9E-1	4.3E-2
83	3.4E-1	1.9E-4	1.4E-4	9.0E-4	7.1E-2	1.9E-1	4.3E-2
84	3.4E-1	1.9E-4	1.4E-4	9.0E-4	7.0E-2	1.9E-1	4.3E-2
85	3.4E-1	1.9E-4	1.4E-4	9.0E-4	7.0E-2	1.9E-1	4.3E-2
86	3.4E-1	1.8E-4	1.4E-4	8.9E-4	7.0E-2	1.9E-1	4.3E-2
87	3.4E-1	1.8E-4	1.4E-4	8.9E-4	6.9E-2	2.0E-1	4.3E-2
88	3.4E-1	1.8E-4	1.4E-4	8.8E-4	6.9E-2	2.0E-1	4.3E-2
89	3.4E-1	1.8E-4	1.3E-4	8.8E-4	6.8E-2	2.0E-1	4.3E-2
90	3.4E-1	1.8E-4	1.3E-4	8.8E-4	6.8E-2	2.0E-1	4.3E-2
91	3.4E-1	1.8E-4	1.3E-4	8.7E-4	6.7E-2	2.0E-1	4.3E-2
92	3.4E-1	1.8E-4	1.3E-4	8.7E-4	6.7E-2	2.0E-1	4.3E-2
93	3.4E-1	1.8E-4	1.3E-4	8.7E-4	6.6E-2	2.0E-1	4.3E-2
94	3.4E-1	1.8E-4	1.3E-4	8.6E-4	6.6E-2	2.0E-1	4.3E-2
95	3.4E-1	1.7E-4	1.3E-4	8.6E-4	6.5E-2	2.0E-1	4.3E-2
96	3.4E-1	1.7E-4	1.3E-4	8.5E-4	6.5E-2	2.0E-1	4.3E-2
97	3.4E-1	1.7E-4	1.3E-4	8.5E-4	6.4E-2	2.0E-1	4.3E-2
98	3.4E-1	1.7E-4	1.3E-4	8.5E-4	6.4E-2	2.0E-1	4.3E-2
99	3.4E-1	1.7E-4	1.2E-4	8.4E-4	6.4E-2	2.0E-1	4.3E-2
100	3.4E-1	1.7E-4	1.2E-4	8.4E-4	6.3E-2	2.0E-1	4.3E-2
110	3.3E-1	1.6E-4	1.1E-4	8.1E-4	5.9E-2	2.0E-1	4.4E-2
120	3.3E-1	1.5E-4	1.1E-4	7.7E-4	5.5E-2	2.0E-1	4.4E-2
130	3.3E-1	1.5E-4	9.9E-5	7.4E-4	5.2E-2	2.0E-1	4.4E-2
140	3.3E-1	1.4E-4	9.1E-5	7.1E-4	4.8E-2	2.0E-1	4.4E-2
150	3.2E-1	1.3E-4	8.5E-5	6.9E-4	4.5E-2	2.1E-1	4.5E-2
160	3.2E-1	1.3E-4	7.9E-5	6.6E-4	4.2E-2	2.1E-1	4.5E-2
170	3.2E-1	1.2E-4	7.3E-5	6.4E-4	4.0E-2	2.1E-1	4.5E-2
180	3.2E-1	1.2E-4	6.8E-5	6.2E-4	3.7E-2	2.1E-1	4.5E-2
190	3.2E-1	1.1E-4	6.3E-5	6.0E-4	3.5E-2	2.1E-1	4.5E-2
200	3.1E-1	1.1E-4	5.9E-5	5.8E-4	3.2E-2	2.1E-1	4.5E-2
210	3.1E-1	1.0E-4	5.4E-5	5.6E-4	3.0E-2	2.1E-1	4.5E-2
220	3.1E-1	9.8E-5	5.1E-5	5.4E-4	2.8E-2	2.1E-1	4.5E-2
230	3.1E-1	9.5E-5	4.7E-5	5.3E-4	2.7E-2	2.1E-1	4.5E-2
240	3.1E-1	9.1E-5	4.4E-5	5.1E-4	2.5E-2	2.2E-1	4.5E-2
250	3.1E-1	8.8E-5	4.1E-5	5.0E-4	2.3E-2	2.2E-1	4.5E-2
260	3.0E-1	8.5E-5	3.8E-5	4.8E-4	2.2E-2	2.2E-1	4.5E-2
270	3.0E-1	8.2E-5	3.6E-5	4.7E-4	2.1E-2	2.2E-1	4.5E-2
280	3.0E-1	8.0E-5	3.3E-5	4.6E-4	1.9E-2	2.2E-1	4.5E-2
290	3.0E-1	7.7E-5	3.1E-5	4.5E-4	1.8E-2	2.2E-1	4.5E-2
300	3.0E-1	7.5E-5	2.9E-5	4.4E-4	1.7E-2	2.2E-1	4.5E-2
310	3.0E-1	7.3E-5	2.7E-5	4.3E-4	1.6E-2	2.2E-1	4.5E-2
320	3.0E-1	7.1E-5	2.5E-5	4.2E-4	1.5E-2	2.2E-1	4.5E-2
330	3.0E-1	6.9E-5	2.4E-5	4.1E-4	1.4E-2	2.2E-1	4.5E-2
340	3.0E-1	6.7E-5	2.2E-5	4.0E-4	1.3E-2	2.2E-1	4.5E-2
350	3.0E-1	6.5E-5	2.1E-5	3.9E-4	1.2E-2	2.2E-1	4.4E-2
360	2.9E-1	6.4E-5	2.0E-5	3.9E-4	1.2E-2	2.2E-1	4.4E-2
365	2.9E-1	6.3E-5	1.9E-5	3.8E-4	1.1E-2	2.2E-1	4.4E-2
370	2.9E-1	6.2E-5	1.8E-5	3.8E-4	1.1E-2	2.2E-1	4.4E-2
380	2.9E-1	6.1E-5	1.7E-5	3.7E-4	1.0E-2	2.2E-1	4.4E-2
390	2.9E-1	5.9E-5	1.6E-5	3.7E-4	9.8E-3	2.2E-1	4.4E-2
400	2.9E-1	5.8E-5	1.5E-5	3.6E-4	9.2E-3	2.2E-1	4.4E-2
410	2.9E-1	5.7E-5	1.4E-5	3.6E-4	8.7E-3	2.2E-1	4.3E-2
420	2.9E-1	5.6E-5	1.4E-5	3.5E-4	8.1E-3	2.2E-1	4.3E-2
430	2.9E-1	5.5E-5	1.3E-5	3.5E-4	7.7E-3	2.2E-1	4.3E-2
440	2.9E-1	5.4E-5	1.2E-5	3.4E-4	7.2E-3	2.2E-1	4.3E-2
450	2.9E-1	5.3E-5	1.2E-5	3.4E-4	6.8E-3	2.2E-1	4.3E-2
460	2.9E-1	5.2E-5	1.1E-5	3.4E-4	6.4E-3	2.2E-1	4.2E-2
470	2.9E-1	5.1E-5	1.0E-5	3.3E-4	6.1E-3	2.2E-1	4.2E-2
480	2.9E-1	5.0E-5	9.8E-6	3.3E-4	5.7E-3	2.2E-1	4.2E-2
490	2.9E-1	4.9E-5	9.4E-6	3.3E-4	5.4E-3	2.2E-1	4.2E-2
500	2.9E-1	4.9E-5	8.9E-6	3.2E-4	5.1E-3	2.2E-1	4.2E-2
510	2.8E-1	4.8E-5	8.5E-6	3.2E-4	4.8E-3	2.2E-1	4.1E-2
520	2.8E-1	4.7E-5	8.1E-6	3.2E-4	4.5E-3	2.2E-1	4.1E-2
530	2.8E-1	4.7E-5	7.7E-6	3.2E-4	4.3E-3	2.2E-1	4.1E-2
540	2.8E-1	4.6E-5	7.4E-6	3.1E-4	4.0E-3	2.2E-1	4.1E-2
550	2.8E-1	4.6E-5	7.1E-6	3.1E-4	3.8E-3	2.2E-1	4.0E-2
560	2.8E-1	4.5E-5	6.8E-6	3.1E-4	3.6E-3	2.2E-1	4.0E-2
570	2.8E-1	4.5E-5	6.5E-6	3.1E-4	3.4E-3	2.2E-1	4.0E-2
580	2.8E-1	4.4E-5	6.3E-6	3.1E-4	3.2E-3	2.2E-1	4.0E-2
590	2.8E-1	4.4E-5	6.0E-6	3.1E-4	3.1E-3	2.2E-1	3.9E-2
600	2.8E-1	4.3E-5	5.8E-6	3.0E-4	2.9E-3	2.2E-1	3.9E-2
610	2.8E-1	4.3E-5	5.6E-6	3.0E-4	2.7E-3	2.2E-1	3.9E-2
620	2.8E-1	4.3E-5	5.4E-6	3.0E-4	2.6E-3	2.2E-1	3.9E-2
630	2.8E-1	4.2E-5	5.2E-6	3.0E-4	2.5E-3	2.2E-1	3.8E-2
640	2.8E-1	4.2E-5	5.1E-6	3.0E-4	2.3E-3	2.2E-1	3.8E-2
650	2.8E-1	4.2E-5	4.9E-6	3.0E-4	2.2E-3	2.2E-1	3.8E-2
660	2.8E-1	4.1E-5	4.8E-6	3.0E-4	2.1E-3	2.2E-1	3.8E-2
670	2.8E-1	4.1E-5	4.6E-6	3.0E-4	2.0E-3	2.2E-1	3.8E-2
680	2.8E-1	4.1E-5	4.5E-6	3.0E-4	1.9E-3	2.2E-1	3.7E-2
690	2.8E-1	4.0E-5	4.4E-6	3.0E-4	1.8E-3	2.2E-1	3.7E-2
700	2.8E-1	4.0E-5	4.3E-6	3.0E-4	1.7E-3	2.2E-1	3.7E-2
710	2.7E-1	4.0E-5	4.1E-6	2.9E-4	1.6E-3	2.2E-1	3.6E-2
720	2.7E-1	4.0E-5	4.0E-6	2.9E-4	1.5E-3	2.2E-1	3.6E-2
730	2.7E-1	3.9E-5	3.9E-6	2.9E-4	1.5E-3	2.2E-1	3.6E-2
740	2.7E-1	3.9E-5	3.9E-6	2.9E-4	1.4E-3	2.2E-1	3.6E-2
750	2.7E-1	3.9E-5	3.8E-6	2.9E-4	1.3E-3	2.2E-1	3.5E-2
760	2.7E-1	3.9E-5	3.7E-6	2.9E-4	1.3E-3	2.2E-1	3.5E-2
770	2.7E-1	3.8E-5	3.6E-6	2.9E-4	1.2E-3	2.2E-1	3.5E-2
780	2.7E-1	3.8E-5	3.5E-6	2.9E-4	1.1E-3	2.2E-1	3.5E-2
790	2.7E-1	3.8E-5	3.5E-6	2.9E-4	1.1E-3	2.2E-1	3.4E-2
800	2.7E-1	3.8E-5	3.4E-6	2.9E-4	1.0E-3	2.2E-1	3.4E-2
810	2.7E-1	3.8E-5	3.3E-6	2.9E-4	9.8E-4	2.2E-1	3.4E-2
820	2.7E-1	3.7E-5	3.3E-6	2.9E-4	9.4E-4	2.2E-1	3.4E-2
830	2.7E-1	3.7E-5	3.2E-6	2.9E-4	8.9E-4	2.2E-1	3.3E-2
840	2.7E-1	3.7E-5	3.2E-6	2.9E-4	8.5E-4	2.2E-1	3.3E-2
850	2.7E-1	3.7E-5	3.1E-6	2.9E-4	8.2E-4	2.2E-1	3.3E-2
860	2.7E-1	3.7E-5	3.1E-6	2.9E-4	7.8E-4	2.2E-1	3.3E-2
870	2.7E-1	3.6E-5	3.0E-6	2.9E-4	7.5E-4	2.2E-1	3.3E-2
880	2.7E-1	3.6E-5	3.0E-6	2.9E-4	7.1E-4	2.2E-1	3.2E-2
890	2.7E-1	3.6E-5	2.9E-6	2.9E-4	6.8E-4	2.2E-1	3.2E-2
900	2.7E-1	3.6E-5	2.9E-6	2.9E-4	6.5E-4	2.2E-1	3.2E-2
910	2.7E-1	3.6E-5	2.8E-6	2.9E-4	6.3E-4	2.2E-1	3.2E-2
920	2.7E-1	3.6E-5	2.8E-6	2.9E-4	6.0E-4	2.2E-1	3.1E-2
930	2.7E-1	3.5E-5	2.8E-6	2.9E-4	5.8E-4	2.2E-1	3.1E-2
940	2.7E-1	3.5E-5	2.7E-6	2.9E-4	5.5E-4	2.2E-1	3.1E-2
950	2.7E-1	3.5E-5	2.7E-6	2.9E-4	5.3E-4	2.2E-1	3.1E-2
960	2.6E-1	3.5E-5	2.7E-6	2.9E-4	5.1E-4	2.2E-1	3.0E-2
970	2.6E-1	3.5E-5	2.6E-6	2.9E-4	4.9E-4	2.2E-1	3.0E-2
980	2.6E-1	3.5E-5	2.6E-6	2.9E-4	4.7E-4	2.2E-1	3.0E-2
990	2.6E-1	3.5E-5	2.6E-6	2.9E-4	4.6E-4	2.2E-1	3.0E-2
1000	2.6E-1	3.4E-5	2.5E-6	2.9E-4	4.4E-4	2.2E-1	2.9E-2
1010	2.6E-1	3.4E-5	2.5E-6	2.9E-4	4.2E-4	2.2E-1	2.9E-2
1020	2.6E-1	3.4E-5	2.5E-6	2.9E-4	4.1E-4	2.2E-1	2.9E-2
1030	2.6E-1	3.4E-5	2.4E-6	2.9E-4	3.9E-4	2.2E-1	2.9E-2
1040	2.6E-1	3.4E-5	2.4E-6	2.9E-4	3.8E-4	2.2E-1	2.9E-2
1050	2.6E-1	3.4E-5	2.4E-6	2.9E-4	3.7E-4	2.2E-1	2.8E-2
1060	2.6E-1	3.4E-5	2.4E-6	2.9E-4	3.6E-4	2.2E-1	2.8E-2
1070	2.6E-1	3.3E-5	2.3E-6	2.9E-4	3.4E-4	2.2E-1	2.8E-2
1080	2.6E-1	3.3E-5	2.3E-6	2.9E-4	3.3E-4	2.2E-1	2.8E-2
1090	2.6E-1	3.3E-5	2.3E-6	2.9E-4	3.2E-4	2.2E-1	2.7E-2
1095	2.6E-1	3.3E-5	2.3E-6	2.9E-4	3.2E-4	2.2E-1	2.7E-2
1100	2.6E-1	3.3E-5	2.3E-6	2.9E-4	3.1E-4	2.2E-1	2.7E-2
1200	2.6E-1	3.2E-5	2.1E-6	2.9E-4	2.4E-4	2.2E-1	2.5E-2
1300	2.5E-1	3.1E-5	1.9E-6	3.0E-4	2.0E-4	2.1E-1	2.3E-2
1400	2.5E-1	3.0E-5	1.8E-6	3.0E-4	1.7E-4	2.1E-1	2.2E-2
1500	2.5E-1	2.9E-5	1.7E-6	3.0E-4	1.6E-4	2.1E-1	2.0E-2
1600	2.4E-1	2.8E-5	1.6E-6	3.0E-4	1.5E-4	2.1E-1	1.8E-2
1700	2.4E-1	2.7E-5	1.5E-6	3.0E-4	1.5E-4	2.1E-1	1.7E-2
1800	2.4E-1	2.6E-5	1.4E-6	3.1E-4	1.4E-4	2.1E-1	1.6E-2
1900	2.4E-1	2.5E-5	1.3E-6	3.1E-4	1.4E-4	2.1E-1	1.5E-2
2000	2.3E-1	2.4E-5	1.2E-6	3.1E-4	1.4E-4	2.0E-1	1.4E-2
2100	2.3E-1	2.3E-5	1.2E-6	3.1E-4	1.4E-4	2.0E-1	1.3E-2
2200	2.3E-1	2.3E-5	1.1E-6	3.1E-4	1.4E-4	2.0E-1	1.2E-2
2300	2.3E-1	2.2E-5	1.1E-6	3.1E-4	1.4E-4	2.0E-1	1.1E-2
2400	2.2E-1	2.1E-5	1.0E-6	3.2E-4	1.4E-4	2.0E-1	1.1E-2
2500	2.2E-1	2.1E-5	1.0E-6	3.2E-4	1.4E-4	2.0E-1	1.0E-2
2600	2.2E-1	2.0E-5	9.6E-7	3.2E-4	1.4E-4	1.9E-1	9.7E-3
2700	2.2E-1	2.0E-5	9.3E-7	3.2E-4	1.4E-4	1.9E-1	9.2E-3
2800	2.1E-1	1.9E-5	9.0E-7	3.2E-4	1.4E-4	1.9E-1	8.7E-3
2900	2.1E-1	1.9E-5	8.7E-7	3.2E-4	1.4E-4	1.9E-1	8.3E-3
3000	2.1E-1	1.8E-5	8.4E-7	3.2E-4	1.4E-4	1.9E-1	7.9E-3
3100	2.1E-1	1.8E-5	8.2E-7	3.2E-4	1.4E-4	1.9E-1	7.6E-3
3200	2.1E-1	1.7E-5	7.9E-7	3.3E-4	1.5E-4	1.8E-1	7.3E-3
3300	2.1E-1	1.7E-5	7.7E-7	3.3E-4	1.5E-4	1.8E-1	7.0E-3
3400	2.0E-1	1.6E-5	7.5E-7	3.3E-4	1.5E-4	1.8E-1	6.7E-3
3500	2.0E-1	1.6E-5	7.3E-7	3.3E-4	1.5E-4	1.8E-1	6.5E-3
3600	2.0E-1	1.6E-5	7.1E-7	3.3E-4	1.5E-4	1.8E-1	6.3E-3
3650	2.0E-1	1.5E-5	7.0E-7	3.3E-4	1.5E-4	1.8E-1	6.2E-3
4000	1.9E-1	1.4E-5	6.5E-7	3.3E-4	1.5E-4	1.7E-1	5.5E-3
5000	1.8E-1	1.2E-5	5.3E-7	3.4E-4	1.5E-4	1.6E-1	4.3E-3
6000	1.7E-1	1.0E-5	4.4E-7	3.5E-4	1.5E-4	1.5E-1	3.5E-3
7000	1.6E-1	8.8E-6	3.8E-7	3.5E-4	1.6E-4	1.4E-1	3.0E-3
8000	1.5E-1	7.8E-6	3.4E-7	3.5E-4	1.6E-4	1.3E-1	2.6E-3
9000	1.4E-1	7.0E-6	3.0E-7	3.6E-4	1.6E-4	1.2E-1	2.3E-3
10000	1.4E-1	6.4E-6	2.7E-7	3.6E-4	1.6E-4	1.2E-1	2.1E-3
11000	1.3E-1	5.9E-6	2.5E-7	3.6E-4	1.6E-4	1.1E-1	1.9E-3
12000	1.2E-1	5.5E-6	2.3E-7	3.6E-4	1.6E-4	1.0E-1	1.8E-3
13000	1.2E-1	5.1E-6	2.2E-7	3.6E-4	1.6E-4	9.9E-2	1.6E-3
14000	1.1E-1	4.8E-6	2.0E-7	3.6E-4	1.6E-4	9.4E-2	1.5E-3
15000	1.1E-1	4.5E-6	1.9E-7	3.6E-4	1.6E-4	9.0E-2	1.4E-3
16000	1.0E-1	4.3E-6	1.8E-7	3.6E-4	1.6E-4	8.5E-2	1.4E-3
17000	9.9E-2	4.0E-6	1.7E-7	3.5E-4	1.6E-4	8.1E-2	1.3E-3
18000	9.5E-2	3.8E-6	1.6E-7	3.5E-4	1.6E-4	7.7E-2	1.2E-3
18250	9.4E-2	3.8E-6	1.6E-7	3.5E-4	1.6E-4	7.6E-2	1.2E-3
