Radionuclide	Rh-102
Route of Intake	Inhalation
Material	Aerosols Type F, fA=5E-2
AMTD/AMAD, µm	0.003

Content in an Organ or Excreta Sample per Intake (Reference Bioassay Functions m(t)), Bq per Bq
Time, days	Whole Body	Urine (24-hour sample)	Faeces (24-hour sample)	Alimentary Tract*	Lungs*	Skeleton*	Liver*
0.041667	9.3E-1	-	-	1.7E-1	1.4E-1	3.5E-2	5.1E-2
0.083333	9.0E-1	-	-	1.9E-1	5.2E-2	4.5E-2	6.7E-2
0.125	8.7E-1	-	-	2.1E-1	2.7E-2	4.8E-2	7.2E-2
0.25	8.3E-1	-	-	2.3E-1	1.7E-2	5.1E-2	7.5E-2
0.375	8.0E-1	-	-	2.6E-1	1.7E-2	5.2E-2	7.6E-2
0.5	7.8E-1	-	-	2.7E-1	1.6E-2	5.3E-2	7.7E-2
0.625	7.6E-1	-	-	2.8E-1	1.5E-2	5.3E-2	7.8E-2
0.75	7.5E-1	-	-	2.8E-1	1.5E-2	5.4E-2	7.8E-2
0.875	7.3E-1	-	-	2.7E-1	1.4E-2	5.4E-2	7.8E-2
1	7.1E-1	1.1E-1	4.7E-2	2.7E-1	1.3E-2	5.4E-2	7.8E-2
1.125	6.8E-1	-	-	2.5E-1	1.3E-2	5.5E-2	7.8E-2
1.25	6.6E-1	-	-	2.4E-1	1.2E-2	5.5E-2	7.8E-2
1.375	6.4E-1	-	-	2.2E-1	1.2E-2	5.5E-2	7.7E-2
1.5	6.2E-1	-	-	2.1E-1	1.1E-2	5.5E-2	7.7E-2
1.625	5.9E-1	-	-	1.9E-1	1.1E-2	5.5E-2	7.7E-2
1.75	5.7E-1	-	-	1.8E-1	1.0E-2	5.5E-2	7.6E-2
1.875	5.5E-1	-	-	1.6E-1	9.8E-3	5.5E-2	7.6E-2
2	5.3E-1	2.1E-2	1.4E-1	1.4E-1	9.4E-3	5.5E-2	7.5E-2
2.25	5.0E-1	-	-	1.2E-1	8.7E-3	5.5E-2	7.4E-2
2.5	4.7E-1	-	-	9.2E-2	8.0E-3	5.4E-2	7.3E-2
2.75	4.4E-1	-	-	7.2E-2	7.4E-3	5.4E-2	7.2E-2
3	4.2E-1	1.6E-2	9.1E-2	5.7E-2	6.8E-3	5.4E-2	7.1E-2
3.25	4.1E-1	-	-	4.5E-2	6.4E-3	5.4E-2	7.0E-2
3.5	3.9E-1	-	-	3.5E-2	5.9E-3	5.3E-2	6.9E-2
3.75	3.8E-1	-	-	2.9E-2	5.6E-3	5.3E-2	6.8E-2
4	3.7E-1	1.3E-2	3.6E-2	2.3E-2	5.2E-3	5.3E-2	6.7E-2
4.25	3.6E-1	-	-	1.9E-2	4.9E-3	5.2E-2	6.5E-2
4.5	3.6E-1	-	-	1.7E-2	4.7E-3	5.2E-2	6.4E-2
4.75	3.5E-1	-	-	1.5E-2	4.5E-3	5.2E-2	6.3E-2
5	3.5E-1	1.2E-2	1.3E-2	1.3E-2	4.2E-3	5.1E-2	6.2E-2
5.5	3.4E-1	-	-	1.1E-2	3.9E-3	5.0E-2	6.0E-2
6	3.3E-1	1.0E-2	5.4E-3	9.9E-3	3.6E-3	5.0E-2	5.8E-2
6.5	3.2E-1	-	-	9.2E-3	3.4E-3	4.9E-2	5.6E-2
7	3.1E-1	9.4E-3	3.4E-3	8.7E-3	3.2E-3	4.8E-2	5.4E-2
7.5	3.1E-1	-	-	8.3E-3	3.0E-3	4.8E-2	5.2E-2
8	3.0E-1	8.6E-3	2.7E-3	8.0E-3	2.9E-3	4.7E-2	5.0E-2
8.5	3.0E-1	-	-	7.8E-3	2.8E-3	4.6E-2	4.9E-2
9	2.9E-1	7.9E-3	2.4E-3	7.5E-3	2.7E-3	4.5E-2	4.7E-2
9.5	2.9E-1	-	-	7.3E-3	2.6E-3	4.5E-2	4.5E-2
10	2.8E-1	7.3E-3	2.2E-3	7.1E-3	2.5E-3	4.4E-2	4.4E-2
11	2.7E-1	6.8E-3	2.0E-3	6.7E-3	2.4E-3	4.3E-2	4.1E-2
12	2.6E-1	6.3E-3	1.9E-3	6.4E-3	2.3E-3	4.1E-2	3.8E-2
13	2.5E-1	5.9E-3	1.8E-3	6.1E-3	2.2E-3	4.0E-2	3.6E-2
14	2.4E-1	5.5E-3	1.6E-3	5.8E-3	2.1E-3	3.9E-2	3.4E-2
15	2.4E-1	5.1E-3	1.5E-3	5.6E-3	2.0E-3	3.8E-2	3.2E-2
16	2.3E-1	4.8E-3	1.4E-3	5.4E-3	2.0E-3	3.7E-2	3.0E-2
17	2.2E-1	4.5E-3	1.3E-3	5.1E-3	1.9E-3	3.6E-2	2.9E-2
18	2.2E-1	4.2E-3	1.2E-3	4.9E-3	1.8E-3	3.5E-2	2.7E-2
19	2.1E-1	4.0E-3	1.1E-3	4.7E-3	1.8E-3	3.4E-2	2.6E-2
20	2.1E-1	3.7E-3	1.1E-3	4.6E-3	1.7E-3	3.4E-2	2.4E-2
21	2.0E-1	3.5E-3	1.0E-3	4.4E-3	1.7E-3	3.3E-2	2.3E-2
22	2.0E-1	3.3E-3	9.4E-4	4.2E-3	1.6E-3	3.2E-2	2.2E-2
23	1.9E-1	3.1E-3	8.9E-4	4.1E-3	1.6E-3	3.1E-2	2.1E-2
24	1.9E-1	2.9E-3	8.3E-4	4.0E-3	1.5E-3	3.1E-2	2.0E-2
25	1.8E-1	2.8E-3	7.8E-4	3.8E-3	1.5E-3	3.0E-2	1.9E-2
26	1.8E-1	2.6E-3	7.4E-4	3.7E-3	1.5E-3	2.9E-2	1.9E-2
27	1.8E-1	2.5E-3	6.9E-4	3.6E-3	1.4E-3	2.9E-2	1.8E-2
28	1.7E-1	2.3E-3	6.5E-4	3.5E-3	1.4E-3	2.8E-2	1.7E-2
29	1.7E-1	2.2E-3	6.2E-4	3.4E-3	1.4E-3	2.8E-2	1.7E-2
30	1.6E-1	2.1E-3	5.8E-4	3.3E-3	1.3E-3	2.7E-2	1.6E-2
31	1.6E-1	2.0E-3	5.5E-4	3.2E-3	1.3E-3	2.7E-2	1.5E-2
32	1.6E-1	1.9E-3	5.2E-4	3.1E-3	1.3E-3	2.6E-2	1.5E-2
33	1.6E-1	1.8E-3	4.9E-4	3.0E-3	1.2E-3	2.6E-2	1.4E-2
34	1.5E-1	1.7E-3	4.7E-4	3.0E-3	1.2E-3	2.6E-2	1.4E-2
35	1.5E-1	1.6E-3	4.4E-4	2.9E-3	1.2E-3	2.5E-2	1.4E-2
36	1.5E-1	1.5E-3	4.2E-4	2.8E-3	1.2E-3	2.5E-2	1.3E-2
37	1.5E-1	1.5E-3	4.0E-4	2.8E-3	1.1E-3	2.5E-2	1.3E-2
38	1.4E-1	1.4E-3	3.8E-4	2.7E-3	1.1E-3	2.4E-2	1.2E-2
39	1.4E-1	1.3E-3	3.6E-4	2.6E-3	1.1E-3	2.4E-2	1.2E-2
40	1.4E-1	1.3E-3	3.4E-4	2.6E-3	1.1E-3	2.4E-2	1.2E-2
41	1.4E-1	1.2E-3	3.3E-4	2.5E-3	1.0E-3	2.3E-2	1.2E-2
42	1.4E-1	1.2E-3	3.1E-4	2.5E-3	1.0E-3	2.3E-2	1.1E-2
43	1.3E-1	1.1E-3	3.0E-4	2.4E-3	1.0E-3	2.3E-2	1.1E-2
44	1.3E-1	1.1E-3	2.8E-4	2.4E-3	9.9E-4	2.3E-2	1.1E-2
45	1.3E-1	1.0E-3	2.7E-4	2.3E-3	9.8E-4	2.2E-2	1.1E-2
46	1.3E-1	9.7E-4	2.6E-4	2.3E-3	9.6E-4	2.2E-2	1.0E-2
47	1.3E-1	9.3E-4	2.5E-4	2.2E-3	9.4E-4	2.2E-2	1.0E-2
48	1.3E-1	8.9E-4	2.4E-4	2.2E-3	9.3E-4	2.2E-2	9.9E-3
49	1.2E-1	8.6E-4	2.3E-4	2.2E-3	9.1E-4	2.2E-2	9.7E-3
50	1.2E-1	8.2E-4	2.2E-4	2.1E-3	9.0E-4	2.1E-2	9.5E-3
51	1.2E-1	7.9E-4	2.1E-4	2.1E-3	8.9E-4	2.1E-2	9.3E-3
52	1.2E-1	7.6E-4	2.0E-4	2.1E-3	8.7E-4	2.1E-2	9.2E-3
53	1.2E-1	7.3E-4	1.9E-4	2.0E-3	8.6E-4	2.1E-2	9.0E-3
54	1.2E-1	7.0E-4	1.8E-4	2.0E-3	8.5E-4	2.1E-2	8.8E-3
55	1.2E-1	6.8E-4	1.8E-4	2.0E-3	8.4E-4	2.1E-2	8.7E-3
56	1.1E-1	6.5E-4	1.7E-4	1.9E-3	8.2E-4	2.1E-2	8.6E-3
57	1.1E-1	6.3E-4	1.6E-4	1.9E-3	8.1E-4	2.0E-2	8.4E-3
58	1.1E-1	6.0E-4	1.6E-4	1.9E-3	8.0E-4	2.0E-2	8.3E-3
59	1.1E-1	5.8E-4	1.5E-4	1.9E-3	7.9E-4	2.0E-2	8.2E-3
60	1.1E-1	5.6E-4	1.4E-4	1.8E-3	7.8E-4	2.0E-2	8.1E-3
61	1.1E-1	5.4E-4	1.4E-4	1.8E-3	7.7E-4	2.0E-2	7.9E-3
62	1.1E-1	5.2E-4	1.3E-4	1.8E-3	7.6E-4	2.0E-2	7.8E-3
63	1.1E-1	5.1E-4	1.3E-4	1.8E-3	7.5E-4	2.0E-2	7.7E-3
64	1.1E-1	4.9E-4	1.2E-4	1.7E-3	7.5E-4	2.0E-2	7.6E-3
65	1.0E-1	4.7E-4	1.2E-4	1.7E-3	7.4E-4	1.9E-2	7.5E-3
66	1.0E-1	4.6E-4	1.2E-4	1.7E-3	7.3E-4	1.9E-2	7.4E-3
67	1.0E-1	4.4E-4	1.1E-4	1.7E-3	7.2E-4	1.9E-2	7.3E-3
68	1.0E-1	4.3E-4	1.1E-4	1.7E-3	7.1E-4	1.9E-2	7.2E-3
69	1.0E-1	4.2E-4	1.1E-4	1.6E-3	7.0E-4	1.9E-2	7.2E-3
70	1.0E-1	4.0E-4	1.0E-4	1.6E-3	7.0E-4	1.9E-2	7.1E-3
71	1.0E-1	3.9E-4	9.9E-5	1.6E-3	6.9E-4	1.9E-2	7.0E-3
72	9.9E-2	3.8E-4	9.6E-5	1.6E-3	6.8E-4	1.9E-2	6.9E-3
73	9.8E-2	3.7E-4	9.3E-5	1.6E-3	6.8E-4	1.9E-2	6.8E-3
74	9.7E-2	3.6E-4	9.0E-5	1.5E-3	6.7E-4	1.9E-2	6.8E-3
75	9.7E-2	3.5E-4	8.7E-5	1.5E-3	6.6E-4	1.8E-2	6.7E-3
76	9.6E-2	3.4E-4	8.5E-5	1.5E-3	6.6E-4	1.8E-2	6.6E-3
77	9.5E-2	3.3E-4	8.2E-5	1.5E-3	6.5E-4	1.8E-2	6.5E-3
78	9.4E-2	3.2E-4	8.0E-5	1.5E-3	6.4E-4	1.8E-2	6.5E-3
79	9.4E-2	3.1E-4	7.8E-5	1.5E-3	6.4E-4	1.8E-2	6.4E-3
80	9.3E-2	3.0E-4	7.6E-5	1.5E-3	6.3E-4	1.8E-2	6.3E-3
81	9.2E-2	3.0E-4	7.4E-5	1.4E-3	6.3E-4	1.8E-2	6.3E-3
82	9.2E-2	2.9E-4	7.2E-5	1.4E-3	6.2E-4	1.8E-2	6.2E-3
83	9.1E-2	2.8E-4	7.0E-5	1.4E-3	6.1E-4	1.8E-2	6.2E-3
84	9.0E-2	2.7E-4	6.8E-5	1.4E-3	6.1E-4	1.8E-2	6.1E-3
85	9.0E-2	2.7E-4	6.6E-5	1.4E-3	6.0E-4	1.8E-2	6.0E-3
86	8.9E-2	2.6E-4	6.4E-5	1.4E-3	6.0E-4	1.8E-2	6.0E-3
87	8.8E-2	2.5E-4	6.3E-5	1.4E-3	5.9E-4	1.8E-2	5.9E-3
88	8.8E-2	2.5E-4	6.1E-5	1.4E-3	5.9E-4	1.7E-2	5.9E-3
89	8.7E-2	2.4E-4	6.0E-5	1.3E-3	5.8E-4	1.7E-2	5.8E-3
90	8.7E-2	2.4E-4	5.8E-5	1.3E-3	5.8E-4	1.7E-2	5.8E-3
91	8.6E-2	2.3E-4	5.7E-5	1.3E-3	5.7E-4	1.7E-2	5.7E-3
92	8.5E-2	2.3E-4	5.5E-5	1.3E-3	5.7E-4	1.7E-2	5.7E-3
93	8.5E-2	2.2E-4	5.4E-5	1.3E-3	5.6E-4	1.7E-2	5.6E-3
94	8.4E-2	2.2E-4	5.3E-5	1.3E-3	5.6E-4	1.7E-2	5.6E-3
95	8.4E-2	2.1E-4	5.2E-5	1.3E-3	5.6E-4	1.7E-2	5.5E-3
96	8.3E-2	2.1E-4	5.0E-5	1.3E-3	5.5E-4	1.7E-2	5.5E-3
97	8.3E-2	2.0E-4	4.9E-5	1.3E-3	5.5E-4	1.7E-2	5.4E-3
98	8.2E-2	2.0E-4	4.8E-5	1.2E-3	5.4E-4	1.7E-2	5.4E-3
99	8.2E-2	1.9E-4	4.7E-5	1.2E-3	5.4E-4	1.7E-2	5.3E-3
100	8.1E-2	1.9E-4	4.6E-5	1.2E-3	5.3E-4	1.7E-2	5.3E-3
110	7.6E-2	1.5E-4	3.7E-5	1.1E-3	5.0E-4	1.6E-2	4.9E-3
120	7.2E-2	1.3E-4	3.1E-5	1.1E-3	4.7E-4	1.5E-2	4.5E-3
130	6.8E-2	1.1E-4	2.6E-5	1.0E-3	4.4E-4	1.5E-2	4.2E-3
140	6.5E-2	9.3E-5	2.2E-5	9.4E-4	4.1E-4	1.4E-2	3.9E-3
150	6.2E-2	8.0E-5	1.9E-5	8.9E-4	3.9E-4	1.4E-2	3.6E-3
160	5.9E-2	7.0E-5	1.7E-5	8.4E-4	3.7E-4	1.3E-2	3.4E-3
170	5.6E-2	6.2E-5	1.5E-5	8.0E-4	3.5E-4	1.3E-2	3.1E-3
180	5.4E-2	5.5E-5	1.3E-5	7.6E-4	3.3E-4	1.2E-2	2.9E-3
190	5.1E-2	4.9E-5	1.2E-5	7.3E-4	3.2E-4	1.2E-2	2.7E-3
200	4.9E-2	4.4E-5	1.0E-5	6.9E-4	3.0E-4	1.2E-2	2.5E-3
210	4.7E-2	4.0E-5	9.4E-6	6.6E-4	2.9E-4	1.1E-2	2.4E-3
220	4.5E-2	3.7E-5	8.6E-6	6.3E-4	2.8E-4	1.1E-2	2.2E-3
230	4.3E-2	3.4E-5	7.9E-6	6.0E-4	2.7E-4	1.0E-2	2.1E-3
240	4.1E-2	3.1E-5	7.3E-6	5.8E-4	2.5E-4	1.0E-2	1.9E-3
250	3.9E-2	2.9E-5	6.8E-6	5.5E-4	2.4E-4	9.7E-3	1.8E-3
260	3.8E-2	2.7E-5	6.3E-6	5.3E-4	2.3E-4	9.4E-3	1.7E-3
270	3.6E-2	2.5E-5	5.9E-6	5.1E-4	2.2E-4	9.1E-3	1.6E-3
280	3.5E-2	2.4E-5	5.5E-6	4.9E-4	2.1E-4	8.7E-3	1.5E-3
290	3.3E-2	2.2E-5	5.2E-6	4.7E-4	2.1E-4	8.4E-3	1.4E-3
300	3.2E-2	2.1E-5	4.9E-6	4.5E-4	2.0E-4	8.1E-3	1.3E-3
310	3.1E-2	2.0E-5	4.6E-6	4.3E-4	1.9E-4	7.9E-3	1.2E-3
320	2.9E-2	1.9E-5	4.4E-6	4.1E-4	1.8E-4	7.6E-3	1.1E-3
330	2.8E-2	1.8E-5	4.2E-6	3.9E-4	1.7E-4	7.3E-3	1.1E-3
340	2.7E-2	1.7E-5	4.0E-6	3.8E-4	1.7E-4	7.1E-3	9.9E-4
350	2.6E-2	1.6E-5	3.8E-6	3.6E-4	1.6E-4	6.8E-3	9.3E-4
360	2.5E-2	1.5E-5	3.6E-6	3.5E-4	1.5E-4	6.6E-3	8.7E-4
365	2.4E-2	1.5E-5	3.5E-6	3.4E-4	1.5E-4	6.5E-3	8.4E-4
370	2.4E-2	1.5E-5	3.4E-6	3.3E-4	1.5E-4	6.3E-3	8.1E-4
380	2.3E-2	1.4E-5	3.2E-6	3.2E-4	1.4E-4	6.1E-3	7.6E-4
390	2.2E-2	1.3E-5	3.1E-6	3.1E-4	1.4E-4	5.9E-3	7.1E-4
400	2.1E-2	1.3E-5	3.0E-6	3.0E-4	1.3E-4	5.7E-3	6.7E-4
410	2.0E-2	1.2E-5	2.8E-6	2.8E-4	1.2E-4	5.5E-3	6.3E-4
420	1.9E-2	1.2E-5	2.7E-6	2.7E-4	1.2E-4	5.3E-3	5.9E-4
430	1.9E-2	1.1E-5	2.6E-6	2.6E-4	1.1E-4	5.1E-3	5.5E-4
440	1.8E-2	1.1E-5	2.5E-6	2.5E-4	1.1E-4	4.9E-3	5.2E-4
450	1.7E-2	1.0E-5	2.3E-6	2.4E-4	1.1E-4	4.8E-3	4.8E-4
460	1.7E-2	9.7E-6	2.2E-6	2.3E-4	1.0E-4	4.6E-3	4.5E-4
470	1.6E-2	9.3E-6	2.1E-6	2.2E-4	9.7E-5	4.4E-3	4.3E-4
480	1.5E-2	8.9E-6	2.0E-6	2.1E-4	9.3E-5	4.3E-3	4.0E-4
490	1.5E-2	8.5E-6	2.0E-6	2.0E-4	8.9E-5	4.1E-3	3.7E-4
500	1.4E-2	8.1E-6	1.9E-6	1.9E-4	8.6E-5	4.0E-3	3.5E-4
510	1.3E-2	7.7E-6	1.8E-6	1.9E-4	8.2E-5	3.8E-3	3.3E-4
520	1.3E-2	7.4E-6	1.7E-6	1.8E-4	7.9E-5	3.7E-3	3.1E-4
530	1.2E-2	7.1E-6	1.6E-6	1.7E-4	7.6E-5	3.6E-3	2.9E-4
540	1.2E-2	6.8E-6	1.6E-6	1.7E-4	7.3E-5	3.4E-3	2.7E-4
550	1.1E-2	6.5E-6	1.5E-6	1.6E-4	7.0E-5	3.3E-3	2.6E-4
560	1.1E-2	6.2E-6	1.4E-6	1.5E-4	6.7E-5	3.2E-3	2.4E-4
570	1.1E-2	5.9E-6	1.4E-6	1.5E-4	6.4E-5	3.1E-3	2.3E-4
580	1.0E-2	5.7E-6	1.3E-6	1.4E-4	6.2E-5	3.0E-3	2.1E-4
590	9.8E-3	5.5E-6	1.3E-6	1.3E-4	5.9E-5	2.9E-3	2.0E-4
600	9.4E-3	5.2E-6	1.2E-6	1.3E-4	5.7E-5	2.8E-3	1.9E-4
610	9.0E-3	5.0E-6	1.2E-6	1.2E-4	5.4E-5	2.7E-3	1.8E-4
620	8.7E-3	4.8E-6	1.1E-6	1.2E-4	5.2E-5	2.6E-3	1.7E-4
630	8.3E-3	4.6E-6	1.1E-6	1.1E-4	5.0E-5	2.5E-3	1.6E-4
640	8.0E-3	4.4E-6	1.0E-6	1.1E-4	4.8E-5	2.4E-3	1.5E-4
650	7.7E-3	4.2E-6	9.7E-7	1.0E-4	4.6E-5	2.3E-3	1.4E-4
660	7.4E-3	4.0E-6	9.3E-7	1.0E-4	4.4E-5	2.2E-3	1.3E-4
670	7.1E-3	3.9E-6	8.9E-7	9.7E-5	4.2E-5	2.2E-3	1.2E-4
680	6.8E-3	3.7E-6	8.5E-7	9.3E-5	4.1E-5	2.1E-3	1.2E-4
690	6.5E-3	3.5E-6	8.2E-7	8.9E-5	3.9E-5	2.0E-3	1.1E-4
700	6.3E-3	3.4E-6	7.8E-7	8.5E-5	3.7E-5	1.9E-3	1.0E-4
710	6.0E-3	3.3E-6	7.5E-7	8.2E-5	3.6E-5	1.9E-3	9.6E-5
720	5.8E-3	3.1E-6	7.2E-7	7.8E-5	3.4E-5	1.8E-3	9.1E-5
730	5.6E-3	3.0E-6	6.9E-7	7.5E-5	3.3E-5	1.7E-3	8.5E-5
740	5.3E-3	2.9E-6	6.6E-7	7.2E-5	3.2E-5	1.7E-3	8.0E-5
750	5.1E-3	2.7E-6	6.3E-7	6.9E-5	3.0E-5	1.6E-3	7.6E-5
760	4.9E-3	2.6E-6	6.1E-7	6.7E-5	2.9E-5	1.6E-3	7.2E-5
770	4.7E-3	2.5E-6	5.8E-7	6.4E-5	2.8E-5	1.5E-3	6.7E-5
780	4.6E-3	2.4E-6	5.6E-7	6.1E-5	2.7E-5	1.4E-3	6.4E-5
790	4.4E-3	2.3E-6	5.3E-7	5.9E-5	2.6E-5	1.4E-3	6.0E-5
800	4.2E-3	2.2E-6	5.1E-7	5.6E-5	2.5E-5	1.3E-3	5.7E-5
810	4.0E-3	2.1E-6	4.9E-7	5.4E-5	2.4E-5	1.3E-3	5.4E-5
820	3.9E-3	2.0E-6	4.7E-7	5.2E-5	2.3E-5	1.3E-3	5.1E-5
830	3.7E-3	2.0E-6	4.5E-7	5.0E-5	2.2E-5	1.2E-3	4.8E-5
840	3.6E-3	1.9E-6	4.3E-7	4.8E-5	2.1E-5	1.2E-3	4.5E-5
850	3.4E-3	1.8E-6	4.1E-7	4.6E-5	2.0E-5	1.1E-3	4.3E-5
860	3.3E-3	1.7E-6	4.0E-7	4.4E-5	1.9E-5	1.1E-3	4.0E-5
870	3.2E-3	1.7E-6	3.8E-7	4.2E-5	1.9E-5	1.0E-3	3.8E-5
880	3.1E-3	1.6E-6	3.7E-7	4.0E-5	1.8E-5	1.0E-3	3.6E-5
890	2.9E-3	1.5E-6	3.5E-7	3.9E-5	1.7E-5	9.7E-4	3.4E-5
900	2.8E-3	1.5E-6	3.4E-7	3.7E-5	1.6E-5	9.4E-4	3.2E-5
910	2.7E-3	1.4E-6	3.2E-7	3.6E-5	1.6E-5	9.1E-4	3.0E-5
920	2.6E-3	1.3E-6	3.1E-7	3.4E-5	1.5E-5	8.7E-4	2.9E-5
930	2.5E-3	1.3E-6	3.0E-7	3.3E-5	1.4E-5	8.4E-4	2.7E-5
940	2.4E-3	1.2E-6	2.8E-7	3.2E-5	1.4E-5	8.1E-4	2.6E-5
950	2.3E-3	1.2E-6	2.7E-7	3.0E-5	1.3E-5	7.8E-4	2.4E-5
960	2.2E-3	1.1E-6	2.6E-7	2.9E-5	1.3E-5	7.6E-4	2.3E-5
970	2.1E-3	1.1E-6	2.5E-7	2.8E-5	1.2E-5	7.3E-4	2.2E-5
980	2.1E-3	1.0E-6	2.4E-7	2.7E-5	1.2E-5	7.0E-4	2.1E-5
990	2.0E-3	1.0E-6	2.3E-7	2.6E-5	1.1E-5	6.8E-4	2.0E-5
1000	1.9E-3	9.6E-7	2.2E-7	2.5E-5	1.1E-5	6.5E-4	1.9E-5
1010	1.8E-3	9.2E-7	2.1E-7	2.4E-5	1.0E-5	6.3E-4	1.8E-5
1020	1.7E-3	8.8E-7	2.0E-7	2.3E-5	1.0E-5	6.1E-4	1.7E-5
1030	1.7E-3	8.5E-7	2.0E-7	2.2E-5	9.6E-6	5.9E-4	1.6E-5
1040	1.6E-3	8.1E-7	1.9E-7	2.1E-5	9.2E-6	5.7E-4	1.5E-5
1050	1.6E-3	7.8E-7	1.8E-7	2.0E-5	8.8E-6	5.5E-4	1.4E-5
1060	1.5E-3	7.5E-7	1.7E-7	1.9E-5	8.4E-6	5.3E-4	1.4E-5
1070	1.4E-3	7.2E-7	1.7E-7	1.8E-5	8.1E-6	5.1E-4	1.3E-5
1080	1.4E-3	6.9E-7	1.6E-7	1.8E-5	7.8E-6	4.9E-4	1.2E-5
1090	1.3E-3	6.6E-7	1.5E-7	1.7E-5	7.5E-6	4.7E-4	1.2E-5
1095	1.3E-3	6.5E-7	1.5E-7	1.7E-5	7.3E-6	4.6E-4	1.1E-5
1100	1.3E-3	6.3E-7	1.5E-7	1.6E-5	7.2E-6	4.6E-4	1.1E-5
1200	8.6E-4	4.2E-7	9.7E-8	1.1E-5	4.7E-6	3.2E-4	6.7E-6
1300	5.8E-4	2.8E-7	6.4E-8	7.1E-6	3.1E-6	2.2E-4	4.1E-6
1400	3.9E-4	1.9E-7	4.3E-8	4.7E-6	2.1E-6	1.5E-4	2.6E-6
1500	2.6E-4	1.2E-7	2.8E-8	3.1E-6	1.4E-6	1.1E-4	1.6E-6
1600	1.8E-4	8.2E-8	1.9E-8	2.1E-6	9.1E-7	7.5E-5	1.1E-6
1700	1.2E-4	5.5E-8	1.3E-8	1.4E-6	6.0E-7	5.2E-5	6.8E-7
1800	8.1E-5	3.6E-8	8.4E-9	9.0E-7	4.0E-7	3.6E-5	4.5E-7
1900	5.5E-5	2.4E-8	5.6E-9	6.0E-7	2.6E-7	2.5E-5	2.9E-7
2000	3.7E-5	1.6E-8	3.7E-9	4.0E-7	1.7E-7	1.8E-5	1.9E-7
2100	2.5E-5	1.1E-8	2.5E-9	2.6E-7	1.2E-7	1.2E-5	1.3E-7
2200	1.7E-5	7.3E-9	1.7E-9	1.7E-7	7.6E-8	8.6E-6	8.5E-8
2300	1.2E-5	4.9E-9	1.1E-9	1.1E-7	5.0E-8	6.0E-6	5.6E-8
2400	8.0E-6	3.2E-9	7.5E-10	7.6E-8	3.3E-8	4.2E-6	3.8E-8
2500	5.4E-6	2.2E-9	5.0E-10	5.0E-8	2.2E-8	2.9E-6	2.5E-8
2600	3.7E-6	1.5E-9	3.4E-10	3.3E-8	1.5E-8	2.0E-6	1.7E-8
2700	2.5E-6	9.7E-10	2.2E-10	2.2E-8	9.7E-9	1.4E-6	1.1E-8
2800	1.7E-6	6.5E-10	1.5E-10	1.5E-8	6.5E-9	9.8E-7	7.5E-9
2900	1.2E-6	4.4E-10	1.0E-10	9.7E-9	4.3E-9	6.9E-7	5.0E-9
3000	8.0E-7	2.9E-10	-	6.5E-9	2.8E-9	4.8E-7	3.4E-9
3100	5.5E-7	2.0E-10	-	4.3E-9	1.9E-9	3.3E-7	2.2E-9
3200	3.8E-7	1.3E-10	-	2.8E-9	1.2E-9	2.3E-7	1.5E-9
3300	2.6E-7	-	-	1.9E-9	8.3E-10	1.6E-7	1.0E-9
3400	1.8E-7	-	-	1.3E-9	5.5E-10	1.1E-7	6.8E-10
3500	1.2E-7	-	-	8.3E-10	3.7E-10	8.0E-8	4.6E-10
3600	8.3E-8	-	-	5.5E-10	2.4E-10	5.6E-8	3.1E-10
3650	6.9E-8	-	-	4.5E-10	2.0E-10	4.7E-8	2.5E-10
4000	1.9E-8	-	-	1.1E-10	-	1.3E-8	-
5000	4.7E-10	-	-	-	-	3.8E-10	-
