Radionuclide	Sb-127
Route of Intake	Inhalation
Material	Aerosols Type F, Chloride, tartrate, fA=5E-2
AMTD/AMAD, µm	5

Content in an Organ or Excreta Sample per Intake (Reference Bioassay Functions m(t)), Bq per Bq
Time, days	Whole Body	Urine (24-hour sample)	Faeces (24-hour sample)	Alimentary Tract*	Lungs*	Thyroid*	Skeleton*	Liver*
0.041667	8.0E-1	-	-	2.2E-1	2.5E-2	3.4E-4	5.6E-3	6.1E-3
0.083333	7.8E-1	-	-	2.4E-1	8.0E-3	4.4E-4	6.5E-3	6.7E-3
0.125	7.6E-1	-	-	2.5E-1	3.7E-3	5.0E-4	7.0E-3	7.1E-3
0.25	7.1E-1	-	-	2.9E-1	2.2E-3	6.0E-4	8.2E-3	8.0E-3
0.375	6.8E-1	-	-	3.1E-1	2.2E-3	6.8E-4	9.2E-3	8.7E-3
0.5	6.4E-1	-	-	3.2E-1	2.3E-3	7.5E-4	9.9E-3	9.2E-3
0.625	6.1E-1	-	-	3.3E-1	2.3E-3	8.2E-4	1.1E-2	9.5E-3
0.75	5.7E-1	-	-	3.2E-1	2.3E-3	8.7E-4	1.1E-2	9.7E-3
0.875	5.4E-1	-	-	3.1E-1	2.2E-3	9.1E-4	1.1E-2	9.8E-3
1	5.0E-1	3.0E-2	5.2E-2	3.0E-1	2.2E-3	9.5E-4	1.2E-2	9.8E-3
1.125	4.7E-1	-	-	2.8E-1	2.1E-3	9.8E-4	1.2E-2	9.8E-3
1.25	4.3E-1	-	-	2.6E-1	2.1E-3	1.0E-3	1.2E-2	9.7E-3
1.375	4.0E-1	-	-	2.4E-1	2.0E-3	1.0E-3	1.2E-2	9.6E-3
1.5	3.7E-1	-	-	2.1E-1	2.0E-3	1.0E-3	1.2E-2	9.4E-3
1.625	3.4E-1	-	-	1.9E-1	1.9E-3	1.1E-3	1.2E-2	9.2E-3
1.75	3.1E-1	-	-	1.7E-1	1.9E-3	1.1E-3	1.2E-2	9.0E-3
1.875	2.9E-1	-	-	1.5E-1	1.8E-3	1.1E-3	1.2E-2	8.8E-3
2	2.6E-1	1.3E-2	1.3E-1	1.3E-1	1.7E-3	1.1E-3	1.2E-2	8.6E-3
2.25	2.2E-1	-	-	1.0E-1	1.6E-3	1.1E-3	1.1E-2	8.1E-3
2.5	1.9E-1	-	-	7.6E-2	1.5E-3	1.1E-3	1.1E-2	7.6E-3
2.75	1.6E-1	-	-	5.6E-2	1.4E-3	1.1E-3	1.1E-2	7.1E-3
3	1.4E-1	8.5E-3	7.4E-2	4.1E-2	1.3E-3	1.0E-3	1.0E-2	6.6E-3
3.25	1.2E-1	-	-	3.0E-2	1.2E-3	1.0E-3	9.7E-3	6.1E-3
3.5	1.0E-1	-	-	2.2E-2	1.1E-3	1.0E-3	9.2E-3	5.7E-3
3.75	9.3E-2	-	-	1.6E-2	1.0E-3	9.7E-4	8.7E-3	5.3E-3
4	8.4E-2	5.8E-3	2.4E-2	1.2E-2	9.6E-4	9.4E-4	8.2E-3	4.9E-3
4.25	7.6E-2	-	-	8.7E-3	8.9E-4	9.0E-4	7.8E-3	4.5E-3
4.5	7.0E-2	-	-	6.6E-3	8.3E-4	8.7E-4	7.3E-3	4.2E-3
4.75	6.5E-2	-	-	5.1E-3	7.7E-4	8.4E-4	6.9E-3	3.9E-3
5	6.0E-2	4.0E-3	6.3E-3	4.1E-3	7.1E-4	8.0E-4	6.4E-3	3.6E-3
5.5	5.2E-2	-	-	2.8E-3	6.2E-4	7.4E-4	5.6E-3	3.0E-3
6	4.5E-2	2.8E-3	1.8E-3	2.1E-3	5.3E-4	6.7E-4	4.9E-3	2.6E-3
6.5	4.0E-2	-	-	1.7E-3	4.6E-4	6.1E-4	4.3E-3	2.2E-3
7	3.5E-2	2.0E-3	7.1E-4	1.4E-3	4.0E-4	5.5E-4	3.7E-3	1.9E-3
7.5	3.1E-2	-	-	1.2E-3	3.5E-4	4.9E-4	3.2E-3	1.6E-3
8	2.8E-2	1.4E-3	3.9E-4	1.0E-3	3.1E-4	4.4E-4	2.8E-3	1.4E-3
8.5	2.4E-2	-	-	8.6E-4	2.7E-4	4.0E-4	2.4E-3	1.2E-3
9	2.2E-2	1.0E-3	2.6E-4	7.5E-4	2.4E-4	3.5E-4	2.0E-3	1.0E-3
9.5	1.9E-2	-	-	6.5E-4	2.1E-4	3.1E-4	1.8E-3	8.9E-4
10	1.7E-2	7.4E-4	1.8E-4	5.6E-4	1.8E-4	2.8E-4	1.5E-3	7.7E-4
11	1.4E-2	5.4E-4	1.3E-4	4.3E-4	1.4E-4	2.2E-4	1.1E-3	5.8E-4
12	1.1E-2	3.9E-4	9.3E-5	3.3E-4	1.1E-4	1.7E-4	8.3E-4	4.4E-4
13	8.8E-3	2.8E-4	6.7E-5	2.6E-4	8.8E-5	1.3E-4	6.1E-4	3.4E-4
14	7.1E-3	2.1E-4	4.8E-5	2.0E-4	7.0E-5	1.0E-4	4.6E-4	2.6E-4
15	5.7E-3	1.5E-4	3.5E-5	1.6E-4	5.6E-5	8.0E-5	3.4E-4	2.0E-4
16	4.7E-3	1.1E-4	2.6E-5	1.2E-4	4.5E-5	6.2E-5	2.5E-4	1.6E-4
17	3.8E-3	8.6E-5	1.9E-5	9.7E-5	3.6E-5	4.7E-5	1.9E-4	1.2E-4
18	3.1E-3	6.4E-5	1.4E-5	7.7E-5	2.9E-5	3.6E-5	1.4E-4	9.8E-5
19	2.5E-3	4.8E-5	1.0E-5	6.2E-5	2.4E-5	2.8E-5	1.1E-4	7.8E-5
20	2.1E-3	3.7E-5	7.6E-6	5.0E-5	1.9E-5	2.1E-5	8.4E-5	6.3E-5
21	1.7E-3	2.8E-5	5.7E-6	4.0E-5	1.6E-5	1.6E-5	6.5E-5	5.0E-5
22	1.4E-3	2.1E-5	4.3E-6	3.2E-5	1.3E-5	1.3E-5	5.0E-5	4.1E-5
23	1.1E-3	1.6E-5	3.2E-6	2.6E-5	1.0E-5	9.7E-6	3.9E-5	3.3E-5
24	9.3E-4	1.3E-5	2.5E-6	2.1E-5	8.5E-6	7.4E-6	3.0E-5	2.7E-5
25	7.7E-4	9.9E-6	1.9E-6	1.7E-5	7.0E-6	5.7E-6	2.4E-5	2.2E-5
26	6.3E-4	7.7E-6	1.4E-6	1.4E-5	5.7E-6	4.4E-6	1.9E-5	1.8E-5
27	5.2E-4	6.1E-6	1.1E-6	1.2E-5	4.7E-6	3.4E-6	1.5E-5	1.5E-5
28	4.3E-4	4.8E-6	8.7E-7	9.5E-6	3.9E-6	2.6E-6	1.2E-5	1.2E-5
29	3.5E-4	3.8E-6	6.8E-7	7.8E-6	3.2E-6	2.0E-6	9.6E-6	1.0E-5
30	2.9E-4	3.0E-6	5.3E-7	6.4E-6	2.6E-6	1.6E-6	7.7E-6	8.3E-6
31	2.4E-4	2.4E-6	4.2E-7	5.2E-6	2.2E-6	1.2E-6	6.3E-6	6.8E-6
32	2.0E-4	1.9E-6	3.3E-7	4.3E-6	1.8E-6	9.4E-7	5.1E-6	5.7E-6
33	1.6E-4	1.6E-6	2.6E-7	3.5E-6	1.5E-6	7.3E-7	4.1E-6	4.7E-6
34	1.4E-4	1.3E-6	2.1E-7	2.9E-6	1.2E-6	5.7E-7	3.4E-6	3.9E-6
35	1.1E-4	1.0E-6	1.7E-7	2.4E-6	1.0E-6	4.5E-7	2.8E-6	3.2E-6
36	9.3E-5	8.3E-7	1.4E-7	2.0E-6	8.2E-7	3.5E-7	2.3E-6	2.7E-6
37	7.7E-5	6.7E-7	1.1E-7	1.6E-6	6.8E-7	2.8E-7	1.9E-6	2.2E-6
38	6.3E-5	5.5E-7	8.8E-8	1.3E-6	5.6E-7	2.2E-7	1.5E-6	1.9E-6
39	5.2E-5	4.5E-7	7.2E-8	1.1E-6	4.6E-7	1.7E-7	1.3E-6	1.6E-6
40	4.3E-5	3.7E-7	5.8E-8	9.2E-7	3.8E-7	1.4E-7	1.0E-6	1.3E-6
41	3.6E-5	3.0E-7	4.7E-8	7.6E-7	3.2E-7	1.1E-7	8.6E-7	1.1E-6
42	3.0E-5	2.5E-7	3.9E-8	6.3E-7	2.6E-7	8.6E-8	7.1E-7	9.0E-7
43	2.5E-5	2.0E-7	3.2E-8	5.2E-7	2.2E-7	6.9E-8	5.9E-7	7.5E-7
44	2.0E-5	1.7E-7	2.6E-8	4.3E-7	1.8E-7	5.5E-8	4.9E-7	6.2E-7
45	1.7E-5	1.4E-7	2.1E-8	3.5E-7	1.5E-7	4.4E-8	4.0E-7	5.2E-7
46	1.4E-5	1.1E-7	1.7E-8	2.9E-7	1.2E-7	3.6E-8	3.3E-7	4.3E-7
47	1.2E-5	9.2E-8	1.4E-8	2.4E-7	1.0E-7	2.9E-8	2.8E-7	3.6E-7
48	9.5E-6	7.6E-8	1.2E-8	2.0E-7	8.4E-8	2.3E-8	2.3E-7	3.0E-7
49	7.9E-6	6.3E-8	9.7E-9	1.7E-7	6.9E-8	1.9E-8	1.9E-7	2.5E-7
50	6.5E-6	5.2E-8	8.0E-9	1.4E-7	5.7E-8	1.5E-8	1.6E-7	2.1E-7
51	5.4E-6	4.3E-8	6.6E-9	1.1E-7	4.7E-8	1.3E-8	1.3E-7	1.8E-7
52	4.5E-6	3.5E-8	5.4E-9	9.4E-8	3.9E-8	1.0E-8	1.1E-7	1.5E-7
53	3.7E-6	2.9E-8	4.5E-9	7.7E-8	3.2E-8	8.3E-9	9.1E-8	1.2E-7
54	3.1E-6	2.4E-8	3.7E-9	6.4E-8	2.7E-8	6.8E-9	7.6E-8	1.0E-7
55	2.5E-6	2.0E-8	3.0E-9	5.3E-8	2.2E-8	5.5E-9	6.3E-8	8.5E-8
56	2.1E-6	1.6E-8	2.5E-9	4.4E-8	1.8E-8	4.5E-9	5.3E-8	7.1E-8
57	1.7E-6	1.4E-8	2.1E-9	3.6E-8	1.5E-8	3.7E-9	4.4E-8	6.0E-8
58	1.4E-6	1.1E-8	1.7E-9	3.0E-8	1.3E-8	3.1E-9	3.6E-8	5.0E-8
59	1.2E-6	9.2E-9	1.4E-9	2.5E-8	1.0E-8	2.5E-9	3.0E-8	4.2E-8
60	9.9E-7	7.6E-9	1.2E-9	2.1E-8	8.6E-9	2.1E-9	2.5E-8	3.5E-8
61	8.2E-7	6.3E-9	9.6E-10	1.7E-8	7.1E-9	1.7E-9	2.1E-8	2.9E-8
62	6.8E-7	5.2E-9	8.0E-10	1.4E-8	5.9E-9	1.4E-9	1.8E-8	2.4E-8
63	5.6E-7	4.3E-9	6.6E-10	1.2E-8	4.9E-9	1.1E-9	1.5E-8	2.0E-8
64	4.6E-7	3.6E-9	5.4E-10	9.6E-9	4.0E-9	9.4E-10	1.2E-8	1.7E-8
65	3.8E-7	3.0E-9	4.5E-10	8.0E-9	3.3E-9	7.8E-10	1.0E-8	1.4E-8
66	3.2E-7	2.4E-9	3.7E-10	6.6E-9	2.8E-9	6.4E-10	8.4E-9	1.2E-8
67	2.6E-7	2.0E-9	3.1E-10	5.5E-9	2.3E-9	5.3E-10	7.0E-9	9.8E-9
68	2.2E-7	1.7E-9	2.5E-10	4.5E-9	1.9E-9	4.4E-10	5.8E-9	8.2E-9
69	1.8E-7	1.4E-9	2.1E-10	3.7E-9	1.6E-9	3.6E-10	4.9E-9	6.8E-9
70	1.5E-7	1.1E-9	1.7E-10	3.1E-9	1.3E-9	3.0E-10	4.1E-9	5.7E-9
71	1.2E-7	9.4E-10	1.4E-10	2.6E-9	1.1E-9	2.5E-10	3.4E-9	4.8E-9
72	1.0E-7	7.8E-10	1.2E-10	2.1E-9	8.9E-10	2.0E-10	2.8E-9	4.0E-9
73	8.5E-8	6.5E-10	-	1.8E-9	7.4E-10	1.7E-10	2.3E-9	3.3E-9
74	7.0E-8	5.3E-10	-	1.4E-9	6.1E-10	1.4E-10	2.0E-9	2.8E-9
75	5.8E-8	4.4E-10	-	1.2E-9	5.0E-10	1.1E-10	1.6E-9	2.3E-9
76	4.8E-8	3.7E-10	-	9.9E-10	4.2E-10	-	1.4E-9	1.9E-9
77	4.0E-8	3.0E-10	-	8.2E-10	3.4E-10	-	1.1E-9	1.6E-9
78	3.3E-8	2.5E-10	-	6.8E-10	2.9E-10	-	9.4E-10	1.4E-9
79	2.7E-8	2.1E-10	-	5.6E-10	2.4E-10	-	7.8E-10	1.1E-9
80	2.3E-8	1.7E-10	-	4.7E-10	2.0E-10	-	6.5E-10	9.4E-10
81	1.9E-8	1.4E-10	-	3.8E-10	1.6E-10	-	5.4E-10	7.9E-10
82	1.5E-8	1.2E-10	-	3.2E-10	1.3E-10	-	4.5E-10	6.6E-10
83	1.3E-8	-	-	2.6E-10	1.1E-10	-	3.8E-10	5.5E-10
84	1.1E-8	-	-	2.2E-10	-	-	3.2E-10	4.6E-10
85	8.8E-9	-	-	1.8E-10	-	-	2.6E-10	3.8E-10
86	7.3E-9	-	-	1.5E-10	-	-	2.2E-10	3.2E-10
87	6.0E-9	-	-	1.2E-10	-	-	1.8E-10	2.7E-10
88	5.0E-9	-	-	1.0E-10	-	-	1.5E-10	2.2E-10
89	4.1E-9	-	-	-	-	-	1.3E-10	1.9E-10
90	3.4E-9	-	-	-	-	-	1.1E-10	1.6E-10
91	2.8E-9	-	-	-	-	-	-	1.3E-10
92	2.3E-9	-	-	-	-	-	-	1.1E-10
93	1.9E-9	-	-	-	-	-	-	-
94	1.6E-9	-	-	-	-	-	-	-
95	1.3E-9	-	-	-	-	-	-	-
96	1.1E-9	-	-	-	-	-	-	-
97	9.1E-10	-	-	-	-	-	-	-
98	7.6E-10	-	-	-	-	-	-	-
99	6.3E-10	-	-	-	-	-	-	-
100	5.2E-10	-	-	-	-	-	-	-
