Radionuclide	Yb-169
Route of Intake	Inhalation
Material	Aerosols Water soluble forms, including chloride and citrate, fA=2.5E-4
AMTD/AMAD, µm	0.3

Content in an Organ or Excreta Sample per Intake (Reference Bioassay Functions m(t)), Bq per Bq
Time, days	Whole Body	Urine (24-hour sample)	Faeces (24-hour sample)	Alimentary Tract*	Lungs*	Skeleton*	Liver*
0.041667	2.9E-1	-	-	4.3E-2	1.8E-1	8.2E-4	2.6E-4
0.083333	2.9E-1	-	-	4.9E-2	1.8E-1	2.0E-3	4.1E-4
0.125	2.9E-1	-	-	5.4E-2	1.7E-1	3.3E-3	5.2E-4
0.25	2.8E-1	-	-	6.5E-2	1.6E-1	7.0E-3	8.4E-4
0.375	2.8E-1	-	-	7.3E-2	1.5E-1	1.0E-2	1.1E-3
0.5	2.7E-1	-	-	7.8E-2	1.4E-1	1.3E-2	1.4E-3
0.625	2.7E-1	-	-	8.0E-2	1.4E-1	1.6E-2	1.6E-3
0.75	2.6E-1	-	-	8.1E-2	1.3E-1	1.9E-2	1.8E-3
0.875	2.6E-1	-	-	8.1E-2	1.2E-1	2.1E-2	2.0E-3
1	2.5E-1	7.9E-3	1.3E-2	7.9E-2	1.2E-1	2.3E-2	2.2E-3
1.125	2.4E-1	-	-	7.6E-2	1.2E-1	2.5E-2	2.4E-3
1.25	2.4E-1	-	-	7.2E-2	1.1E-1	2.7E-2	2.5E-3
1.375	2.3E-1	-	-	6.8E-2	1.1E-1	2.9E-2	2.7E-3
1.5	2.2E-1	-	-	6.3E-2	1.1E-1	3.0E-2	2.8E-3
1.625	2.2E-1	-	-	5.8E-2	1.0E-1	3.1E-2	2.9E-3
1.75	2.1E-1	-	-	5.3E-2	1.0E-1	3.2E-2	3.0E-3
1.875	2.0E-1	-	-	4.8E-2	9.8E-2	3.3E-2	3.1E-3
2	2.0E-1	4.6E-3	4.2E-2	4.4E-2	9.6E-2	3.4E-2	3.2E-3
2.25	1.9E-1	-	-	3.5E-2	9.3E-2	3.6E-2	3.3E-3
2.5	1.8E-1	-	-	2.8E-2	9.0E-2	3.7E-2	3.4E-3
2.75	1.7E-1	-	-	2.2E-2	8.8E-2	3.8E-2	3.5E-3
3	1.6E-1	2.2E-3	2.8E-2	1.7E-2	8.6E-2	3.9E-2	3.5E-3
3.25	1.6E-1	-	-	1.4E-2	8.4E-2	4.0E-2	3.6E-3
3.5	1.5E-1	-	-	1.1E-2	8.3E-2	4.0E-2	3.6E-3
3.75	1.5E-1	-	-	8.6E-3	8.1E-2	4.0E-2	3.7E-3
4	1.5E-1	1.0E-3	1.2E-2	7.0E-3	8.0E-2	4.1E-2	3.7E-3
4.25	1.4E-1	-	-	5.7E-3	7.9E-2	4.1E-2	3.7E-3
4.5	1.4E-1	-	-	4.8E-3	7.8E-2	4.1E-2	3.7E-3
4.75	1.4E-1	-	-	4.1E-3	7.7E-2	4.1E-2	3.7E-3
5	1.4E-1	5.1E-4	4.5E-3	3.6E-3	7.6E-2	4.1E-2	3.7E-3
5.5	1.4E-1	-	-	2.9E-3	7.4E-2	4.1E-2	3.7E-3
6	1.3E-1	2.8E-4	2.1E-3	2.4E-3	7.3E-2	4.1E-2	3.6E-3
6.5	1.3E-1	-	-	2.1E-3	7.2E-2	4.0E-2	3.6E-3
7	1.3E-1	1.8E-4	1.3E-3	1.9E-3	7.0E-2	4.0E-2	3.6E-3
7.5	1.3E-1	-	-	1.7E-3	6.9E-2	4.0E-2	3.5E-3
8	1.2E-1	1.3E-4	9.7E-4	1.6E-3	6.8E-2	3.9E-2	3.5E-3
8.5	1.2E-1	-	-	1.5E-3	6.7E-2	3.9E-2	3.5E-3
9	1.2E-1	1.1E-4	7.8E-4	1.3E-3	6.6E-2	3.9E-2	3.4E-3
9.5	1.2E-1	-	-	1.2E-3	6.5E-2	3.8E-2	3.4E-3
10	1.2E-1	9.7E-5	6.4E-4	1.2E-3	6.4E-2	3.8E-2	3.4E-3
11	1.1E-1	8.8E-5	5.3E-4	1.0E-3	6.2E-2	3.7E-2	3.3E-3
12	1.1E-1	8.1E-5	4.5E-4	8.8E-4	6.0E-2	3.7E-2	3.2E-3
13	1.1E-1	7.5E-5	3.8E-4	7.8E-4	5.8E-2	3.6E-2	3.2E-3
14	1.1E-1	7.0E-5	3.2E-4	7.0E-4	5.7E-2	3.5E-2	3.1E-3
15	1.0E-1	6.6E-5	2.8E-4	6.3E-4	5.5E-2	3.5E-2	3.0E-3
16	1.0E-1	6.2E-5	2.4E-4	5.7E-4	5.4E-2	3.4E-2	3.0E-3
17	9.9E-2	5.8E-5	2.1E-4	5.3E-4	5.2E-2	3.3E-2	2.9E-3
18	9.6E-2	5.5E-5	1.9E-4	4.9E-4	5.1E-2	3.3E-2	2.9E-3
19	9.4E-2	5.2E-5	1.7E-4	4.5E-4	4.9E-2	3.2E-2	2.8E-3
20	9.2E-2	4.9E-5	1.5E-4	4.3E-4	4.8E-2	3.2E-2	2.7E-3
21	9.0E-2	4.7E-5	1.4E-4	4.0E-4	4.7E-2	3.1E-2	2.7E-3
22	8.8E-2	4.5E-5	1.3E-4	3.8E-4	4.6E-2	3.0E-2	2.6E-3
23	8.5E-2	4.2E-5	1.2E-4	3.6E-4	4.4E-2	3.0E-2	2.6E-3
24	8.4E-2	4.0E-5	1.1E-4	3.5E-4	4.3E-2	2.9E-2	2.5E-3
25	8.2E-2	3.9E-5	1.0E-4	3.3E-4	4.2E-2	2.9E-2	2.5E-3
26	8.0E-2	3.7E-5	9.7E-5	3.2E-4	4.1E-2	2.8E-2	2.4E-3
27	7.8E-2	3.5E-5	9.2E-5	3.1E-4	4.0E-2	2.8E-2	2.4E-3
28	7.6E-2	3.4E-5	8.7E-5	3.0E-4	3.9E-2	2.7E-2	2.3E-3
29	7.4E-2	3.3E-5	8.3E-5	2.9E-4	3.8E-2	2.7E-2	2.3E-3
30	7.3E-2	3.1E-5	8.0E-5	2.8E-4	3.7E-2	2.6E-2	2.2E-3
31	7.1E-2	3.0E-5	7.7E-5	2.7E-4	3.6E-2	2.6E-2	2.2E-3
32	6.9E-2	2.9E-5	7.4E-5	2.6E-4	3.5E-2	2.5E-2	2.1E-3
33	6.8E-2	2.8E-5	7.1E-5	2.6E-4	3.4E-2	2.5E-2	2.1E-3
34	6.6E-2	2.7E-5	6.9E-5	2.5E-4	3.3E-2	2.4E-2	2.0E-3
35	6.5E-2	2.6E-5	6.7E-5	2.4E-4	3.3E-2	2.4E-2	2.0E-3
36	6.3E-2	2.5E-5	6.4E-5	2.4E-4	3.2E-2	2.3E-2	2.0E-3
37	6.2E-2	2.4E-5	6.3E-5	2.3E-4	3.1E-2	2.3E-2	1.9E-3
38	6.0E-2	2.3E-5	6.1E-5	2.2E-4	3.0E-2	2.2E-2	1.9E-3
39	5.9E-2	2.3E-5	5.9E-5	2.2E-4	2.9E-2	2.2E-2	1.8E-3
40	5.8E-2	2.2E-5	5.7E-5	2.1E-4	2.9E-2	2.2E-2	1.8E-3
41	5.6E-2	2.1E-5	5.6E-5	2.1E-4	2.8E-2	2.1E-2	1.8E-3
42	5.5E-2	2.1E-5	5.4E-5	2.0E-4	2.7E-2	2.1E-2	1.7E-3
43	5.4E-2	2.0E-5	5.3E-5	2.0E-4	2.7E-2	2.0E-2	1.7E-3
44	5.3E-2	1.9E-5	5.1E-5	1.9E-4	2.6E-2	2.0E-2	1.7E-3
45	5.1E-2	1.9E-5	5.0E-5	1.9E-4	2.5E-2	2.0E-2	1.6E-3
46	5.0E-2	1.8E-5	4.8E-5	1.8E-4	2.5E-2	1.9E-2	1.6E-3
47	4.9E-2	1.8E-5	4.7E-5	1.8E-4	2.4E-2	1.9E-2	1.6E-3
48	4.8E-2	1.7E-5	4.6E-5	1.7E-4	2.3E-2	1.8E-2	1.5E-3
49	4.7E-2	1.7E-5	4.5E-5	1.7E-4	2.3E-2	1.8E-2	1.5E-3
50	4.6E-2	1.6E-5	4.3E-5	1.6E-4	2.2E-2	1.8E-2	1.5E-3
51	4.5E-2	1.6E-5	4.2E-5	1.6E-4	2.2E-2	1.7E-2	1.4E-3
52	4.4E-2	1.5E-5	4.1E-5	1.6E-4	2.1E-2	1.7E-2	1.4E-3
53	4.3E-2	1.5E-5	4.0E-5	1.5E-4	2.1E-2	1.7E-2	1.4E-3
54	4.2E-2	1.4E-5	3.9E-5	1.5E-4	2.0E-2	1.6E-2	1.3E-3
55	4.1E-2	1.4E-5	3.8E-5	1.4E-4	2.0E-2	1.6E-2	1.3E-3
56	4.0E-2	1.4E-5	3.7E-5	1.4E-4	1.9E-2	1.6E-2	1.3E-3
57	3.9E-2	1.3E-5	3.6E-5	1.4E-4	1.9E-2	1.5E-2	1.3E-3
58	3.8E-2	1.3E-5	3.5E-5	1.3E-4	1.8E-2	1.5E-2	1.2E-3
59	3.7E-2	1.2E-5	3.4E-5	1.3E-4	1.8E-2	1.5E-2	1.2E-3
60	3.6E-2	1.2E-5	3.3E-5	1.3E-4	1.7E-2	1.5E-2	1.2E-3
61	3.6E-2	1.2E-5	3.2E-5	1.2E-4	1.7E-2	1.4E-2	1.2E-3
62	3.5E-2	1.1E-5	3.2E-5	1.2E-4	1.6E-2	1.4E-2	1.1E-3
63	3.4E-2	1.1E-5	3.1E-5	1.2E-4	1.6E-2	1.4E-2	1.1E-3
64	3.3E-2	1.1E-5	3.0E-5	1.1E-4	1.6E-2	1.3E-2	1.1E-3
65	3.3E-2	1.1E-5	2.9E-5	1.1E-4	1.5E-2	1.3E-2	1.1E-3
66	3.2E-2	1.0E-5	2.8E-5	1.1E-4	1.5E-2	1.3E-2	1.0E-3
67	3.1E-2	1.0E-5	2.8E-5	1.1E-4	1.4E-2	1.3E-2	1.0E-3
68	3.0E-2	9.8E-6	2.7E-5	1.0E-4	1.4E-2	1.2E-2	9.9E-4
69	3.0E-2	9.5E-6	2.6E-5	1.0E-4	1.4E-2	1.2E-2	9.7E-4
70	2.9E-2	9.2E-6	2.6E-5	9.8E-5	1.3E-2	1.2E-2	9.5E-4
71	2.8E-2	9.0E-6	2.5E-5	9.6E-5	1.3E-2	1.2E-2	9.3E-4
72	2.8E-2	8.8E-6	2.4E-5	9.3E-5	1.3E-2	1.2E-2	9.1E-4
73	2.7E-2	8.5E-6	2.4E-5	9.1E-5	1.2E-2	1.1E-2	8.9E-4
74	2.6E-2	8.3E-6	2.3E-5	8.9E-5	1.2E-2	1.1E-2	8.7E-4
75	2.6E-2	8.1E-6	2.2E-5	8.6E-5	1.2E-2	1.1E-2	8.6E-4
76	2.5E-2	7.9E-6	2.2E-5	8.4E-5	1.1E-2	1.1E-2	8.4E-4
77	2.5E-2	7.7E-6	2.1E-5	8.2E-5	1.1E-2	1.0E-2	8.2E-4
78	2.4E-2	7.5E-6	2.1E-5	8.0E-5	1.1E-2	1.0E-2	8.0E-4
79	2.4E-2	7.3E-6	2.0E-5	7.8E-5	1.1E-2	1.0E-2	7.9E-4
80	2.3E-2	7.1E-6	2.0E-5	7.6E-5	1.0E-2	9.8E-3	7.7E-4
81	2.3E-2	6.9E-6	1.9E-5	7.4E-5	1.0E-2	9.6E-3	7.5E-4
82	2.2E-2	6.7E-6	1.9E-5	7.2E-5	9.9E-3	9.4E-3	7.4E-4
83	2.2E-2	6.5E-6	1.8E-5	7.1E-5	9.6E-3	9.3E-3	7.2E-4
84	2.1E-2	6.4E-6	1.8E-5	6.9E-5	9.4E-3	9.1E-3	7.0E-4
85	2.1E-2	6.2E-6	1.7E-5	6.7E-5	9.1E-3	8.9E-3	6.9E-4
86	2.0E-2	6.1E-6	1.7E-5	6.5E-5	8.9E-3	8.7E-3	6.8E-4
87	2.0E-2	5.9E-6	1.6E-5	6.4E-5	8.7E-3	8.5E-3	6.6E-4
88	1.9E-2	5.7E-6	1.6E-5	6.2E-5	8.5E-3	8.4E-3	6.5E-4
89	1.9E-2	5.6E-6	1.5E-5	6.1E-5	8.3E-3	8.2E-3	6.3E-4
90	1.8E-2	5.5E-6	1.5E-5	5.9E-5	8.1E-3	8.0E-3	6.2E-4
91	1.8E-2	5.3E-6	1.5E-5	5.8E-5	7.9E-3	7.9E-3	6.1E-4
92	1.8E-2	5.2E-6	1.4E-5	5.6E-5	7.7E-3	7.7E-3	5.9E-4
93	1.7E-2	5.0E-6	1.4E-5	5.5E-5	7.5E-3	7.6E-3	5.8E-4
94	1.7E-2	4.9E-6	1.4E-5	5.3E-5	7.3E-3	7.4E-3	5.7E-4
95	1.6E-2	4.8E-6	1.3E-5	5.2E-5	7.1E-3	7.3E-3	5.6E-4
96	1.6E-2	4.7E-6	1.3E-5	5.1E-5	6.9E-3	7.1E-3	5.4E-4
97	1.6E-2	4.5E-6	1.3E-5	4.9E-5	6.8E-3	7.0E-3	5.3E-4
98	1.5E-2	4.4E-6	1.2E-5	4.8E-5	6.6E-3	6.9E-3	5.2E-4
99	1.5E-2	4.3E-6	1.2E-5	4.7E-5	6.4E-3	6.7E-3	5.1E-4
100	1.5E-2	4.2E-6	1.2E-5	4.6E-5	6.3E-3	6.6E-3	5.0E-4
110	1.2E-2	3.3E-6	8.9E-6	3.6E-5	4.9E-3	5.4E-3	4.0E-4
120	9.3E-3	2.5E-6	6.8E-6	2.8E-5	3.8E-3	4.4E-3	3.2E-4
130	7.4E-3	2.0E-6	5.3E-6	2.2E-5	3.0E-3	3.6E-3	2.6E-4
140	5.9E-3	1.5E-6	4.1E-6	1.7E-5	2.3E-3	2.9E-3	2.1E-4
150	4.7E-3	1.2E-6	3.1E-6	1.3E-5	1.8E-3	2.4E-3	1.7E-4
160	3.8E-3	9.3E-7	2.4E-6	1.0E-5	1.4E-3	1.9E-3	1.3E-4
170	3.0E-3	7.2E-7	1.8E-6	7.9E-6	1.1E-3	1.6E-3	1.1E-4
180	2.4E-3	5.7E-7	1.4E-6	6.1E-6	8.5E-4	1.3E-3	8.7E-5
190	1.9E-3	4.4E-7	1.1E-6	4.8E-6	6.6E-4	1.0E-3	6.9E-5
200	1.5E-3	3.5E-7	8.4E-7	3.7E-6	5.2E-4	8.5E-4	5.6E-5
210	1.2E-3	2.7E-7	6.5E-7	2.9E-6	4.0E-4	6.9E-4	4.5E-5
220	9.8E-4	2.1E-7	5.0E-7	2.3E-6	3.2E-4	5.6E-4	3.6E-5
230	7.8E-4	1.7E-7	3.9E-7	1.8E-6	2.5E-4	4.5E-4	2.9E-5
240	6.3E-4	1.3E-7	3.0E-7	1.4E-6	1.9E-4	3.7E-4	2.3E-5
250	5.0E-4	1.0E-7	2.3E-7	1.1E-6	1.5E-4	3.0E-4	1.8E-5
260	4.0E-4	8.1E-8	1.8E-7	8.5E-7	1.2E-4	2.4E-4	1.5E-5
270	3.2E-4	6.4E-8	1.4E-7	6.6E-7	9.2E-5	2.0E-4	1.2E-5
280	2.6E-4	5.0E-8	1.0E-7	5.2E-7	7.2E-5	1.6E-4	9.4E-6
290	2.1E-4	4.0E-8	8.1E-8	4.1E-7	5.6E-5	1.3E-4	7.5E-6
300	1.6E-4	3.1E-8	6.2E-8	3.2E-7	4.4E-5	1.0E-4	6.0E-6
310	1.3E-4	2.5E-8	4.8E-8	2.5E-7	3.4E-5	8.4E-5	4.8E-6
320	1.1E-4	1.9E-8	3.7E-8	2.0E-7	2.7E-5	6.8E-5	3.8E-6
330	8.5E-5	1.5E-8	2.8E-8	1.5E-7	2.1E-5	5.5E-5	3.1E-6
340	6.8E-5	1.2E-8	2.2E-8	1.2E-7	1.7E-5	4.5E-5	2.5E-6
350	5.4E-5	9.6E-9	1.7E-8	9.5E-8	1.3E-5	3.6E-5	2.0E-6
360	4.4E-5	7.5E-9	1.3E-8	7.5E-8	1.0E-5	2.9E-5	1.6E-6
365	3.9E-5	6.7E-9	1.1E-8	6.6E-8	9.0E-6	2.6E-5	1.4E-6
370	3.5E-5	6.0E-9	1.0E-8	5.9E-8	8.0E-6	2.4E-5	1.3E-6
380	2.8E-5	4.7E-9	7.7E-9	4.6E-8	6.3E-6	1.9E-5	1.0E-6
390	2.2E-5	3.7E-9	6.0E-9	3.6E-8	4.9E-6	1.5E-5	8.0E-7
400	1.8E-5	2.9E-9	4.6E-9	2.9E-8	3.8E-6	1.2E-5	6.4E-7
410	1.4E-5	2.3E-9	3.5E-9	2.3E-8	3.0E-6	1.0E-5	5.1E-7
420	1.2E-5	1.8E-9	2.7E-9	1.8E-8	2.4E-6	8.2E-6	4.1E-7
430	9.3E-6	1.5E-9	2.1E-9	1.4E-8	1.9E-6	6.6E-6	3.2E-7
440	7.5E-6	1.2E-9	1.6E-9	1.1E-8	1.5E-6	5.3E-6	2.6E-7
450	6.0E-6	9.2E-10	1.3E-9	8.8E-9	1.1E-6	4.3E-6	2.1E-7
460	4.8E-6	7.3E-10	9.6E-10	6.9E-9	9.0E-7	3.5E-6	1.6E-7
470	3.9E-6	5.8E-10	7.4E-10	5.5E-9	7.1E-7	2.8E-6	1.3E-7
480	3.1E-6	4.6E-10	5.7E-10	4.3E-9	5.5E-7	2.3E-6	1.1E-7
490	2.5E-6	3.6E-10	4.4E-10	3.4E-9	4.4E-7	1.8E-6	8.4E-8
500	2.0E-6	2.9E-10	3.4E-10	2.7E-9	3.4E-7	1.5E-6	6.7E-8
510	1.6E-6	2.3E-10	2.6E-10	2.2E-9	2.7E-7	1.2E-6	5.3E-8
520	1.3E-6	1.8E-10	2.0E-10	1.7E-9	2.1E-7	9.6E-7	4.3E-8
530	1.0E-6	1.4E-10	1.6E-10	1.4E-9	1.7E-7	7.8E-7	3.4E-8
540	8.3E-7	1.1E-10	1.2E-10	1.1E-9	1.3E-7	6.3E-7	2.7E-8
550	6.7E-7	-	-	8.5E-10	1.0E-7	5.1E-7	2.2E-8
560	5.4E-7	-	-	6.8E-10	8.1E-8	4.1E-7	1.7E-8
570	4.3E-7	-	-	5.4E-10	6.4E-8	3.3E-7	1.4E-8
580	3.5E-7	-	-	4.3E-10	5.0E-8	2.7E-7	1.1E-8
590	2.8E-7	-	-	3.4E-10	4.0E-8	2.1E-7	8.8E-9
600	2.2E-7	-	-	2.7E-10	3.1E-8	1.7E-7	7.0E-9
610	1.8E-7	-	-	2.1E-10	2.5E-8	1.4E-7	5.6E-9
620	1.4E-7	-	-	1.7E-10	1.9E-8	1.1E-7	4.4E-9
630	1.2E-7	-	-	1.4E-10	1.5E-8	9.1E-8	3.5E-9
640	9.3E-8	-	-	1.1E-10	1.2E-8	7.3E-8	2.8E-9
650	7.5E-8	-	-	-	9.5E-9	5.9E-8	2.3E-9
660	6.0E-8	-	-	-	7.4E-9	4.8E-8	1.8E-9
670	4.8E-8	-	-	-	5.9E-9	3.8E-8	1.4E-9
680	3.9E-8	-	-	-	4.6E-9	3.1E-8	1.1E-9
690	3.1E-8	-	-	-	3.7E-9	2.5E-8	9.1E-10
700	2.5E-8	-	-	-	2.9E-9	2.0E-8	7.3E-10
710	2.0E-8	-	-	-	2.3E-9	1.6E-8	5.8E-10
720	1.6E-8	-	-	-	1.8E-9	1.3E-8	4.6E-10
730	1.3E-8	-	-	-	1.4E-9	1.1E-8	3.7E-10
740	1.0E-8	-	-	-	1.1E-9	8.5E-9	2.9E-10
750	8.4E-9	-	-	-	8.8E-10	6.9E-9	2.3E-10
760	6.8E-9	-	-	-	6.9E-10	5.5E-9	1.9E-10
770	5.4E-9	-	-	-	5.5E-10	4.5E-9	1.5E-10
780	4.4E-9	-	-	-	4.3E-10	3.6E-9	1.2E-10
790	3.5E-9	-	-	-	3.4E-10	2.9E-9	-
800	2.8E-9	-	-	-	2.7E-10	2.3E-9	-
810	2.3E-9	-	-	-	2.1E-10	1.9E-9	-
820	1.8E-9	-	-	-	1.7E-10	1.5E-9	-
830	1.5E-9	-	-	-	1.3E-10	1.2E-9	-
840	1.2E-9	-	-	-	1.0E-10	9.9E-10	-
850	9.5E-10	-	-	-	-	8.0E-10	-
860	7.6E-10	-	-	-	-	6.4E-10	-
870	6.1E-10	-	-	-	-	5.2E-10	-
880	4.9E-10	-	-	-	-	4.2E-10	-
890	4.0E-10	-	-	-	-	3.4E-10	-
900	3.2E-10	-	-	-	-	2.7E-10	-
910	2.6E-10	-	-	-	-	2.2E-10	-
920	2.1E-10	-	-	-	-	1.8E-10	-
930	1.7E-10	-	-	-	-	1.4E-10	-
940	1.3E-10	-	-	-	-	1.1E-10	-
950	1.1E-10	-	-	-	-	-	-
