Radionuclide	Eu-155
Route of Intake	Inhalation
Material	Aerosols Type F, fA=5E-4
AMTD/AMAD, µm	3

Content in an Organ or Excreta Sample per Intake (Reference Bioassay Functions m(t)), Bq per Bq
Time, days	Whole Body	Urine (24-hour sample)	Faeces (24-hour sample)	Alimentary Tract*	Lungs*	Skeleton*	Liver*
0.041667	7.7E-1	-	-	2.5E-1	1.0E-1	1.0E-3	9.0E-4
0.083333	7.6E-1	-	-	2.9E-1	9.2E-2	2.1E-3	1.6E-3
0.125	7.5E-1	-	-	3.1E-1	8.6E-2	3.1E-3	2.3E-3
0.25	7.3E-1	-	-	3.7E-1	7.3E-2	5.7E-3	4.2E-3
0.375	7.1E-1	-	-	4.1E-1	6.4E-2	8.1E-3	5.9E-3
0.5	6.8E-1	-	-	4.4E-1	5.7E-2	1.0E-2	7.4E-3
0.625	6.6E-1	-	-	4.5E-1	5.1E-2	1.2E-2	8.8E-3
0.75	6.4E-1	-	-	4.6E-1	4.5E-2	1.4E-2	1.0E-2
0.875	6.1E-1	-	-	4.6E-1	4.0E-2	1.6E-2	1.1E-2
1	5.8E-1	9.2E-3	7.7E-2	4.4E-1	3.6E-2	1.7E-2	1.2E-2
1.125	5.5E-1	-	-	4.3E-1	3.3E-2	1.9E-2	1.3E-2
1.25	5.2E-1	-	-	4.0E-1	2.9E-2	2.0E-2	1.4E-2
1.375	4.9E-1	-	-	3.8E-1	2.6E-2	2.1E-2	1.5E-2
1.5	4.5E-1	-	-	3.5E-1	2.4E-2	2.2E-2	1.6E-2
1.625	4.2E-1	-	-	3.2E-1	2.2E-2	2.3E-2	1.6E-2
1.75	3.8E-1	-	-	2.9E-1	2.0E-2	2.4E-2	1.7E-2
1.875	3.5E-1	-	-	2.6E-1	1.8E-2	2.5E-2	1.8E-2
2	3.2E-1	5.0E-3	2.4E-1	2.4E-1	1.6E-2	2.5E-2	1.8E-2
2.25	2.7E-1	-	-	1.9E-1	1.4E-2	2.7E-2	1.9E-2
2.5	2.3E-1	-	-	1.4E-1	1.2E-2	2.8E-2	2.0E-2
2.75	1.9E-1	-	-	1.1E-1	1.1E-2	2.8E-2	2.0E-2
3	1.6E-1	2.4E-3	1.6E-1	8.2E-2	9.3E-3	2.9E-2	2.1E-2
3.25	1.4E-1	-	-	6.0E-2	8.4E-3	3.0E-2	2.1E-2
3.5	1.2E-1	-	-	4.4E-2	7.7E-3	3.0E-2	2.1E-2
3.75	1.1E-1	-	-	3.2E-2	7.1E-3	3.0E-2	2.2E-2
4	1.0E-1	1.2E-3	6.0E-2	2.3E-2	6.7E-3	3.1E-2	2.2E-2
4.25	9.4E-2	-	-	1.6E-2	6.3E-3	3.1E-2	2.2E-2
4.5	8.9E-2	-	-	1.2E-2	6.0E-3	3.1E-2	2.2E-2
4.75	8.5E-2	-	-	8.2E-3	5.8E-3	3.1E-2	2.2E-2
5	8.3E-2	5.8E-4	1.7E-2	5.8E-3	5.6E-3	3.2E-2	2.2E-2
5.5	7.9E-2	-	-	3.0E-3	5.4E-3	3.2E-2	2.2E-2
6	7.8E-2	3.2E-4	4.3E-3	1.6E-3	5.2E-3	3.2E-2	2.2E-2
6.5	7.7E-2	-	-	9.6E-4	5.1E-3	3.2E-2	2.3E-2
7	7.7E-2	2.0E-4	1.0E-3	6.6E-4	5.0E-3	3.2E-2	2.3E-2
7.5	7.6E-2	-	-	5.2E-4	4.9E-3	3.2E-2	2.3E-2
8	7.6E-2	1.5E-4	2.5E-4	4.5E-4	4.8E-3	3.2E-2	2.3E-2
8.5	7.6E-2	-	-	4.2E-4	4.8E-3	3.2E-2	2.3E-2
9	7.6E-2	1.2E-4	9.0E-5	4.1E-4	4.7E-3	3.2E-2	2.3E-2
9.5	7.6E-2	-	-	4.0E-4	4.7E-3	3.2E-2	2.3E-2
10	7.6E-2	1.1E-4	5.6E-5	4.0E-4	4.6E-3	3.2E-2	2.3E-2
11	7.6E-2	9.8E-5	4.9E-5	3.9E-4	4.5E-3	3.2E-2	2.3E-2
12	7.6E-2	9.1E-5	4.6E-5	3.9E-4	4.4E-3	3.2E-2	2.3E-2
13	7.5E-2	8.6E-5	4.5E-5	3.9E-4	4.4E-3	3.2E-2	2.3E-2
14	7.5E-2	8.1E-5	4.4E-5	3.8E-4	4.3E-3	3.3E-2	2.3E-2
15	7.5E-2	7.7E-5	4.3E-5	3.8E-4	4.2E-3	3.3E-2	2.3E-2
16	7.5E-2	7.3E-5	4.2E-5	3.8E-4	4.1E-3	3.3E-2	2.3E-2
17	7.5E-2	7.0E-5	4.1E-5	3.8E-4	4.0E-3	3.3E-2	2.3E-2
18	7.5E-2	6.6E-5	4.0E-5	3.7E-4	3.9E-3	3.3E-2	2.3E-2
19	7.4E-2	6.4E-5	4.0E-5	3.7E-4	3.9E-3	3.3E-2	2.3E-2
20	7.4E-2	6.1E-5	3.9E-5	3.7E-4	3.8E-3	3.3E-2	2.2E-2
21	7.4E-2	5.9E-5	3.8E-5	3.6E-4	3.7E-3	3.3E-2	2.2E-2
22	7.4E-2	5.6E-5	3.7E-5	3.6E-4	3.6E-3	3.3E-2	2.2E-2
23	7.4E-2	5.4E-5	3.7E-5	3.6E-4	3.6E-3	3.3E-2	2.2E-2
24	7.4E-2	5.3E-5	3.6E-5	3.6E-4	3.5E-3	3.3E-2	2.2E-2
25	7.4E-2	5.1E-5	3.5E-5	3.5E-4	3.4E-3	3.3E-2	2.2E-2
26	7.4E-2	4.9E-5	3.4E-5	3.5E-4	3.4E-3	3.3E-2	2.2E-2
27	7.4E-2	4.8E-5	3.4E-5	3.5E-4	3.3E-3	3.3E-2	2.2E-2
28	7.3E-2	4.7E-5	3.3E-5	3.5E-4	3.2E-3	3.3E-2	2.2E-2
29	7.3E-2	4.5E-5	3.3E-5	3.5E-4	3.2E-3	3.3E-2	2.2E-2
30	7.3E-2	4.4E-5	3.2E-5	3.4E-4	3.1E-3	3.3E-2	2.2E-2
31	7.3E-2	4.3E-5	3.1E-5	3.4E-4	3.0E-3	3.3E-2	2.2E-2
32	7.3E-2	4.2E-5	3.1E-5	3.4E-4	3.0E-3	3.3E-2	2.2E-2
33	7.3E-2	4.2E-5	3.0E-5	3.4E-4	2.9E-3	3.3E-2	2.2E-2
34	7.3E-2	4.1E-5	2.9E-5	3.3E-4	2.9E-3	3.3E-2	2.2E-2
35	7.3E-2	4.0E-5	2.9E-5	3.3E-4	2.8E-3	3.4E-2	2.2E-2
36	7.3E-2	3.9E-5	2.8E-5	3.3E-4	2.8E-3	3.4E-2	2.2E-2
37	7.3E-2	3.9E-5	2.8E-5	3.3E-4	2.7E-3	3.4E-2	2.2E-2
38	7.2E-2	3.8E-5	2.7E-5	3.3E-4	2.7E-3	3.4E-2	2.2E-2
39	7.2E-2	3.7E-5	2.7E-5	3.2E-4	2.6E-3	3.4E-2	2.2E-2
40	7.2E-2	3.7E-5	2.6E-5	3.2E-4	2.6E-3	3.4E-2	2.2E-2
41	7.2E-2	3.6E-5	2.6E-5	3.2E-4	2.5E-3	3.4E-2	2.2E-2
42	7.2E-2	3.6E-5	2.5E-5	3.2E-4	2.5E-3	3.4E-2	2.2E-2
43	7.2E-2	3.5E-5	2.5E-5	3.2E-4	2.4E-3	3.4E-2	2.2E-2
44	7.2E-2	3.5E-5	2.4E-5	3.1E-4	2.4E-3	3.4E-2	2.2E-2
45	7.2E-2	3.4E-5	2.4E-5	3.1E-4	2.3E-3	3.4E-2	2.2E-2
46	7.2E-2	3.4E-5	2.3E-5	3.1E-4	2.3E-3	3.4E-2	2.2E-2
47	7.2E-2	3.4E-5	2.3E-5	3.1E-4	2.2E-3	3.4E-2	2.2E-2
48	7.2E-2	3.3E-5	2.3E-5	3.1E-4	2.2E-3	3.4E-2	2.2E-2
49	7.1E-2	3.3E-5	2.2E-5	3.0E-4	2.1E-3	3.4E-2	2.2E-2
50	7.1E-2	3.3E-5	2.2E-5	3.0E-4	2.1E-3	3.4E-2	2.2E-2
51	7.1E-2	3.2E-5	2.1E-5	3.0E-4	2.1E-3	3.4E-2	2.2E-2
52	7.1E-2	3.2E-5	2.1E-5	3.0E-4	2.0E-3	3.4E-2	2.2E-2
53	7.1E-2	3.2E-5	2.1E-5	3.0E-4	2.0E-3	3.4E-2	2.2E-2
54	7.1E-2	3.2E-5	2.0E-5	3.0E-4	1.9E-3	3.4E-2	2.2E-2
55	7.1E-2	3.1E-5	2.0E-5	2.9E-4	1.9E-3	3.4E-2	2.2E-2
56	7.1E-2	3.1E-5	2.0E-5	2.9E-4	1.9E-3	3.4E-2	2.2E-2
57	7.1E-2	3.1E-5	1.9E-5	2.9E-4	1.8E-3	3.4E-2	2.2E-2
58	7.1E-2	3.1E-5	1.9E-5	2.9E-4	1.8E-3	3.4E-2	2.2E-2
59	7.1E-2	3.0E-5	1.9E-5	2.9E-4	1.8E-3	3.4E-2	2.2E-2
60	7.1E-2	3.0E-5	1.8E-5	2.9E-4	1.7E-3	3.4E-2	2.2E-2
61	7.0E-2	3.0E-5	1.8E-5	2.8E-4	1.7E-3	3.4E-2	2.2E-2
62	7.0E-2	3.0E-5	1.8E-5	2.8E-4	1.7E-3	3.4E-2	2.2E-2
63	7.0E-2	2.9E-5	1.7E-5	2.8E-4	1.6E-3	3.5E-2	2.2E-2
64	7.0E-2	2.9E-5	1.7E-5	2.8E-4	1.6E-3	3.5E-2	2.2E-2
65	7.0E-2	2.9E-5	1.7E-5	2.8E-4	1.6E-3	3.5E-2	2.2E-2
66	7.0E-2	2.9E-5	1.6E-5	2.8E-4	1.5E-3	3.5E-2	2.2E-2
67	7.0E-2	2.9E-5	1.6E-5	2.7E-4	1.5E-3	3.5E-2	2.2E-2
68	7.0E-2	2.9E-5	1.6E-5	2.7E-4	1.5E-3	3.5E-2	2.2E-2
69	7.0E-2	2.8E-5	1.6E-5	2.7E-4	1.5E-3	3.5E-2	2.2E-2
70	7.0E-2	2.8E-5	1.5E-5	2.7E-4	1.4E-3	3.5E-2	2.2E-2
71	7.0E-2	2.8E-5	1.5E-5	2.7E-4	1.4E-3	3.5E-2	2.2E-2
72	7.0E-2	2.8E-5	1.5E-5	2.7E-4	1.4E-3	3.5E-2	2.2E-2
73	7.0E-2	2.8E-5	1.5E-5	2.7E-4	1.3E-3	3.5E-2	2.2E-2
74	7.0E-2	2.7E-5	1.4E-5	2.6E-4	1.3E-3	3.5E-2	2.2E-2
75	6.9E-2	2.7E-5	1.4E-5	2.6E-4	1.3E-3	3.5E-2	2.2E-2
76	6.9E-2	2.7E-5	1.4E-5	2.6E-4	1.3E-3	3.5E-2	2.2E-2
77	6.9E-2	2.7E-5	1.4E-5	2.6E-4	1.2E-3	3.5E-2	2.2E-2
78	6.9E-2	2.7E-5	1.3E-5	2.6E-4	1.2E-3	3.5E-2	2.1E-2
79	6.9E-2	2.7E-5	1.3E-5	2.6E-4	1.2E-3	3.5E-2	2.1E-2
80	6.9E-2	2.7E-5	1.3E-5	2.6E-4	1.2E-3	3.5E-2	2.1E-2
81	6.9E-2	2.6E-5	1.3E-5	2.5E-4	1.2E-3	3.5E-2	2.1E-2
82	6.9E-2	2.6E-5	1.3E-5	2.5E-4	1.1E-3	3.5E-2	2.1E-2
83	6.9E-2	2.6E-5	1.2E-5	2.5E-4	1.1E-3	3.5E-2	2.1E-2
84	6.9E-2	2.6E-5	1.2E-5	2.5E-4	1.1E-3	3.5E-2	2.1E-2
85	6.9E-2	2.6E-5	1.2E-5	2.5E-4	1.1E-3	3.5E-2	2.1E-2
86	6.9E-2	2.6E-5	1.2E-5	2.5E-4	1.1E-3	3.5E-2	2.1E-2
87	6.9E-2	2.6E-5	1.2E-5	2.5E-4	1.0E-3	3.5E-2	2.1E-2
88	6.9E-2	2.5E-5	1.1E-5	2.5E-4	1.0E-3	3.5E-2	2.1E-2
89	6.9E-2	2.5E-5	1.1E-5	2.4E-4	9.9E-4	3.5E-2	2.1E-2
90	6.8E-2	2.5E-5	1.1E-5	2.4E-4	9.8E-4	3.5E-2	2.1E-2
91	6.8E-2	2.5E-5	1.1E-5	2.4E-4	9.6E-4	3.5E-2	2.1E-2
92	6.8E-2	2.5E-5	1.1E-5	2.4E-4	9.4E-4	3.5E-2	2.1E-2
93	6.8E-2	2.5E-5	1.1E-5	2.4E-4	9.2E-4	3.5E-2	2.1E-2
94	6.8E-2	2.5E-5	1.0E-5	2.4E-4	9.1E-4	3.5E-2	2.1E-2
95	6.8E-2	2.5E-5	1.0E-5	2.4E-4	8.9E-4	3.5E-2	2.1E-2
96	6.8E-2	2.4E-5	1.0E-5	2.4E-4	8.7E-4	3.5E-2	2.1E-2
97	6.8E-2	2.4E-5	9.9E-6	2.4E-4	8.6E-4	3.5E-2	2.1E-2
98	6.8E-2	2.4E-5	9.8E-6	2.3E-4	8.4E-4	3.5E-2	2.1E-2
99	6.8E-2	2.4E-5	9.6E-6	2.3E-4	8.3E-4	3.5E-2	2.1E-2
100	6.8E-2	2.4E-5	9.5E-6	2.3E-4	8.1E-4	3.5E-2	2.1E-2
110	6.7E-2	2.3E-5	8.3E-6	2.2E-4	6.7E-4	3.6E-2	2.1E-2
120	6.7E-2	2.2E-5	7.2E-6	2.1E-4	5.6E-4	3.6E-2	2.1E-2
130	6.6E-2	2.1E-5	6.4E-6	2.0E-4	4.7E-4	3.6E-2	2.0E-2
140	6.6E-2	2.0E-5	5.7E-6	1.9E-4	4.0E-4	3.6E-2	2.0E-2
150	6.5E-2	2.0E-5	5.2E-6	1.9E-4	3.4E-4	3.6E-2	2.0E-2
160	6.5E-2	1.9E-5	4.7E-6	1.8E-4	2.9E-4	3.6E-2	2.0E-2
170	6.4E-2	1.8E-5	4.3E-6	1.7E-4	2.4E-4	3.6E-2	1.9E-2
180	6.4E-2	1.8E-5	4.0E-6	1.7E-4	2.1E-4	3.6E-2	1.9E-2
190	6.3E-2	1.7E-5	3.7E-6	1.6E-4	1.8E-4	3.6E-2	1.9E-2
200	6.3E-2	1.7E-5	3.5E-6	1.5E-4	1.6E-4	3.7E-2	1.9E-2
210	6.2E-2	1.6E-5	3.3E-6	1.5E-4	1.4E-4	3.7E-2	1.8E-2
220	6.2E-2	1.6E-5	3.1E-6	1.4E-4	1.2E-4	3.7E-2	1.8E-2
230	6.1E-2	1.5E-5	3.0E-6	1.4E-4	1.1E-4	3.7E-2	1.8E-2
240	6.1E-2	1.5E-5	2.8E-6	1.3E-4	9.9E-5	3.7E-2	1.8E-2
250	6.1E-2	1.5E-5	2.7E-6	1.3E-4	8.9E-5	3.7E-2	1.7E-2
260	6.0E-2	1.4E-5	2.6E-6	1.3E-4	8.2E-5	3.7E-2	1.7E-2
270	6.0E-2	1.4E-5	2.5E-6	1.2E-4	7.5E-5	3.7E-2	1.7E-2
280	5.9E-2	1.4E-5	2.5E-6	1.2E-4	7.0E-5	3.7E-2	1.7E-2
290	5.9E-2	1.3E-5	2.4E-6	1.2E-4	6.5E-5	3.7E-2	1.7E-2
300	5.9E-2	1.3E-5	2.3E-6	1.1E-4	6.1E-5	3.7E-2	1.6E-2
310	5.8E-2	1.3E-5	2.2E-6	1.1E-4	5.7E-5	3.7E-2	1.6E-2
320	5.8E-2	1.2E-5	2.2E-6	1.1E-4	5.4E-5	3.7E-2	1.6E-2
330	5.7E-2	1.2E-5	2.1E-6	1.1E-4	5.2E-5	3.7E-2	1.6E-2
340	5.7E-2	1.2E-5	2.1E-6	1.0E-4	5.0E-5	3.7E-2	1.5E-2
350	5.7E-2	1.2E-5	2.0E-6	1.0E-4	4.8E-5	3.6E-2	1.5E-2
360	5.6E-2	1.1E-5	2.0E-6	9.9E-5	4.6E-5	3.6E-2	1.5E-2
365	5.6E-2	1.1E-5	2.0E-6	9.8E-5	4.5E-5	3.6E-2	1.5E-2
370	5.6E-2	1.1E-5	1.9E-6	9.7E-5	4.4E-5	3.6E-2	1.5E-2
380	5.6E-2	1.1E-5	1.9E-6	9.5E-5	4.3E-5	3.6E-2	1.5E-2
390	5.5E-2	1.1E-5	1.9E-6	9.3E-5	4.2E-5	3.6E-2	1.4E-2
400	5.5E-2	1.1E-5	1.8E-6	9.2E-5	4.1E-5	3.6E-2	1.4E-2
410	5.5E-2	1.0E-5	1.8E-6	9.0E-5	4.0E-5	3.6E-2	1.4E-2
420	5.4E-2	1.0E-5	1.8E-6	8.8E-5	3.9E-5	3.6E-2	1.4E-2
430	5.4E-2	1.0E-5	1.7E-6	8.7E-5	3.8E-5	3.6E-2	1.4E-2
440	5.4E-2	1.0E-5	1.7E-6	8.6E-5	3.7E-5	3.6E-2	1.3E-2
450	5.3E-2	9.8E-6	1.7E-6	8.4E-5	3.7E-5	3.6E-2	1.3E-2
460	5.3E-2	9.6E-6	1.6E-6	8.3E-5	3.6E-5	3.6E-2	1.3E-2
470	5.3E-2	9.5E-6	1.6E-6	8.2E-5	3.5E-5	3.6E-2	1.3E-2
480	5.2E-2	9.3E-6	1.6E-6	8.1E-5	3.5E-5	3.6E-2	1.3E-2
490	5.2E-2	9.2E-6	1.6E-6	7.9E-5	3.4E-5	3.6E-2	1.2E-2
500	5.2E-2	9.1E-6	1.5E-6	7.8E-5	3.4E-5	3.6E-2	1.2E-2
510	5.1E-2	8.9E-6	1.5E-6	7.7E-5	3.3E-5	3.5E-2	1.2E-2
520	5.1E-2	8.8E-6	1.5E-6	7.6E-5	3.3E-5	3.5E-2	1.2E-2
530	5.1E-2	8.7E-6	1.5E-6	7.5E-5	3.2E-5	3.5E-2	1.2E-2
540	5.0E-2	8.5E-6	1.4E-6	7.5E-5	3.2E-5	3.5E-2	1.2E-2
550	5.0E-2	8.4E-6	1.4E-6	7.4E-5	3.2E-5	3.5E-2	1.1E-2
560	5.0E-2	8.3E-6	1.4E-6	7.3E-5	3.1E-5	3.5E-2	1.1E-2
570	5.0E-2	8.2E-6	1.4E-6	7.2E-5	3.1E-5	3.5E-2	1.1E-2
580	4.9E-2	8.1E-6	1.4E-6	7.1E-5	3.1E-5	3.5E-2	1.1E-2
590	4.9E-2	7.9E-6	1.3E-6	7.1E-5	3.0E-5	3.5E-2	1.1E-2
600	4.9E-2	7.8E-6	1.3E-6	7.0E-5	3.0E-5	3.5E-2	1.1E-2
610	4.8E-2	7.7E-6	1.3E-6	6.9E-5	3.0E-5	3.4E-2	1.0E-2
620	4.8E-2	7.6E-6	1.3E-6	6.9E-5	2.9E-5	3.4E-2	1.0E-2
630	4.8E-2	7.5E-6	1.3E-6	6.8E-5	2.9E-5	3.4E-2	1.0E-2
640	4.8E-2	7.4E-6	1.2E-6	6.7E-5	2.9E-5	3.4E-2	1.0E-2
650	4.7E-2	7.3E-6	1.2E-6	6.7E-5	2.9E-5	3.4E-2	9.8E-3
660	4.7E-2	7.2E-6	1.2E-6	6.6E-5	2.8E-5	3.4E-2	9.7E-3
670	4.7E-2	7.1E-6	1.2E-6	6.6E-5	2.8E-5	3.4E-2	9.6E-3
680	4.6E-2	7.1E-6	1.2E-6	6.5E-5	2.8E-5	3.4E-2	9.4E-3
690	4.6E-2	7.0E-6	1.2E-6	6.5E-5	2.8E-5	3.4E-2	9.3E-3
700	4.6E-2	6.9E-6	1.2E-6	6.4E-5	2.8E-5	3.4E-2	9.2E-3
710	4.6E-2	6.8E-6	1.1E-6	6.4E-5	2.7E-5	3.3E-2	9.0E-3
720	4.5E-2	6.7E-6	1.1E-6	6.3E-5	2.7E-5	3.3E-2	8.9E-3
730	4.5E-2	6.6E-6	1.1E-6	6.3E-5	2.7E-5	3.3E-2	8.8E-3
740	4.5E-2	6.6E-6	1.1E-6	6.2E-5	2.7E-5	3.3E-2	8.6E-3
750	4.5E-2	6.5E-6	1.1E-6	6.2E-5	2.7E-5	3.3E-2	8.5E-3
760	4.4E-2	6.4E-6	1.1E-6	6.1E-5	2.6E-5	3.3E-2	8.4E-3
770	4.4E-2	6.3E-6	1.1E-6	6.1E-5	2.6E-5	3.3E-2	8.3E-3
780	4.4E-2	6.2E-6	1.0E-6	6.1E-5	2.6E-5	3.3E-2	8.2E-3
790	4.4E-2	6.2E-6	1.0E-6	6.0E-5	2.6E-5	3.3E-2	8.0E-3
800	4.3E-2	6.1E-6	1.0E-6	6.0E-5	2.6E-5	3.2E-2	7.9E-3
810	4.3E-2	6.0E-6	1.0E-6	5.9E-5	2.6E-5	3.2E-2	7.8E-3
820	4.3E-2	6.0E-6	9.9E-7	5.9E-5	2.5E-5	3.2E-2	7.7E-3
830	4.3E-2	5.9E-6	9.8E-7	5.9E-5	2.5E-5	3.2E-2	7.6E-3
840	4.2E-2	5.8E-6	9.7E-7	5.8E-5	2.5E-5	3.2E-2	7.5E-3
850	4.2E-2	5.8E-6	9.6E-7	5.8E-5	2.5E-5	3.2E-2	7.4E-3
860	4.2E-2	5.7E-6	9.5E-7	5.8E-5	2.5E-5	3.2E-2	7.3E-3
870	4.2E-2	5.6E-6	9.4E-7	5.7E-5	2.5E-5	3.2E-2	7.2E-3
880	4.2E-2	5.6E-6	9.3E-7	5.7E-5	2.5E-5	3.2E-2	7.1E-3
890	4.1E-2	5.5E-6	9.2E-7	5.7E-5	2.4E-5	3.1E-2	7.0E-3
900	4.1E-2	5.5E-6	9.1E-7	5.6E-5	2.4E-5	3.1E-2	6.9E-3
910	4.1E-2	5.4E-6	9.0E-7	5.6E-5	2.4E-5	3.1E-2	6.8E-3
920	4.1E-2	5.3E-6	8.9E-7	5.6E-5	2.4E-5	3.1E-2	6.7E-3
930	4.0E-2	5.3E-6	8.8E-7	5.5E-5	2.4E-5	3.1E-2	6.6E-3
940	4.0E-2	5.2E-6	8.7E-7	5.5E-5	2.4E-5	3.1E-2	6.5E-3
950	4.0E-2	5.2E-6	8.6E-7	5.5E-5	2.4E-5	3.1E-2	6.4E-3
960	4.0E-2	5.1E-6	8.5E-7	5.5E-5	2.3E-5	3.1E-2	6.3E-3
970	3.9E-2	5.1E-6	8.4E-7	5.4E-5	2.3E-5	3.1E-2	6.3E-3
980	3.9E-2	5.0E-6	8.3E-7	5.4E-5	2.3E-5	3.0E-2	6.2E-3
990	3.9E-2	5.0E-6	8.2E-7	5.4E-5	2.3E-5	3.0E-2	6.1E-3
1000	3.9E-2	4.9E-6	8.1E-7	5.3E-5	2.3E-5	3.0E-2	6.0E-3
1010	3.9E-2	4.8E-6	8.1E-7	5.3E-5	2.3E-5	3.0E-2	5.9E-3
1020	3.8E-2	4.8E-6	8.0E-7	5.3E-5	2.3E-5	3.0E-2	5.8E-3
1030	3.8E-2	4.7E-6	7.9E-7	5.3E-5	2.3E-5	3.0E-2	5.8E-3
1040	3.8E-2	4.7E-6	7.8E-7	5.2E-5	2.3E-5	3.0E-2	5.7E-3
1050	3.8E-2	4.7E-6	7.7E-7	5.2E-5	2.2E-5	3.0E-2	5.6E-3
1060	3.8E-2	4.6E-6	7.6E-7	5.2E-5	2.2E-5	3.0E-2	5.5E-3
1070	3.7E-2	4.6E-6	7.6E-7	5.1E-5	2.2E-5	2.9E-2	5.5E-3
1080	3.7E-2	4.5E-6	7.5E-7	5.1E-5	2.2E-5	2.9E-2	5.4E-3
1090	3.7E-2	4.5E-6	7.4E-7	5.1E-5	2.2E-5	2.9E-2	5.3E-3
1095	3.7E-2	4.4E-6	7.4E-7	5.1E-5	2.2E-5	2.9E-2	5.3E-3
1100	3.7E-2	4.4E-6	7.3E-7	5.1E-5	2.2E-5	2.9E-2	5.2E-3
1200	3.5E-2	4.0E-6	6.6E-7	4.8E-5	2.1E-5	2.8E-2	4.6E-3
1300	3.3E-2	3.6E-6	6.0E-7	4.6E-5	2.0E-5	2.7E-2	4.0E-3
1400	3.1E-2	3.3E-6	5.5E-7	4.4E-5	1.9E-5	2.6E-2	3.6E-3
1500	3.0E-2	3.0E-6	5.0E-7	4.2E-5	1.8E-5	2.5E-2	3.2E-3
1600	2.8E-2	2.8E-6	4.6E-7	4.0E-5	1.7E-5	2.4E-2	2.8E-3
1700	2.7E-2	2.6E-6	4.2E-7	3.8E-5	1.7E-5	2.3E-2	2.5E-3
1800	2.6E-2	2.4E-6	3.9E-7	3.7E-5	1.6E-5	2.2E-2	2.2E-3
1900	2.4E-2	2.2E-6	3.6E-7	3.5E-5	1.5E-5	2.1E-2	2.0E-3
2000	2.3E-2	2.0E-6	3.3E-7	3.3E-5	1.5E-5	2.0E-2	1.8E-3
2100	2.2E-2	1.9E-6	3.1E-7	3.2E-5	1.4E-5	1.9E-2	1.6E-3
2200	2.1E-2	1.7E-6	2.8E-7	3.1E-5	1.3E-5	1.8E-2	1.5E-3
2300	2.0E-2	1.6E-6	2.6E-7	2.9E-5	1.3E-5	1.7E-2	1.3E-3
2400	1.9E-2	1.5E-6	2.5E-7	2.8E-5	1.2E-5	1.6E-2	1.2E-3
2500	1.8E-2	1.4E-6	2.3E-7	2.7E-5	1.2E-5	1.6E-2	1.1E-3
2600	1.7E-2	1.3E-6	2.1E-7	2.6E-5	1.1E-5	1.5E-2	1.0E-3
2700	1.6E-2	1.2E-6	2.0E-7	2.4E-5	1.1E-5	1.4E-2	9.5E-4
2800	1.6E-2	1.1E-6	1.9E-7	2.3E-5	1.0E-5	1.4E-2	8.7E-4
2900	1.5E-2	1.1E-6	1.7E-7	2.2E-5	9.7E-6	1.3E-2	8.0E-4
3000	1.4E-2	1.0E-6	1.6E-7	2.1E-5	9.3E-6	1.2E-2	7.4E-4
3100	1.4E-2	9.4E-7	1.5E-7	2.0E-5	8.9E-6	1.2E-2	6.9E-4
3200	1.3E-2	8.8E-7	1.4E-7	2.0E-5	8.5E-6	1.1E-2	6.4E-4
3300	1.2E-2	8.3E-7	1.4E-7	1.9E-5	8.1E-6	1.1E-2	6.0E-4
3400	1.2E-2	7.8E-7	1.3E-7	1.8E-5	7.8E-6	1.0E-2	5.6E-4
3500	1.1E-2	7.3E-7	1.2E-7	1.7E-5	7.4E-6	9.8E-3	5.2E-4
3600	1.1E-2	6.9E-7	1.1E-7	1.6E-5	7.1E-6	9.4E-3	4.8E-4
3650	1.0E-2	6.7E-7	1.1E-7	1.6E-5	6.9E-6	9.2E-3	4.7E-4
4000	8.8E-3	5.4E-7	8.9E-8	1.4E-5	5.9E-6	7.8E-3	3.7E-4
5000	5.5E-3	3.1E-7	5.0E-8	8.6E-6	3.8E-6	4.9E-3	2.0E-4
6000	3.5E-3	1.8E-7	2.9E-8	5.4E-6	2.4E-6	3.1E-3	1.2E-4
7000	2.2E-3	1.1E-7	1.7E-8	3.4E-6	1.5E-6	2.0E-3	6.9E-5
8000	1.4E-3	6.5E-8	1.1E-8	2.1E-6	9.4E-7	1.3E-3	4.1E-5
9000	8.9E-4	3.9E-8	6.4E-9	1.3E-6	5.9E-7	8.0E-4	2.5E-5
10000	5.7E-4	2.4E-8	4.0E-9	8.5E-7	3.7E-7	5.1E-4	1.5E-5
11000	3.6E-4	1.5E-8	2.5E-9	5.3E-7	2.3E-7	3.3E-4	9.5E-6
12000	2.3E-4	9.6E-9	1.6E-9	3.3E-7	1.5E-7	2.1E-4	6.0E-6
13000	1.5E-4	6.0E-9	9.8E-10	2.1E-7	9.2E-8	1.4E-4	3.7E-6
14000	9.5E-5	3.8E-9	6.2E-10	1.3E-7	5.8E-8	8.7E-5	2.4E-6
15000	6.1E-5	2.4E-9	4.0E-10	8.3E-8	3.6E-8	5.6E-5	1.5E-6
16000	3.9E-5	1.5E-9	2.5E-10	5.2E-8	2.3E-8	3.6E-5	9.6E-7
17000	2.5E-5	9.9E-10	1.6E-10	3.3E-8	1.4E-8	2.3E-5	6.1E-7
18000	1.6E-5	6.3E-10	1.0E-10	2.1E-8	9.0E-9	1.5E-5	3.9E-7
18250	1.4E-5	5.6E-10	-	1.8E-8	8.1E-9	1.3E-5	3.5E-7
