Radionuclide	Tc-95m
Route of Intake	Inhalation
Material	Aerosols Type S, fA=9E-3
AMTD/AMAD, µm	0.1

Content in an Organ or Excreta Sample per Intake (Reference Bioassay Functions m(t)), Bq per Bq
Time, days	Whole Body	Urine (24-hour sample)	Faeces (24-hour sample)	Alimentary Tract*	Lungs*	Thyroid*	Skeleton*	Liver*
0.041667	3.2E-1	-	-	2.6E-2	2.6E-1	7.6E-6	1.1E-5	2.6E-5
0.083333	3.2E-1	-	-	3.1E-2	2.6E-1	1.3E-5	2.0E-5	5.4E-5
0.125	3.2E-1	-	-	3.4E-2	2.5E-1	1.7E-5	3.0E-5	8.3E-5
0.25	3.2E-1	-	-	4.2E-2	2.5E-1	2.4E-5	5.7E-5	1.5E-4
0.375	3.2E-1	-	-	4.8E-2	2.5E-1	2.7E-5	8.2E-5	1.9E-4
0.5	3.2E-1	-	-	5.1E-2	2.5E-1	2.8E-5	1.0E-4	1.9E-4
0.625	3.1E-1	-	-	5.4E-2	2.5E-1	2.7E-5	1.2E-4	1.8E-4
0.75	3.1E-1	-	-	5.5E-2	2.4E-1	2.5E-5	1.3E-4	1.7E-4
0.875	3.1E-1	-	-	5.5E-2	2.4E-1	2.4E-5	1.4E-4	1.5E-4
1	3.0E-1	5.3E-4	8.6E-3	5.5E-2	2.4E-1	2.2E-5	1.5E-4	1.3E-4
1.125	3.0E-1	-	-	5.3E-2	2.4E-1	2.0E-5	1.5E-4	1.1E-4
1.25	2.9E-1	-	-	5.1E-2	2.4E-1	1.8E-5	1.5E-4	9.8E-5
1.375	2.9E-1	-	-	4.9E-2	2.4E-1	1.7E-5	1.5E-4	8.6E-5
1.5	2.9E-1	-	-	4.7E-2	2.4E-1	1.6E-5	1.5E-4	7.7E-5
1.625	2.8E-1	-	-	4.4E-2	2.4E-1	1.4E-5	1.5E-4	6.9E-5
1.75	2.8E-1	-	-	4.1E-2	2.3E-1	1.3E-5	1.5E-4	6.3E-5
1.875	2.7E-1	-	-	3.8E-2	2.3E-1	1.2E-5	1.4E-4	5.8E-5
2	2.7E-1	2.6E-4	2.9E-2	3.6E-2	2.3E-1	1.2E-5	1.4E-4	5.4E-5
2.25	2.6E-1	-	-	3.0E-2	2.3E-1	1.0E-5	1.3E-4	4.8E-5
2.5	2.5E-1	-	-	2.6E-2	2.3E-1	9.0E-6	1.3E-4	4.4E-5
2.75	2.5E-1	-	-	2.2E-2	2.3E-1	8.0E-6	1.2E-4	4.2E-5
3	2.4E-1	1.1E-4	2.2E-2	1.9E-2	2.2E-1	7.2E-6	1.1E-4	4.0E-5
3.25	2.4E-1	-	-	1.7E-2	2.2E-1	6.5E-6	1.1E-4	3.8E-5
3.5	2.3E-1	-	-	1.4E-2	2.2E-1	6.0E-6	1.0E-4	3.7E-5
3.75	2.3E-1	-	-	1.3E-2	2.2E-1	5.5E-6	9.4E-5	3.6E-5
4	2.3E-1	7.9E-5	1.2E-2	1.2E-2	2.2E-1	5.0E-6	8.9E-5	3.5E-5
4.25	2.3E-1	-	-	1.0E-2	2.1E-1	4.7E-6	8.4E-5	3.4E-5
4.5	2.2E-1	-	-	9.6E-3	2.1E-1	4.3E-6	7.9E-5	3.3E-5
4.75	2.2E-1	-	-	8.8E-3	2.1E-1	4.1E-6	7.5E-5	3.2E-5
5	2.2E-1	6.2E-5	7.1E-3	8.2E-3	2.1E-1	3.8E-6	7.1E-5	3.2E-5
5.5	2.1E-1	-	-	7.3E-3	2.1E-1	3.4E-6	6.4E-5	3.0E-5
6	2.1E-1	5.0E-5	4.9E-3	6.5E-3	2.0E-1	3.0E-6	5.7E-5	2.9E-5
6.5	2.1E-1	-	-	5.8E-3	2.0E-1	2.7E-6	5.1E-5	2.8E-5
7	2.0E-1	4.1E-5	3.8E-3	5.3E-3	2.0E-1	2.4E-6	4.6E-5	2.7E-5
7.5	2.0E-1	-	-	4.8E-3	2.0E-1	2.2E-6	4.2E-5	2.6E-5
8	2.0E-1	3.4E-5	3.1E-3	4.4E-3	1.9E-1	2.0E-6	3.8E-5	2.5E-5
8.5	2.0E-1	-	-	4.0E-3	1.9E-1	1.8E-6	3.5E-5	2.4E-5
9	1.9E-1	2.8E-5	2.6E-3	3.7E-3	1.9E-1	1.6E-6	3.2E-5	2.3E-5
9.5	1.9E-1	-	-	3.4E-3	1.9E-1	1.5E-6	2.9E-5	2.3E-5
10	1.9E-1	2.4E-5	2.1E-3	3.1E-3	1.9E-1	1.4E-6	2.7E-5	2.2E-5
11	1.9E-1	2.1E-5	1.8E-3	2.6E-3	1.8E-1	1.2E-6	2.3E-5	2.1E-5
12	1.8E-1	1.8E-5	1.5E-3	2.2E-3	1.8E-1	1.0E-6	2.0E-5	2.0E-5
13	1.8E-1	1.6E-5	1.3E-3	1.9E-3	1.8E-1	9.2E-7	1.7E-5	1.9E-5
14	1.8E-1	1.4E-5	1.1E-3	1.7E-3	1.7E-1	8.2E-7	1.5E-5	1.8E-5
15	1.7E-1	1.3E-5	9.6E-4	1.4E-3	1.7E-1	7.4E-7	1.4E-5	1.8E-5
16	1.7E-1	1.2E-5	8.4E-4	1.3E-3	1.7E-1	6.8E-7	1.3E-5	1.7E-5
17	1.7E-1	1.1E-5	7.4E-4	1.1E-3	1.7E-1	6.3E-7	1.2E-5	1.6E-5
18	1.7E-1	1.0E-5	6.6E-4	1.0E-3	1.6E-1	5.9E-7	1.1E-5	1.6E-5
19	1.6E-1	9.5E-6	5.9E-4	9.3E-4	1.6E-1	5.5E-7	1.0E-5	1.5E-5
20	1.6E-1	9.0E-6	5.4E-4	8.5E-4	1.6E-1	5.2E-7	9.8E-6	1.5E-5
21	1.6E-1	8.6E-6	4.9E-4	7.9E-4	1.6E-1	5.0E-7	9.4E-6	1.4E-5
22	1.6E-1	8.3E-6	4.5E-4	7.4E-4	1.5E-1	4.8E-7	9.1E-6	1.4E-5
23	1.5E-1	8.0E-6	4.2E-4	6.9E-4	1.5E-1	4.6E-7	8.8E-6	1.3E-5
24	1.5E-1	7.7E-6	4.0E-4	6.6E-4	1.5E-1	4.5E-7	8.5E-6	1.3E-5
25	1.5E-1	7.5E-6	3.8E-4	6.2E-4	1.5E-1	4.3E-7	8.3E-6	1.2E-5
26	1.5E-1	7.3E-6	3.6E-4	6.0E-4	1.5E-1	4.2E-7	8.1E-6	1.2E-5
27	1.5E-1	7.1E-6	3.4E-4	5.7E-4	1.4E-1	4.1E-7	8.0E-6	1.2E-5
28	1.4E-1	6.9E-6	3.3E-4	5.5E-4	1.4E-1	4.0E-7	7.8E-6	1.1E-5
29	1.4E-1	6.8E-6	3.2E-4	5.4E-4	1.4E-1	3.9E-7	7.7E-6	1.1E-5
30	1.4E-1	6.6E-6	3.1E-4	5.2E-4	1.4E-1	3.8E-7	7.6E-6	1.1E-5
31	1.4E-1	6.5E-6	3.0E-4	5.1E-4	1.4E-1	3.8E-7	7.4E-6	1.0E-5
32	1.4E-1	6.4E-6	2.9E-4	5.0E-4	1.3E-1	3.7E-7	7.3E-6	9.9E-6
33	1.3E-1	6.3E-6	2.8E-4	4.8E-4	1.3E-1	3.6E-7	7.2E-6	9.7E-6
34	1.3E-1	6.2E-6	2.8E-4	4.7E-4	1.3E-1	3.6E-7	7.1E-6	9.4E-6
35	1.3E-1	6.1E-6	2.7E-4	4.6E-4	1.3E-1	3.5E-7	7.0E-6	9.1E-6
36	1.3E-1	6.0E-6	2.6E-4	4.6E-4	1.3E-1	3.5E-7	7.0E-6	8.9E-6
37	1.3E-1	5.9E-6	2.6E-4	4.5E-4	1.3E-1	3.4E-7	6.9E-6	8.6E-6
38	1.3E-1	5.8E-6	2.5E-4	4.4E-4	1.2E-1	3.3E-7	6.8E-6	8.4E-6
39	1.2E-1	5.7E-6	2.5E-4	4.3E-4	1.2E-1	3.3E-7	6.7E-6	8.2E-6
40	1.2E-1	5.6E-6	2.5E-4	4.2E-4	1.2E-1	3.2E-7	6.6E-6	7.9E-6
41	1.2E-1	5.5E-6	2.4E-4	4.2E-4	1.2E-1	3.2E-7	6.6E-6	7.7E-6
42	1.2E-1	5.4E-6	2.4E-4	4.1E-4	1.2E-1	3.1E-7	6.5E-6	7.5E-6
43	1.2E-1	5.3E-6	2.3E-4	4.1E-4	1.2E-1	3.1E-7	6.4E-6	7.3E-6
44	1.2E-1	5.3E-6	2.3E-4	4.0E-4	1.1E-1	3.0E-7	6.3E-6	7.1E-6
45	1.1E-1	5.2E-6	2.3E-4	3.9E-4	1.1E-1	3.0E-7	6.3E-6	6.9E-6
46	1.1E-1	5.1E-6	2.2E-4	3.9E-4	1.1E-1	3.0E-7	6.2E-6	6.8E-6
47	1.1E-1	5.0E-6	2.2E-4	3.8E-4	1.1E-1	2.9E-7	6.1E-6	6.6E-6
48	1.1E-1	4.9E-6	2.2E-4	3.8E-4	1.1E-1	2.9E-7	6.1E-6	6.4E-6
49	1.1E-1	4.9E-6	2.1E-4	3.7E-4	1.1E-1	2.8E-7	6.0E-6	6.3E-6
50	1.1E-1	4.8E-6	2.1E-4	3.6E-4	1.1E-1	2.8E-7	5.9E-6	6.1E-6
51	1.1E-1	4.7E-6	2.1E-4	3.6E-4	1.0E-1	2.7E-7	5.9E-6	6.0E-6
52	1.0E-1	4.7E-6	2.0E-4	3.5E-4	1.0E-1	2.7E-7	5.8E-6	5.8E-6
53	1.0E-1	4.6E-6	2.0E-4	3.5E-4	1.0E-1	2.7E-7	5.7E-6	5.7E-6
54	1.0E-1	4.5E-6	2.0E-4	3.4E-4	1.0E-1	2.6E-7	5.7E-6	5.6E-6
55	1.0E-1	4.5E-6	2.0E-4	3.4E-4	9.9E-2	2.6E-7	5.6E-6	5.4E-6
56	9.8E-2	4.4E-6	1.9E-4	3.3E-4	9.8E-2	2.6E-7	5.6E-6	5.3E-6
57	9.7E-2	4.3E-6	1.9E-4	3.3E-4	9.7E-2	2.5E-7	5.5E-6	5.2E-6
58	9.6E-2	4.3E-6	1.9E-4	3.2E-4	9.5E-2	2.5E-7	5.4E-6	5.1E-6
59	9.4E-2	4.2E-6	1.8E-4	3.2E-4	9.4E-2	2.4E-7	5.4E-6	4.9E-6
60	9.3E-2	4.2E-6	1.8E-4	3.2E-4	9.3E-2	2.4E-7	5.3E-6	4.8E-6
61	9.2E-2	4.1E-6	1.8E-4	3.1E-4	9.2E-2	2.4E-7	5.3E-6	4.7E-6
62	9.1E-2	4.0E-6	1.8E-4	3.1E-4	9.0E-2	2.3E-7	5.2E-6	4.6E-6
63	9.0E-2	4.0E-6	1.7E-4	3.0E-4	8.9E-2	2.3E-7	5.1E-6	4.5E-6
64	8.8E-2	3.9E-6	1.7E-4	3.0E-4	8.8E-2	2.3E-7	5.1E-6	4.4E-6
65	8.7E-2	3.9E-6	1.7E-4	2.9E-4	8.7E-2	2.2E-7	5.0E-6	4.3E-6
66	8.6E-2	3.8E-6	1.7E-4	2.9E-4	8.6E-2	2.2E-7	5.0E-6	4.2E-6
67	8.5E-2	3.8E-6	1.6E-4	2.8E-4	8.5E-2	2.2E-7	4.9E-6	4.1E-6
68	8.4E-2	3.7E-6	1.6E-4	2.8E-4	8.3E-2	2.1E-7	4.9E-6	4.1E-6
69	8.3E-2	3.7E-6	1.6E-4	2.8E-4	8.2E-2	2.1E-7	4.8E-6	4.0E-6
70	8.2E-2	3.6E-6	1.6E-4	2.7E-4	8.1E-2	2.1E-7	4.8E-6	3.9E-6
71	8.0E-2	3.6E-6	1.6E-4	2.7E-4	8.0E-2	2.1E-7	4.7E-6	3.8E-6
72	7.9E-2	3.5E-6	1.5E-4	2.6E-4	7.9E-2	2.0E-7	4.7E-6	3.7E-6
73	7.8E-2	3.5E-6	1.5E-4	2.6E-4	7.8E-2	2.0E-7	4.6E-6	3.7E-6
74	7.7E-2	3.4E-6	1.5E-4	2.6E-4	7.7E-2	2.0E-7	4.6E-6	3.6E-6
75	7.6E-2	3.4E-6	1.5E-4	2.5E-4	7.6E-2	1.9E-7	4.5E-6	3.5E-6
76	7.5E-2	3.3E-6	1.4E-4	2.5E-4	7.5E-2	1.9E-7	4.5E-6	3.4E-6
77	7.4E-2	3.3E-6	1.4E-4	2.5E-4	7.4E-2	1.9E-7	4.4E-6	3.4E-6
78	7.3E-2	3.2E-6	1.4E-4	2.4E-4	7.3E-2	1.9E-7	4.4E-6	3.3E-6
79	7.2E-2	3.2E-6	1.4E-4	2.4E-4	7.2E-2	1.8E-7	4.3E-6	3.2E-6
80	7.1E-2	3.1E-6	1.4E-4	2.4E-4	7.1E-2	1.8E-7	4.3E-6	3.2E-6
81	7.0E-2	3.1E-6	1.3E-4	2.3E-4	7.0E-2	1.8E-7	4.2E-6	3.1E-6
82	6.9E-2	3.0E-6	1.3E-4	2.3E-4	6.9E-2	1.8E-7	4.2E-6	3.1E-6
83	6.9E-2	3.0E-6	1.3E-4	2.3E-4	6.8E-2	1.7E-7	4.2E-6	3.0E-6
84	6.8E-2	3.0E-6	1.3E-4	2.2E-4	6.7E-2	1.7E-7	4.1E-6	3.0E-6
85	6.7E-2	2.9E-6	1.3E-4	2.2E-4	6.6E-2	1.7E-7	4.1E-6	2.9E-6
86	6.6E-2	2.9E-6	1.2E-4	2.2E-4	6.6E-2	1.7E-7	4.0E-6	2.8E-6
87	6.5E-2	2.8E-6	1.2E-4	2.1E-4	6.5E-2	1.6E-7	4.0E-6	2.8E-6
88	6.4E-2	2.8E-6	1.2E-4	2.1E-4	6.4E-2	1.6E-7	3.9E-6	2.7E-6
89	6.3E-2	2.8E-6	1.2E-4	2.1E-4	6.3E-2	1.6E-7	3.9E-6	2.7E-6
90	6.2E-2	2.7E-6	1.2E-4	2.0E-4	6.2E-2	1.6E-7	3.9E-6	2.6E-6
91	6.2E-2	2.7E-6	1.2E-4	2.0E-4	6.1E-2	1.6E-7	3.8E-6	2.6E-6
92	6.1E-2	2.7E-6	1.1E-4	2.0E-4	6.1E-2	1.5E-7	3.8E-6	2.6E-6
93	6.0E-2	2.6E-6	1.1E-4	2.0E-4	6.0E-2	1.5E-7	3.7E-6	2.5E-6
94	5.9E-2	2.6E-6	1.1E-4	1.9E-4	5.9E-2	1.5E-7	3.7E-6	2.5E-6
95	5.8E-2	2.5E-6	1.1E-4	1.9E-4	5.8E-2	1.5E-7	3.7E-6	2.4E-6
96	5.8E-2	2.5E-6	1.1E-4	1.9E-4	5.7E-2	1.5E-7	3.6E-6	2.4E-6
97	5.7E-2	2.5E-6	1.1E-4	1.8E-4	5.7E-2	1.4E-7	3.6E-6	2.3E-6
98	5.6E-2	2.4E-6	1.0E-4	1.8E-4	5.6E-2	1.4E-7	3.5E-6	2.3E-6
99	5.5E-2	2.4E-6	1.0E-4	1.8E-4	5.5E-2	1.4E-7	3.5E-6	2.3E-6
100	5.5E-2	2.4E-6	1.0E-4	1.8E-4	5.4E-2	1.4E-7	3.5E-6	2.2E-6
110	4.8E-2	2.1E-6	8.8E-5	1.5E-4	4.8E-2	1.2E-7	3.1E-6	1.9E-6
120	4.2E-2	1.8E-6	7.6E-5	1.3E-4	4.2E-2	1.1E-7	2.8E-6	1.6E-6
130	3.7E-2	1.6E-6	6.6E-5	1.1E-4	3.7E-2	9.2E-8	2.5E-6	1.4E-6
140	3.2E-2	1.4E-6	5.7E-5	9.9E-5	3.2E-2	8.0E-8	2.3E-6	1.2E-6
150	2.8E-2	1.2E-6	5.0E-5	8.6E-5	2.8E-2	7.0E-8	2.0E-6	1.0E-6
160	2.5E-2	1.1E-6	4.3E-5	7.4E-5	2.5E-2	6.1E-8	1.8E-6	9.0E-7
170	2.2E-2	9.3E-7	3.7E-5	6.4E-5	2.2E-2	5.4E-8	1.7E-6	7.9E-7
180	1.9E-2	8.1E-7	3.2E-5	5.6E-5	1.9E-2	4.7E-8	1.5E-6	6.9E-7
190	1.7E-2	7.1E-7	2.8E-5	4.8E-5	1.7E-2	4.1E-8	1.3E-6	6.0E-7
200	1.5E-2	6.2E-7	2.4E-5	4.2E-5	1.5E-2	3.6E-8	1.2E-6	5.2E-7
210	1.3E-2	5.4E-7	2.1E-5	3.6E-5	1.3E-2	3.2E-8	1.1E-6	4.6E-7
220	1.1E-2	4.8E-7	1.8E-5	3.1E-5	1.1E-2	2.8E-8	9.7E-7	4.0E-7
230	9.9E-3	4.2E-7	1.6E-5	2.7E-5	9.9E-3	2.4E-8	8.7E-7	3.5E-7
240	8.7E-3	3.7E-7	1.4E-5	2.4E-5	8.7E-3	2.1E-8	7.8E-7	3.1E-7
250	7.7E-3	3.2E-7	1.2E-5	2.0E-5	7.6E-3	1.9E-8	7.0E-7	2.7E-7
260	6.7E-3	2.8E-7	1.0E-5	1.8E-5	6.7E-3	1.6E-8	6.3E-7	2.4E-7
270	5.9E-3	2.5E-7	8.8E-6	1.5E-5	5.9E-3	1.4E-8	5.7E-7	2.1E-7
280	5.2E-3	2.2E-7	7.6E-6	1.3E-5	5.2E-3	1.3E-8	5.1E-7	1.8E-7
290	4.6E-3	1.9E-7	6.6E-6	1.1E-5	4.6E-3	1.1E-8	4.6E-7	1.6E-7
300	4.0E-3	1.7E-7	5.7E-6	9.9E-6	4.0E-3	9.7E-9	4.1E-7	1.4E-7
310	3.5E-3	1.5E-7	4.9E-6	8.6E-6	3.5E-3	8.5E-9	3.7E-7	1.2E-7
320	3.1E-3	1.3E-7	4.3E-6	7.5E-6	3.1E-3	7.5E-9	3.3E-7	1.1E-7
330	2.7E-3	1.1E-7	3.7E-6	6.5E-6	2.7E-3	6.6E-9	3.0E-7	9.5E-8
340	2.4E-3	1.0E-7	3.2E-6	5.6E-6	2.4E-3	5.8E-9	2.7E-7	8.3E-8
350	2.1E-3	8.8E-8	2.8E-6	4.8E-6	2.1E-3	5.1E-9	2.4E-7	7.3E-8
360	1.9E-3	7.7E-8	2.4E-6	4.2E-6	1.9E-3	4.5E-9	2.1E-7	6.4E-8
365	1.8E-3	7.2E-8	2.2E-6	3.9E-6	1.8E-3	4.2E-9	2.0E-7	6.0E-8
370	1.6E-3	6.8E-8	2.1E-6	3.6E-6	1.6E-3	3.9E-9	1.9E-7	5.6E-8
380	1.5E-3	6.0E-8	1.8E-6	3.2E-6	1.4E-3	3.5E-9	1.7E-7	5.0E-8
390	1.3E-3	5.2E-8	1.6E-6	2.7E-6	1.3E-3	3.0E-9	1.5E-7	4.4E-8
400	1.1E-3	4.6E-8	1.4E-6	2.4E-6	1.1E-3	2.7E-9	1.4E-7	3.8E-8
410	1.0E-3	4.1E-8	1.2E-6	2.0E-6	9.9E-4	2.4E-9	1.2E-7	3.4E-8
420	8.8E-4	3.6E-8	1.0E-6	1.8E-6	8.8E-4	2.1E-9	1.1E-7	3.0E-8
430	7.7E-4	3.1E-8	8.8E-7	1.5E-6	7.7E-4	1.8E-9	1.0E-7	2.6E-8
440	6.8E-4	2.8E-8	7.6E-7	1.3E-6	6.8E-4	1.6E-9	8.9E-8	2.3E-8
450	6.0E-4	2.4E-8	6.6E-7	1.2E-6	6.0E-4	1.4E-9	8.0E-8	2.0E-8
460	5.3E-4	2.2E-8	5.7E-7	1.0E-6	5.3E-4	1.2E-9	7.2E-8	1.8E-8
470	4.7E-4	1.9E-8	5.0E-7	8.7E-7	4.7E-4	1.1E-9	6.4E-8	1.6E-8
480	4.1E-4	1.7E-8	4.3E-7	7.5E-7	4.1E-4	9.7E-10	5.8E-8	1.4E-8
490	3.7E-4	1.5E-8	3.7E-7	6.5E-7	3.7E-4	8.5E-10	5.2E-8	1.2E-8
500	3.2E-4	1.3E-8	3.2E-7	5.7E-7	3.2E-4	7.5E-10	4.6E-8	1.1E-8
510	2.9E-4	1.1E-8	2.8E-7	4.9E-7	2.9E-4	6.6E-10	4.1E-8	9.5E-9
520	2.5E-4	1.0E-8	2.4E-7	4.2E-7	2.5E-4	5.9E-10	3.7E-8	8.4E-9
530	2.2E-4	8.9E-9	2.1E-7	3.7E-7	2.2E-4	5.2E-10	3.3E-8	7.4E-9
540	2.0E-4	7.9E-9	1.8E-7	3.2E-7	2.0E-4	4.6E-10	3.0E-8	6.5E-9
550	1.7E-4	6.9E-9	1.6E-7	2.8E-7	1.7E-4	4.0E-10	2.7E-8	5.7E-9
560	1.5E-4	6.1E-9	1.4E-7	2.4E-7	1.5E-4	3.6E-10	2.4E-8	5.1E-9
570	1.4E-4	5.4E-9	1.2E-7	2.1E-7	1.4E-4	3.1E-10	2.1E-8	4.5E-9
580	1.2E-4	4.8E-9	1.0E-7	1.8E-7	1.2E-4	2.8E-10	1.9E-8	3.9E-9
590	1.1E-4	4.2E-9	8.9E-8	1.6E-7	1.1E-4	2.5E-10	1.7E-8	3.5E-9
600	9.4E-5	3.7E-9	7.7E-8	1.4E-7	9.4E-5	2.2E-10	1.5E-8	3.1E-9
610	8.4E-5	3.3E-9	6.7E-8	1.2E-7	8.3E-5	1.9E-10	1.4E-8	2.7E-9
620	7.4E-5	2.9E-9	5.8E-8	1.0E-7	7.4E-5	1.7E-10	1.2E-8	2.4E-9
630	6.6E-5	2.6E-9	5.0E-8	8.8E-8	6.5E-5	1.5E-10	1.1E-8	2.1E-9
640	5.8E-5	2.3E-9	4.4E-8	7.7E-8	5.8E-5	1.3E-10	9.9E-9	1.9E-9
650	5.1E-5	2.0E-9	3.8E-8	6.7E-8	5.1E-5	1.2E-10	8.9E-9	1.7E-9
660	4.6E-5	1.8E-9	3.3E-8	5.8E-8	4.5E-5	1.0E-10	7.9E-9	1.5E-9
670	4.0E-5	1.6E-9	2.8E-8	5.0E-8	4.0E-5	-	7.1E-9	1.3E-9
680	3.6E-5	1.4E-9	2.5E-8	4.3E-8	3.6E-5	-	6.3E-9	1.1E-9
690	3.2E-5	1.2E-9	2.1E-8	3.8E-8	3.2E-5	-	5.7E-9	1.0E-9
700	2.8E-5	1.1E-9	1.9E-8	3.3E-8	2.8E-5	-	5.1E-9	9.0E-10
710	2.5E-5	9.7E-10	1.6E-8	2.8E-8	2.5E-5	-	4.6E-9	8.0E-10
720	2.2E-5	8.6E-10	1.4E-8	2.5E-8	2.2E-5	-	4.1E-9	7.0E-10
730	2.0E-5	7.6E-10	1.2E-8	2.1E-8	2.0E-5	-	3.6E-9	6.2E-10
740	1.7E-5	6.7E-10	1.1E-8	1.9E-8	1.7E-5	-	3.3E-9	5.5E-10
750	1.5E-5	6.0E-10	9.1E-9	1.6E-8	1.5E-5	-	2.9E-9	4.9E-10
760	1.4E-5	5.3E-10	7.9E-9	1.4E-8	1.4E-5	-	2.6E-9	4.3E-10
770	1.2E-5	4.7E-10	6.9E-9	1.2E-8	1.2E-5	-	2.3E-9	3.8E-10
780	1.1E-5	4.1E-10	6.0E-9	1.1E-8	1.1E-5	-	2.1E-9	3.4E-10
790	9.5E-6	3.7E-10	5.2E-9	9.2E-9	9.5E-6	-	1.9E-9	3.0E-10
800	8.5E-6	3.3E-10	4.5E-9	8.0E-9	8.4E-6	-	1.7E-9	2.7E-10
810	7.5E-6	2.9E-10	3.9E-9	6.9E-9	7.5E-6	-	1.3E-9	2.4E-10
820	6.7E-6	2.6E-10	3.4E-9	6.0E-9	6.7E-6	-	1.2E-9	2.1E-10
830	5.9E-6	2.3E-10	2.9E-9	5.2E-9	5.9E-6	-	1.1E-9	1.9E-10
840	5.3E-6	2.0E-10	2.5E-9	4.5E-9	5.2E-6	-	9.5E-10	1.6E-10
850	4.7E-6	1.8E-10	2.2E-9	4.0E-9	4.7E-6	-	8.5E-10	1.5E-10
860	4.1E-6	1.6E-10	1.9E-9	3.4E-9	4.1E-6	-	7.6E-10	1.3E-10
870	3.7E-6	1.4E-10	1.7E-9	2.9E-9	3.7E-6	-	6.8E-10	1.2E-10
880	3.3E-6	1.3E-10	1.4E-9	2.5E-9	3.3E-6	-	6.1E-10	-
890	2.9E-6	1.1E-10	1.3E-9	2.2E-9	2.9E-6	-	5.5E-10	-
900	2.6E-6	-	1.1E-9	1.9E-9	2.6E-6	-	4.9E-10	-
910	2.3E-6	-	9.5E-10	1.6E-9	2.3E-6	-	4.4E-10	-
920	2.0E-6	-	8.2E-10	1.4E-9	2.0E-6	-	3.9E-10	-
930	1.8E-6	-	7.2E-10	1.2E-9	1.8E-6	-	3.5E-10	-
940	1.6E-6	-	6.2E-10	9.4E-10	1.6E-6	-	3.1E-10	-
950	1.4E-6	-	5.4E-10	8.2E-10	1.4E-6	-	2.8E-10	-
960	1.3E-6	-	4.7E-10	7.1E-10	1.3E-6	-	2.5E-10	-
970	1.1E-6	-	4.1E-10	6.2E-10	1.1E-6	-	1.3E-10	-
980	1.0E-6	-	3.6E-10	5.4E-10	1.0E-6	-	1.1E-10	-
990	8.9E-7	-	3.1E-10	4.7E-10	8.9E-7	-	1.0E-10	-
1000	7.9E-7	-	2.7E-10	4.1E-10	7.9E-7	-	-	-
1010	7.1E-7	-	2.3E-10	3.5E-10	7.1E-7	-	-	-
1020	6.3E-7	-	2.0E-10	3.1E-10	6.3E-7	-	-	-
1030	5.6E-7	-	1.8E-10	-	5.6E-7	-	-	-
1040	5.0E-7	-	1.5E-10	-	5.0E-7	-	-	-
1050	4.4E-7	-	1.3E-10	-	4.4E-7	-	-	-
1060	3.9E-7	-	1.2E-10	-	3.9E-7	-	-	-
1070	3.5E-7	-	1.0E-10	-	3.5E-7	-	-	-
1080	3.1E-7	-	-	-	3.1E-7	-	-	-
1090	2.8E-7	-	-	-	2.8E-7	-	-	-
1095	2.6E-7	-	-	-	2.6E-7	-	-	-
1100	2.5E-7	-	-	-	2.5E-7	-	-	-
1200	7.7E-8	-	-	-	7.7E-8	-	-	-
1300	2.4E-8	-	-	-	2.4E-8	-	-	-
1400	7.6E-9	-	-	-	7.6E-9	-	-	-
1500	2.4E-9	-	-	-	2.2E-9	-	-	-
1600	7.6E-10	-	-	-	7.1E-10	-	-	-
1700	2.4E-10	-	-	-	2.2E-10	-	-	-
