Radionuclide	Re-186m
Route of Intake	Inhalation
Material	Aerosols Type F, fA=0.9
AMTD/AMAD, µm	0.3

Content in an Organ or Excreta Sample per Intake (Reference Bioassay Functions m(t)), Bq per Bq
Time, days	Whole Body	Urine (24-hour sample)	Faeces (24-hour sample)	Alimentary Tract*	Lungs*	Thyroid*	Skeleton*	Liver*
0.041667	2.9E-1	-	-	4.4E-2	6.0E-2	3.5E-3	4.9E-3	1.2E-2
0.083333	2.9E-1	-	-	5.4E-2	2.2E-2	3.8E-3	6.3E-3	1.8E-2
0.125	2.9E-1	-	-	6.1E-2	1.1E-2	3.7E-3	7.3E-3	2.2E-2
0.25	2.7E-1	-	-	7.4E-2	5.0E-3	3.0E-3	9.5E-3	2.3E-2
0.375	2.6E-1	-	-	8.4E-2	3.9E-3	2.6E-3	1.1E-2	2.0E-2
0.5	2.5E-1	-	-	9.1E-2	3.2E-3	2.3E-3	1.2E-2	1.6E-2
0.625	2.4E-1	-	-	9.7E-2	2.7E-3	2.1E-3	1.3E-2	1.3E-2
0.75	2.3E-1	-	-	1.0E-1	2.3E-3	1.9E-3	1.3E-2	1.1E-2
0.875	2.2E-1	-	-	1.0E-1	2.0E-3	1.7E-3	1.3E-2	9.1E-3
1	2.2E-1	5.4E-2	7.2E-3	1.0E-1	1.7E-3	1.5E-3	1.3E-2	7.7E-3
1.125	2.1E-1	-	-	1.0E-1	1.5E-3	1.4E-3	1.3E-2	6.7E-3
1.25	2.0E-1	-	-	1.0E-1	1.4E-3	1.3E-3	1.3E-2	5.9E-3
1.375	2.0E-1	-	-	1.0E-1	1.3E-3	1.2E-3	1.3E-2	5.2E-3
1.5	1.9E-1	-	-	1.0E-1	1.2E-3	1.1E-3	1.2E-2	4.7E-3
1.625	1.8E-1	-	-	9.7E-2	1.1E-3	1.0E-3	1.2E-2	4.4E-3
1.75	1.8E-1	-	-	9.3E-2	1.0E-3	9.2E-4	1.2E-2	4.1E-3
1.875	1.7E-1	-	-	9.0E-2	9.8E-4	8.6E-4	1.1E-2	3.8E-3
2	1.6E-1	1.5E-2	3.7E-2	8.6E-2	9.3E-4	8.0E-4	1.1E-2	3.6E-3
2.25	1.5E-1	-	-	7.8E-2	8.5E-4	6.9E-4	1.0E-2	3.3E-3
2.5	1.4E-1	-	-	6.9E-2	7.8E-4	6.1E-4	9.8E-3	3.1E-3
2.75	1.2E-1	-	-	6.2E-2	7.2E-4	5.4E-4	9.2E-3	3.0E-3
3	1.1E-1	7.0E-3	4.2E-2	5.4E-2	6.8E-4	4.8E-4	8.6E-3	2.8E-3
3.25	1.0E-1	-	-	4.8E-2	6.3E-4	4.3E-4	8.1E-3	2.7E-3
3.5	9.5E-2	-	-	4.2E-2	5.9E-4	3.9E-4	7.6E-3	2.6E-3
3.75	8.7E-2	-	-	3.7E-2	5.5E-4	3.5E-4	7.1E-3	2.6E-3
4	8.0E-2	4.9E-3	2.9E-2	3.3E-2	5.2E-4	3.2E-4	6.6E-3	2.5E-3
4.25	7.4E-2	-	-	2.9E-2	4.9E-4	2.9E-4	6.2E-3	2.4E-3
4.5	6.8E-2	-	-	2.6E-2	4.6E-4	2.7E-4	5.8E-3	2.3E-3
4.75	6.3E-2	-	-	2.3E-2	4.3E-4	2.5E-4	5.4E-3	2.3E-3
5	5.9E-2	3.6E-3	1.7E-2	2.1E-2	4.1E-4	2.3E-4	5.1E-3	2.2E-3
5.5	5.1E-2	-	-	1.7E-2	3.6E-4	1.9E-4	4.5E-3	2.1E-3
6	4.5E-2	2.8E-3	1.1E-2	1.5E-2	3.2E-4	1.7E-4	3.9E-3	2.0E-3
6.5	4.0E-2	-	-	1.2E-2	2.9E-4	1.4E-4	3.5E-3	2.0E-3
7	3.6E-2	2.1E-3	7.2E-3	1.1E-2	2.6E-4	1.2E-4	3.1E-3	1.9E-3
7.5	3.2E-2	-	-	9.2E-3	2.3E-4	1.1E-4	2.7E-3	1.8E-3
8	2.9E-2	1.6E-3	5.2E-3	8.0E-3	2.1E-4	9.5E-5	2.4E-3	1.7E-3
8.5	2.6E-2	-	-	7.0E-3	1.9E-4	8.3E-5	2.1E-3	1.7E-3
9	2.4E-2	1.2E-3	3.8E-3	6.1E-3	1.7E-4	7.3E-5	1.9E-3	1.6E-3
9.5	2.2E-2	-	-	5.4E-3	1.5E-4	6.4E-5	1.7E-3	1.6E-3
10	2.0E-2	9.6E-4	2.9E-3	4.7E-3	1.4E-4	5.6E-5	1.5E-3	1.5E-3
11	1.7E-2	7.5E-4	2.2E-3	3.7E-3	1.2E-4	4.4E-5	1.2E-3	1.5E-3
12	1.5E-2	5.9E-4	1.7E-3	2.9E-3	1.0E-4	3.4E-5	1.0E-3	1.4E-3
13	1.3E-2	4.6E-4	1.3E-3	2.3E-3	8.7E-5	2.7E-5	8.5E-4	1.3E-3
14	1.2E-2	3.7E-4	1.0E-3	1.8E-3	7.7E-5	2.2E-5	7.2E-4	1.3E-3
15	1.1E-2	3.0E-4	8.3E-4	1.5E-3	6.9E-5	1.7E-5	6.3E-4	1.2E-3
16	9.7E-3	2.5E-4	6.6E-4	1.2E-3	6.2E-5	1.4E-5	5.6E-4	1.2E-3
17	8.9E-3	2.0E-4	5.3E-4	9.9E-4	5.7E-5	1.2E-5	5.0E-4	1.1E-3
18	8.3E-3	1.7E-4	4.3E-4	8.3E-4	5.3E-5	1.0E-5	4.6E-4	1.1E-3
19	7.8E-3	1.5E-4	3.6E-4	7.1E-4	4.9E-5	8.6E-6	4.3E-4	1.1E-3
20	7.4E-3	1.3E-4	3.0E-4	6.2E-4	4.6E-5	7.5E-6	4.0E-4	1.0E-3
21	7.0E-3	1.1E-4	2.6E-4	5.4E-4	4.3E-5	6.6E-6	3.9E-4	9.8E-4
22	6.7E-3	1.0E-4	2.2E-4	4.9E-4	4.1E-5	5.9E-6	3.7E-4	9.5E-4
23	6.4E-3	9.2E-5	2.0E-4	4.4E-4	3.9E-5	5.3E-6	3.6E-4	9.1E-4
24	6.2E-3	8.4E-5	1.8E-4	4.0E-4	3.8E-5	4.9E-6	3.5E-4	8.8E-4
25	5.9E-3	7.8E-5	1.6E-4	3.7E-4	3.6E-5	4.5E-6	3.4E-4	8.5E-4
26	5.7E-3	7.3E-5	1.5E-4	3.5E-4	3.5E-5	4.2E-6	3.4E-4	8.2E-4
27	5.5E-3	6.8E-5	1.3E-4	3.2E-4	3.3E-5	4.0E-6	3.3E-4	8.0E-4
28	5.3E-3	6.5E-5	1.3E-4	3.1E-4	3.2E-5	3.7E-6	3.3E-4	7.7E-4
29	5.1E-3	6.1E-5	1.2E-4	2.9E-4	3.1E-5	3.6E-6	3.3E-4	7.5E-4
30	5.0E-3	5.9E-5	1.1E-4	2.8E-4	3.0E-5	3.4E-6	3.3E-4	7.2E-4
31	4.8E-3	5.6E-5	1.1E-4	2.6E-4	2.9E-5	3.2E-6	3.2E-4	7.0E-4
32	4.6E-3	5.4E-5	1.0E-4	2.5E-4	2.8E-5	3.1E-6	3.2E-4	6.7E-4
33	4.5E-3	5.2E-5	9.6E-5	2.4E-4	2.7E-5	3.0E-6	3.2E-4	6.5E-4
34	4.4E-3	5.0E-5	9.2E-5	2.3E-4	2.6E-5	2.9E-6	3.2E-4	6.3E-4
35	4.2E-3	4.8E-5	8.8E-5	2.3E-4	2.5E-5	2.8E-6	3.2E-4	6.1E-4
36	4.1E-3	4.6E-5	8.5E-5	2.2E-4	2.4E-5	2.7E-6	3.2E-4	5.9E-4
37	4.0E-3	4.4E-5	8.1E-5	2.1E-4	2.3E-5	2.6E-6	3.1E-4	5.7E-4
38	3.8E-3	4.3E-5	7.9E-5	2.0E-4	2.3E-5	2.5E-6	3.1E-4	5.5E-4
39	3.7E-3	4.1E-5	7.6E-5	2.0E-4	2.2E-5	2.4E-6	3.1E-4	5.3E-4
40	3.6E-3	4.0E-5	7.3E-5	1.9E-4	2.1E-5	2.3E-6	3.1E-4	5.2E-4
41	3.5E-3	3.9E-5	7.1E-5	1.8E-4	2.0E-5	2.2E-6	3.1E-4	5.0E-4
42	3.4E-3	3.7E-5	6.8E-5	1.8E-4	2.0E-5	2.2E-6	3.1E-4	4.8E-4
43	3.3E-3	3.6E-5	6.6E-5	1.7E-4	1.9E-5	2.1E-6	3.1E-4	4.7E-4
44	3.2E-3	3.5E-5	6.4E-5	1.6E-4	1.8E-5	2.0E-6	3.1E-4	4.5E-4
45	3.1E-3	3.4E-5	6.2E-5	1.6E-4	1.8E-5	2.0E-6	3.1E-4	4.4E-4
46	3.0E-3	3.3E-5	6.0E-5	1.5E-4	1.7E-5	1.9E-6	3.1E-4	4.2E-4
47	2.9E-3	3.2E-5	5.8E-5	1.5E-4	1.7E-5	1.8E-6	3.1E-4	4.1E-4
48	2.8E-3	3.1E-5	5.6E-5	1.4E-4	1.6E-5	1.8E-6	3.0E-4	4.0E-4
49	2.7E-3	3.0E-5	5.4E-5	1.4E-4	1.6E-5	1.7E-6	3.0E-4	3.8E-4
50	2.7E-3	2.9E-5	5.2E-5	1.3E-4	1.5E-5	1.7E-6	3.0E-4	3.7E-4
51	2.6E-3	2.8E-5	5.0E-5	1.3E-4	1.5E-5	1.6E-6	3.0E-4	3.6E-4
52	2.5E-3	2.7E-5	4.9E-5	1.3E-4	1.4E-5	1.5E-6	3.0E-4	3.5E-4
53	2.4E-3	2.6E-5	4.7E-5	1.2E-4	1.4E-5	1.5E-6	3.0E-4	3.4E-4
54	2.4E-3	2.5E-5	4.6E-5	1.2E-4	1.3E-5	1.4E-6	3.0E-4	3.2E-4
55	2.3E-3	2.4E-5	4.4E-5	1.1E-4	1.3E-5	1.4E-6	3.0E-4	3.1E-4
56	2.2E-3	2.3E-5	4.3E-5	1.1E-4	1.2E-5	1.4E-6	3.0E-4	3.0E-4
57	2.2E-3	2.3E-5	4.1E-5	1.1E-4	1.2E-5	1.3E-6	3.0E-4	2.9E-4
58	2.1E-3	2.2E-5	4.0E-5	1.0E-4	1.2E-5	1.3E-6	3.0E-4	2.8E-4
59	2.1E-3	2.1E-5	3.9E-5	1.0E-4	1.1E-5	1.2E-6	3.0E-4	2.7E-4
60	2.0E-3	2.0E-5	3.7E-5	9.7E-5	1.1E-5	1.2E-6	3.0E-4	2.7E-4
61	1.9E-3	2.0E-5	3.6E-5	9.4E-5	1.0E-5	1.1E-6	3.0E-4	2.6E-4
62	1.9E-3	1.9E-5	3.5E-5	9.1E-5	1.0E-5	1.1E-6	3.0E-4	2.5E-4
63	1.8E-3	1.9E-5	3.4E-5	8.8E-5	9.8E-6	1.1E-6	3.0E-4	2.4E-4
64	1.8E-3	1.8E-5	3.3E-5	8.5E-5	9.5E-6	1.0E-6	3.0E-4	2.3E-4
65	1.7E-3	1.7E-5	3.2E-5	8.2E-5	9.2E-6	1.0E-6	3.0E-4	2.3E-4
66	1.7E-3	1.7E-5	3.1E-5	7.9E-5	8.9E-6	9.7E-7	3.0E-4	2.2E-4
67	1.6E-3	1.6E-5	3.0E-5	7.7E-5	8.6E-6	9.4E-7	2.9E-4	2.1E-4
68	1.6E-3	1.6E-5	2.9E-5	7.4E-5	8.3E-6	9.1E-7	2.9E-4	2.0E-4
69	1.6E-3	1.5E-5	2.8E-5	7.2E-5	8.0E-6	8.8E-7	2.9E-4	2.0E-4
70	1.5E-3	1.5E-5	2.7E-5	6.9E-5	7.8E-6	8.5E-7	2.9E-4	1.9E-4
71	1.5E-3	1.4E-5	2.6E-5	6.7E-5	7.5E-6	8.2E-7	2.9E-4	1.8E-4
72	1.4E-3	1.4E-5	2.5E-5	6.5E-5	7.3E-6	7.9E-7	2.9E-4	1.8E-4
73	1.4E-3	1.3E-5	2.4E-5	6.3E-5	7.0E-6	7.7E-7	2.9E-4	1.7E-4
74	1.4E-3	1.3E-5	2.3E-5	6.1E-5	6.8E-6	7.4E-7	2.9E-4	1.7E-4
75	1.3E-3	1.2E-5	2.3E-5	5.9E-5	6.6E-6	7.2E-7	2.9E-4	1.6E-4
76	1.3E-3	1.2E-5	2.2E-5	5.7E-5	6.4E-6	7.0E-7	2.9E-4	1.6E-4
77	1.3E-3	1.2E-5	2.1E-5	5.5E-5	6.2E-6	6.7E-7	2.9E-4	1.5E-4
78	1.2E-3	1.1E-5	2.1E-5	5.3E-5	6.0E-6	6.5E-7	2.9E-4	1.5E-4
79	1.2E-3	1.1E-5	2.0E-5	5.1E-5	5.8E-6	6.3E-7	2.9E-4	1.4E-4
80	1.2E-3	1.1E-5	1.9E-5	5.0E-5	5.6E-6	6.1E-7	2.9E-4	1.4E-4
81	1.1E-3	1.0E-5	1.9E-5	4.8E-5	5.4E-6	5.9E-7	2.9E-4	1.3E-4
82	1.1E-3	9.9E-6	1.8E-5	4.7E-5	5.2E-6	5.7E-7	2.9E-4	1.3E-4
83	1.1E-3	9.5E-6	1.7E-5	4.5E-5	5.0E-6	5.5E-7	2.9E-4	1.2E-4
84	1.1E-3	9.2E-6	1.7E-5	4.4E-5	4.9E-6	5.3E-7	2.9E-4	1.2E-4
85	1.0E-3	8.9E-6	1.6E-5	4.2E-5	4.7E-6	5.2E-7	2.9E-4	1.2E-4
86	1.0E-3	8.6E-6	1.6E-5	4.1E-5	4.6E-6	5.0E-7	2.9E-4	1.1E-4
87	9.8E-4	8.4E-6	1.5E-5	3.9E-5	4.4E-6	4.8E-7	2.9E-4	1.1E-4
88	9.6E-4	8.1E-6	1.5E-5	3.8E-5	4.3E-6	4.7E-7	2.9E-4	1.0E-4
89	9.3E-4	7.8E-6	1.4E-5	3.7E-5	4.1E-6	4.5E-7	2.9E-4	1.0E-4
90	9.1E-4	7.6E-6	1.4E-5	3.6E-5	4.0E-6	4.4E-7	2.9E-4	9.8E-5
91	8.9E-4	7.3E-6	1.3E-5	3.5E-5	3.9E-6	4.2E-7	2.9E-4	9.5E-5
92	8.7E-4	7.1E-6	1.3E-5	3.3E-5	3.7E-6	4.1E-7	2.9E-4	9.2E-5
93	8.5E-4	6.9E-6	1.2E-5	3.2E-5	3.6E-6	4.0E-7	2.9E-4	8.9E-5
94	8.3E-4	6.6E-6	1.2E-5	3.1E-5	3.5E-6	3.8E-7	2.9E-4	8.6E-5
95	8.2E-4	6.4E-6	1.2E-5	3.0E-5	3.4E-6	3.7E-7	2.9E-4	8.3E-5
96	8.0E-4	6.2E-6	1.1E-5	2.9E-5	3.3E-6	3.6E-7	2.9E-4	8.0E-5
97	7.8E-4	6.0E-6	1.1E-5	2.8E-5	3.2E-6	3.5E-7	2.9E-4	7.8E-5
98	7.7E-4	5.8E-6	1.1E-5	2.7E-5	3.1E-6	3.4E-7	2.9E-4	7.5E-5
99	7.5E-4	5.6E-6	1.0E-5	2.7E-5	3.0E-6	3.2E-7	2.9E-4	7.3E-5
100	7.3E-4	5.4E-6	9.9E-6	2.6E-5	2.9E-6	3.1E-7	2.9E-4	7.0E-5
110	6.1E-4	3.9E-6	7.1E-6	1.8E-5	2.1E-6	2.3E-7	2.8E-4	5.0E-5
120	5.1E-4	2.8E-6	5.1E-6	1.3E-5	1.5E-6	1.6E-7	2.8E-4	3.6E-5
130	4.5E-4	2.0E-6	3.7E-6	9.5E-6	1.1E-6	1.2E-7	2.8E-4	2.6E-5
140	4.0E-4	1.5E-6	2.7E-6	6.9E-6	7.6E-7	8.4E-8	2.8E-4	1.9E-5
150	3.6E-4	1.1E-6	1.9E-6	5.0E-6	5.5E-7	6.1E-8	2.8E-4	1.3E-5
160	3.4E-4	7.6E-7	1.4E-6	3.6E-6	3.9E-7	4.4E-8	2.8E-4	9.6E-6
170	3.2E-4	5.6E-7	1.0E-6	2.6E-6	2.8E-7	3.2E-8	2.8E-4	6.9E-6
180	3.1E-4	4.1E-7	7.4E-7	1.9E-6	2.0E-7	2.4E-8	2.8E-4	4.9E-6
190	3.0E-4	3.0E-7	5.4E-7	1.4E-6	1.5E-7	1.7E-8	2.8E-4	3.5E-6
200	2.9E-4	2.2E-7	4.0E-7	1.0E-6	1.1E-7	1.3E-8	2.7E-4	2.6E-6
210	2.9E-4	1.7E-7	3.0E-7	7.7E-7	7.7E-8	9.7E-9	2.7E-4	1.8E-6
220	2.8E-4	1.3E-7	2.3E-7	5.8E-7	5.6E-8	7.4E-9	2.7E-4	1.3E-6
230	2.8E-4	1.0E-7	1.8E-7	4.5E-7	4.1E-8	5.8E-9	2.7E-4	9.6E-7
240	2.8E-4	7.9E-8	1.4E-7	3.5E-7	3.0E-8	4.6E-9	2.7E-4	6.9E-7
250	2.7E-4	6.5E-8	1.1E-7	2.8E-7	2.2E-8	3.7E-9	2.7E-4	5.0E-7
260	2.7E-4	5.4E-8	9.5E-8	2.3E-7	1.7E-8	3.1E-9	2.7E-4	3.7E-7
270	2.7E-4	4.6E-8	8.2E-8	2.0E-7	1.3E-8	2.7E-9	2.7E-4	2.7E-7
280	2.7E-4	4.1E-8	7.2E-8	1.7E-7	1.0E-8	2.4E-9	2.7E-4	2.0E-7
290	2.7E-4	3.7E-8	6.4E-8	1.5E-7	7.9E-9	2.1E-9	2.7E-4	1.5E-7
300	2.7E-4	3.4E-8	5.9E-8	1.4E-7	6.4E-9	2.0E-9	2.7E-4	1.1E-7
310	2.7E-4	3.2E-8	5.5E-8	1.3E-7	5.4E-9	1.9E-9	2.7E-4	8.7E-8
320	2.7E-4	3.1E-8	5.3E-8	1.2E-7	4.6E-9	1.8E-9	2.7E-4	6.9E-8
330	2.7E-4	2.9E-8	5.0E-8	1.2E-7	4.1E-9	1.7E-9	2.6E-4	5.5E-8
340	2.6E-4	2.9E-8	4.9E-8	1.1E-7	3.7E-9	1.7E-9	2.6E-4	4.6E-8
350	2.6E-4	2.8E-8	4.8E-8	1.1E-7	3.4E-9	1.6E-9	2.6E-4	3.9E-8
360	2.6E-4	2.7E-8	4.7E-8	1.1E-7	3.2E-9	1.6E-9	2.6E-4	3.4E-8
365	2.6E-4	2.7E-8	4.7E-8	1.1E-7	3.1E-9	1.6E-9	2.6E-4	3.2E-8
370	2.6E-4	2.7E-8	4.6E-8	1.1E-7	3.0E-9	1.6E-9	2.6E-4	3.0E-8
380	2.6E-4	2.7E-8	4.6E-8	1.1E-7	2.9E-9	1.6E-9	2.6E-4	2.8E-8
390	2.6E-4	2.6E-8	4.5E-8	1.0E-7	2.8E-9	1.5E-9	2.6E-4	2.6E-8
400	2.6E-4	2.6E-8	4.5E-8	1.0E-7	2.8E-9	1.5E-9	2.6E-4	2.4E-8
410	2.6E-4	2.6E-8	4.5E-8	1.0E-7	2.7E-9	1.5E-9	2.6E-4	2.3E-8
420	2.6E-4	2.6E-8	4.4E-8	1.0E-7	2.7E-9	1.5E-9	2.6E-4	2.3E-8
430	2.6E-4	2.6E-8	4.4E-8	1.0E-7	2.6E-9	1.5E-9	2.6E-4	2.2E-8
440	2.6E-4	2.6E-8	4.4E-8	1.0E-7	2.6E-9	1.5E-9	2.6E-4	2.2E-8
450	2.6E-4	2.6E-8	4.4E-8	1.0E-7	2.6E-9	1.5E-9	2.6E-4	2.1E-8
460	2.6E-4	2.5E-8	4.3E-8	9.9E-8	2.6E-9	1.5E-9	2.6E-4	2.1E-8
470	2.6E-4	2.5E-8	4.3E-8	9.9E-8	2.6E-9	1.5E-9	2.5E-4	2.1E-8
480	2.5E-4	2.5E-8	4.3E-8	9.9E-8	2.5E-9	1.5E-9	2.5E-4	2.1E-8
490	2.5E-4	2.5E-8	4.3E-8	9.8E-8	2.5E-9	1.5E-9	2.5E-4	2.1E-8
500	2.5E-4	2.5E-8	4.3E-8	9.8E-8	2.5E-9	1.4E-9	2.5E-4	2.0E-8
510	2.5E-4	2.5E-8	4.2E-8	9.7E-8	2.5E-9	1.4E-9	2.5E-4	2.0E-8
520	2.5E-4	2.5E-8	4.2E-8	9.7E-8	2.5E-9	1.4E-9	2.5E-4	2.0E-8
530	2.5E-4	2.5E-8	4.2E-8	9.6E-8	2.5E-9	1.4E-9	2.5E-4	2.0E-8
540	2.5E-4	2.5E-8	4.2E-8	9.6E-8	2.5E-9	1.4E-9	2.5E-4	2.0E-8
550	2.5E-4	2.4E-8	4.2E-8	9.6E-8	2.5E-9	1.4E-9	2.5E-4	2.0E-8
560	2.5E-4	2.4E-8	4.2E-8	9.5E-8	2.4E-9	1.4E-9	2.5E-4	2.0E-8
570	2.5E-4	2.4E-8	4.1E-8	9.5E-8	2.4E-9	1.4E-9	2.5E-4	2.0E-8
580	2.5E-4	2.4E-8	4.1E-8	9.4E-8	2.4E-9	1.4E-9	2.5E-4	2.0E-8
590	2.5E-4	2.4E-8	4.1E-8	9.4E-8	2.4E-9	1.4E-9	2.5E-4	2.0E-8
600	2.5E-4	2.4E-8	4.1E-8	9.4E-8	2.4E-9	1.4E-9	2.5E-4	1.9E-8
610	2.5E-4	2.4E-8	4.1E-8	9.3E-8	2.4E-9	1.4E-9	2.5E-4	1.9E-8
620	2.5E-4	2.4E-8	4.0E-8	9.3E-8	2.4E-9	1.4E-9	2.5E-4	1.9E-8
630	2.4E-4	2.4E-8	4.0E-8	9.2E-8	2.4E-9	1.4E-9	2.4E-4	1.9E-8
640	2.4E-4	2.4E-8	4.0E-8	9.2E-8	2.4E-9	1.4E-9	2.4E-4	1.9E-8
650	2.4E-4	2.3E-8	4.0E-8	9.2E-8	2.4E-9	1.4E-9	2.4E-4	1.9E-8
660	2.4E-4	2.3E-8	4.0E-8	9.1E-8	2.3E-9	1.4E-9	2.4E-4	1.9E-8
670	2.4E-4	2.3E-8	4.0E-8	9.1E-8	2.3E-9	1.3E-9	2.4E-4	1.9E-8
680	2.4E-4	2.3E-8	3.9E-8	9.0E-8	2.3E-9	1.3E-9	2.4E-4	1.9E-8
690	2.4E-4	2.3E-8	3.9E-8	9.0E-8	2.3E-9	1.3E-9	2.4E-4	1.9E-8
700	2.4E-4	2.3E-8	3.9E-8	9.0E-8	2.3E-9	1.3E-9	2.4E-4	1.9E-8
710	2.4E-4	2.3E-8	3.9E-8	8.9E-8	2.3E-9	1.3E-9	2.4E-4	1.9E-8
720	2.4E-4	2.3E-8	3.9E-8	8.9E-8	2.3E-9	1.3E-9	2.4E-4	1.9E-8
730	2.4E-4	2.3E-8	3.9E-8	8.9E-8	2.3E-9	1.3E-9	2.4E-4	1.8E-8
740	2.4E-4	2.3E-8	3.8E-8	8.8E-8	2.3E-9	1.3E-9	2.4E-4	1.8E-8
750	2.4E-4	2.2E-8	3.8E-8	8.8E-8	2.3E-9	1.3E-9	2.4E-4	1.8E-8
760	2.4E-4	2.2E-8	3.8E-8	8.8E-8	2.3E-9	1.3E-9	2.4E-4	1.8E-8
770	2.4E-4	2.2E-8	3.8E-8	8.7E-8	2.2E-9	1.3E-9	2.4E-4	1.8E-8
780	2.4E-4	2.2E-8	3.8E-8	8.7E-8	2.2E-9	1.3E-9	2.4E-4	1.8E-8
790	2.3E-4	2.2E-8	3.8E-8	8.6E-8	2.2E-9	1.3E-9	2.3E-4	1.8E-8
800	2.3E-4	2.2E-8	3.8E-8	8.6E-8	2.2E-9	1.3E-9	2.3E-4	1.8E-8
810	2.3E-4	2.2E-8	3.7E-8	8.6E-8	2.2E-9	1.3E-9	2.3E-4	1.8E-8
820	2.3E-4	2.2E-8	3.7E-8	8.5E-8	2.2E-9	1.3E-9	2.3E-4	1.8E-8
830	2.3E-4	2.2E-8	3.7E-8	8.5E-8	2.2E-9	1.3E-9	2.3E-4	1.8E-8
840	2.3E-4	2.2E-8	3.7E-8	8.5E-8	2.2E-9	1.3E-9	2.3E-4	1.8E-8
850	2.3E-4	2.2E-8	3.7E-8	8.4E-8	2.2E-9	1.3E-9	2.3E-4	1.8E-8
860	2.3E-4	2.1E-8	3.7E-8	8.4E-8	2.2E-9	1.2E-9	2.3E-4	1.7E-8
870	2.3E-4	2.1E-8	3.6E-8	8.4E-8	2.2E-9	1.2E-9	2.3E-4	1.7E-8
880	2.3E-4	2.1E-8	3.6E-8	8.3E-8	2.1E-9	1.2E-9	2.3E-4	1.7E-8
890	2.3E-4	2.1E-8	3.6E-8	8.3E-8	2.1E-9	1.2E-9	2.3E-4	1.7E-8
900	2.3E-4	2.1E-8	3.6E-8	8.3E-8	2.1E-9	1.2E-9	2.3E-4	1.7E-8
910	2.3E-4	2.1E-8	3.6E-8	8.2E-8	2.1E-9	1.2E-9	2.3E-4	1.7E-8
920	2.3E-4	2.1E-8	3.6E-8	8.2E-8	2.1E-9	1.2E-9	2.3E-4	1.7E-8
930	2.3E-4	2.1E-8	3.6E-8	8.2E-8	2.1E-9	1.2E-9	2.3E-4	1.7E-8
940	2.3E-4	2.1E-8	3.5E-8	8.1E-8	2.1E-9	1.2E-9	2.3E-4	1.7E-8
950	2.3E-4	2.1E-8	3.5E-8	8.1E-8	2.1E-9	1.2E-9	2.3E-4	1.7E-8
960	2.2E-4	2.1E-8	3.5E-8	8.1E-8	2.1E-9	1.2E-9	2.2E-4	1.7E-8
970	2.2E-4	2.1E-8	3.5E-8	8.0E-8	2.1E-9	1.2E-9	2.2E-4	1.7E-8
980	2.2E-4	2.0E-8	3.5E-8	8.0E-8	2.1E-9	1.2E-9	2.2E-4	1.7E-8
990	2.2E-4	2.0E-8	3.5E-8	8.0E-8	2.0E-9	1.2E-9	2.2E-4	1.7E-8
1000	2.2E-4	2.0E-8	3.5E-8	7.9E-8	2.0E-9	1.2E-9	2.2E-4	1.6E-8
1010	2.2E-4	2.0E-8	3.4E-8	7.9E-8	2.0E-9	1.2E-9	2.2E-4	1.6E-8
1020	2.2E-4	2.0E-8	3.4E-8	7.9E-8	2.0E-9	1.2E-9	2.2E-4	1.6E-8
1030	2.2E-4	2.0E-8	3.4E-8	7.8E-8	2.0E-9	1.2E-9	2.2E-4	1.6E-8
1040	2.2E-4	2.0E-8	3.4E-8	7.8E-8	2.0E-9	1.2E-9	2.2E-4	1.6E-8
1050	2.2E-4	2.0E-8	3.4E-8	7.8E-8	2.0E-9	1.2E-9	2.2E-4	1.6E-8
1060	2.2E-4	2.0E-8	3.4E-8	7.7E-8	2.0E-9	1.1E-9	2.2E-4	1.6E-8
1070	2.2E-4	2.0E-8	3.4E-8	7.7E-8	2.0E-9	1.1E-9	2.2E-4	1.6E-8
1080	2.2E-4	2.0E-8	3.3E-8	7.7E-8	2.0E-9	1.1E-9	2.2E-4	1.6E-8
1090	2.2E-4	2.0E-8	3.3E-8	7.6E-8	2.0E-9	1.1E-9	2.2E-4	1.6E-8
1095	2.2E-4	1.9E-8	3.3E-8	7.6E-8	2.0E-9	1.1E-9	2.2E-4	1.6E-8
1100	2.2E-4	1.9E-8	3.3E-8	7.6E-8	2.0E-9	1.1E-9	2.2E-4	1.6E-8
1200	2.1E-4	1.9E-8	3.2E-8	7.3E-8	1.9E-9	1.1E-9	2.1E-4	1.5E-8
1300	2.1E-4	1.8E-8	3.1E-8	7.0E-8	1.8E-9	1.0E-9	2.1E-4	1.5E-8
1400	2.0E-4	1.7E-8	2.9E-8	6.7E-8	1.7E-9	1.0E-9	2.0E-4	1.4E-8
1500	2.0E-4	1.7E-8	2.8E-8	6.5E-8	1.7E-9	9.6E-10	2.0E-4	1.3E-8
1600	1.9E-4	1.6E-8	2.7E-8	6.2E-8	1.6E-9	9.2E-10	1.9E-4	1.3E-8
1700	1.9E-4	1.5E-8	2.6E-8	6.0E-8	1.5E-9	8.9E-10	1.9E-4	1.2E-8
1800	1.9E-4	1.5E-8	2.5E-8	5.8E-8	1.5E-9	8.5E-10	1.9E-4	1.2E-8
1900	1.8E-4	1.4E-8	2.4E-8	5.5E-8	1.4E-9	8.2E-10	1.8E-4	1.2E-8
2000	1.8E-4	1.4E-8	2.3E-8	5.3E-8	1.4E-9	7.9E-10	1.8E-4	1.1E-8
2100	1.7E-4	1.3E-8	2.2E-8	5.1E-8	1.3E-9	7.6E-10	1.7E-4	1.1E-8
2200	1.7E-4	1.3E-8	2.2E-8	4.9E-8	1.3E-9	7.3E-10	1.7E-4	1.0E-8
2300	1.7E-4	1.2E-8	2.1E-8	4.8E-8	1.2E-9	7.1E-10	1.7E-4	9.9E-9
2400	1.6E-4	1.2E-8	2.0E-8	4.6E-8	1.2E-9	6.8E-10	1.6E-4	9.6E-9
2500	1.6E-4	1.1E-8	1.9E-8	4.4E-8	1.1E-9	6.6E-10	1.6E-4	9.2E-9
2600	1.6E-4	1.1E-8	1.9E-8	4.3E-8	1.1E-9	6.3E-10	1.6E-4	8.9E-9
2700	1.5E-4	1.1E-8	1.8E-8	4.1E-8	1.1E-9	6.1E-10	1.5E-4	8.6E-9
2800	1.5E-4	1.0E-8	1.7E-8	4.0E-8	1.0E-9	5.9E-10	1.5E-4	8.3E-9
2900	1.5E-4	9.8E-9	1.7E-8	3.8E-8	9.9E-10	5.7E-10	1.5E-4	8.0E-9
3000	1.5E-4	9.5E-9	1.6E-8	3.7E-8	9.6E-10	5.5E-10	1.5E-4	7.7E-9
3100	1.4E-4	9.2E-9	1.6E-8	3.6E-8	9.2E-10	5.3E-10	1.4E-4	7.5E-9
3200	1.4E-4	8.9E-9	1.5E-8	3.5E-8	8.9E-10	5.1E-10	1.4E-4	7.2E-9
3300	1.4E-4	8.6E-9	1.5E-8	3.4E-8	8.6E-10	5.0E-10	1.4E-4	7.0E-9
3400	1.4E-4	8.3E-9	1.4E-8	3.2E-8	8.3E-10	4.8E-10	1.4E-4	6.7E-9
3500	1.3E-4	8.0E-9	1.4E-8	3.1E-8	8.1E-10	4.7E-10	1.3E-4	6.5E-9
3600	1.3E-4	7.8E-9	1.3E-8	3.0E-8	7.8E-10	4.5E-10	1.3E-4	6.3E-9
3650	1.3E-4	7.7E-9	1.3E-8	3.0E-8	7.7E-10	4.4E-10	1.3E-4	6.2E-9
4000	1.2E-4	6.9E-9	1.2E-8	2.7E-8	6.9E-10	4.0E-10	1.2E-4	5.6E-9
5000	1.1E-4	5.2E-9	8.8E-9	2.0E-8	5.2E-10	3.0E-10	1.1E-4	4.2E-9
6000	9.6E-5	4.1E-9	6.9E-9	1.6E-8	4.1E-10	2.4E-10	9.6E-5	3.3E-9
7000	8.6E-5	3.3E-9	5.7E-9	1.3E-8	3.3E-10	1.9E-10	8.6E-5	2.7E-9
8000	7.8E-5	2.8E-9	4.8E-9	1.1E-8	2.8E-10	1.6E-10	7.8E-5	2.3E-9
9000	7.1E-5	2.4E-9	4.1E-9	9.5E-9	2.4E-10	1.4E-10	7.1E-5	2.0E-9
10000	6.5E-5	2.1E-9	3.6E-9	8.3E-9	2.1E-10	1.2E-10	6.5E-5	1.7E-9
11000	6.0E-5	1.9E-9	3.2E-9	7.4E-9	1.9E-10	1.1E-10	6.0E-5	1.5E-9
12000	5.5E-5	1.7E-9	2.9E-9	6.7E-9	1.7E-10	-	5.5E-5	1.4E-9
13000	5.0E-5	1.6E-9	2.7E-9	6.1E-9	1.6E-10	-	5.0E-5	1.3E-9
14000	4.6E-5	1.4E-9	2.4E-9	5.6E-9	1.4E-10	-	4.6E-5	1.2E-9
15000	4.2E-5	1.3E-9	2.2E-9	5.1E-9	1.3E-10	-	4.2E-5	1.1E-9
16000	3.9E-5	1.2E-9	2.0E-9	4.7E-9	1.2E-10	-	3.9E-5	9.7E-10
17000	3.6E-5	1.1E-9	1.9E-9	4.3E-9	1.1E-10	-	3.6E-5	8.9E-10
18000	3.3E-5	1.0E-9	1.7E-9	3.9E-9	1.0E-10	-	3.3E-5	8.2E-10
18250	3.2E-5	9.9E-10	1.7E-9	3.9E-9	-	-	3.2E-5	8.0E-10
