Radionuclide	Cm-241
Route of Intake	Inhalation
Material	Aerosols Type M, fA=1E-4
AMTD/AMAD, µm	0.3

Content in an Organ or Excreta Sample per Intake (Reference Bioassay Functions m(t)), Bq per Bq
Time, days	Whole Body	Urine (24-hour sample)	Faeces (24-hour sample)	Alimentary Tract*	Lungs*	Skeleton*	Liver*
0.041667	2.9E-1	-	-	4.3E-2	1.8E-1	9.2E-5	1.5E-4
0.083333	2.9E-1	-	-	4.9E-2	1.8E-1	2.2E-4	3.5E-4
0.125	2.9E-1	-	-	5.4E-2	1.8E-1	3.5E-4	5.7E-4
0.25	2.9E-1	-	-	6.5E-2	1.7E-1	7.4E-4	1.2E-3
0.375	2.8E-1	-	-	7.3E-2	1.7E-1	1.1E-3	1.9E-3
0.5	2.8E-1	-	-	7.8E-2	1.7E-1	1.5E-3	2.5E-3
0.625	2.7E-1	-	-	8.1E-2	1.7E-1	1.9E-3	3.1E-3
0.75	2.7E-1	-	-	8.2E-2	1.6E-1	2.2E-3	3.7E-3
0.875	2.6E-1	-	-	8.1E-2	1.6E-1	2.6E-3	4.3E-3
1	2.6E-1	6.3E-4	1.3E-2	8.0E-2	1.6E-1	2.9E-3	4.8E-3
1.125	2.5E-1	-	-	7.7E-2	1.6E-1	3.2E-3	5.4E-3
1.25	2.5E-1	-	-	7.3E-2	1.5E-1	3.6E-3	5.9E-3
1.375	2.4E-1	-	-	6.9E-2	1.5E-1	3.9E-3	6.4E-3
1.5	2.3E-1	-	-	6.4E-2	1.5E-1	4.2E-3	6.9E-3
1.625	2.3E-1	-	-	5.9E-2	1.5E-1	4.4E-3	7.4E-3
1.75	2.2E-1	-	-	5.5E-2	1.5E-1	4.7E-3	7.8E-3
1.875	2.1E-1	-	-	5.0E-2	1.5E-1	5.0E-3	8.3E-3
2	2.1E-1	5.9E-4	4.2E-2	4.5E-2	1.4E-1	5.2E-3	8.7E-3
2.25	2.0E-1	-	-	3.7E-2	1.4E-1	5.7E-3	9.4E-3
2.5	1.9E-1	-	-	3.0E-2	1.4E-1	6.1E-3	1.0E-2
2.75	1.8E-1	-	-	2.4E-2	1.3E-1	6.5E-3	1.1E-2
3	1.7E-1	4.5E-4	2.9E-2	1.9E-2	1.3E-1	6.9E-3	1.1E-2
3.25	1.7E-1	-	-	1.5E-2	1.3E-1	7.2E-3	1.2E-2
3.5	1.6E-1	-	-	1.3E-2	1.3E-1	7.5E-3	1.2E-2
3.75	1.6E-1	-	-	1.0E-2	1.3E-1	7.7E-3	1.3E-2
4	1.6E-1	3.4E-4	1.3E-2	8.6E-3	1.2E-1	7.9E-3	1.3E-2
4.25	1.5E-1	-	-	7.3E-3	1.2E-1	8.1E-3	1.4E-2
4.5	1.5E-1	-	-	6.3E-3	1.2E-1	8.3E-3	1.4E-2
4.75	1.5E-1	-	-	5.5E-3	1.2E-1	8.5E-3	1.4E-2
5	1.5E-1	2.5E-4	5.5E-3	4.9E-3	1.2E-1	8.6E-3	1.4E-2
5.5	1.4E-1	-	-	4.1E-3	1.1E-1	8.9E-3	1.5E-2
6	1.4E-1	1.9E-4	3.0E-3	3.5E-3	1.1E-1	9.1E-3	1.5E-2
6.5	1.4E-1	-	-	3.0E-3	1.1E-1	9.3E-3	1.5E-2
7	1.4E-1	1.5E-4	2.0E-3	2.7E-3	1.1E-1	9.4E-3	1.6E-2
7.5	1.3E-1	-	-	2.4E-3	1.0E-1	9.5E-3	1.6E-2
8	1.3E-1	1.2E-4	1.6E-3	2.2E-3	1.0E-1	9.5E-3	1.6E-2
8.5	1.3E-1	-	-	2.0E-3	9.9E-2	9.6E-3	1.6E-2
9	1.3E-1	1.0E-4	1.2E-3	1.8E-3	9.7E-2	9.6E-3	1.6E-2
9.5	1.3E-1	-	-	1.7E-3	9.5E-2	9.6E-3	1.6E-2
10	1.2E-1	8.9E-5	1.0E-3	1.5E-3	9.4E-2	9.6E-3	1.6E-2
11	1.2E-1	7.9E-5	8.5E-4	1.3E-3	9.1E-2	9.6E-3	1.6E-2
12	1.2E-1	7.1E-5	7.1E-4	1.1E-3	8.8E-2	9.6E-3	1.6E-2
13	1.1E-1	6.5E-5	5.9E-4	9.3E-4	8.5E-2	9.6E-3	1.6E-2
14	1.1E-1	6.0E-5	5.0E-4	8.0E-4	8.2E-2	9.5E-3	1.6E-2
15	1.1E-1	5.6E-5	4.3E-4	7.0E-4	8.0E-2	9.5E-3	1.6E-2
16	1.1E-1	5.2E-5	3.7E-4	6.2E-4	7.7E-2	9.4E-3	1.5E-2
17	1.0E-1	4.9E-5	3.3E-4	5.6E-4	7.5E-2	9.3E-3	1.5E-2
18	1.0E-1	4.7E-5	2.9E-4	5.0E-4	7.3E-2	9.3E-3	1.5E-2
19	9.8E-2	4.4E-5	2.6E-4	4.6E-4	7.1E-2	9.2E-3	1.5E-2
20	9.6E-2	4.2E-5	2.3E-4	4.2E-4	6.9E-2	9.1E-3	1.5E-2
21	9.4E-2	4.1E-5	2.1E-4	3.9E-4	6.7E-2	9.0E-3	1.5E-2
22	9.2E-2	3.9E-5	1.9E-4	3.6E-4	6.5E-2	8.9E-3	1.5E-2
23	9.0E-2	3.7E-5	1.8E-4	3.4E-4	6.3E-2	8.9E-3	1.5E-2
24	8.7E-2	3.6E-5	1.7E-4	3.2E-4	6.1E-2	8.8E-3	1.4E-2
25	8.5E-2	3.4E-5	1.6E-4	3.0E-4	6.0E-2	8.7E-3	1.4E-2
26	8.3E-2	3.3E-5	1.5E-4	2.9E-4	5.8E-2	8.6E-3	1.4E-2
27	8.2E-2	3.2E-5	1.4E-4	2.8E-4	5.6E-2	8.5E-3	1.4E-2
28	8.0E-2	3.1E-5	1.3E-4	2.6E-4	5.5E-2	8.4E-3	1.4E-2
29	7.8E-2	3.0E-5	1.3E-4	2.5E-4	5.3E-2	8.4E-3	1.4E-2
30	7.6E-2	2.9E-5	1.2E-4	2.5E-4	5.2E-2	8.3E-3	1.3E-2
31	7.4E-2	2.8E-5	1.2E-4	2.4E-4	5.0E-2	8.2E-3	1.3E-2
32	7.3E-2	2.7E-5	1.1E-4	2.3E-4	4.9E-2	8.1E-3	1.3E-2
33	7.1E-2	2.6E-5	1.1E-4	2.2E-4	4.8E-2	8.0E-3	1.3E-2
34	6.9E-2	2.5E-5	1.0E-4	2.1E-4	4.6E-2	7.9E-3	1.3E-2
35	6.8E-2	2.5E-5	9.9E-5	2.1E-4	4.5E-2	7.8E-3	1.3E-2
36	6.6E-2	2.4E-5	9.6E-5	2.0E-4	4.4E-2	7.7E-3	1.3E-2
37	6.5E-2	2.3E-5	9.3E-5	2.0E-4	4.3E-2	7.6E-3	1.2E-2
38	6.3E-2	2.2E-5	9.0E-5	1.9E-4	4.1E-2	7.6E-3	1.2E-2
39	6.2E-2	2.2E-5	8.7E-5	1.8E-4	4.0E-2	7.5E-3	1.2E-2
40	6.0E-2	2.1E-5	8.4E-5	1.8E-4	3.9E-2	7.4E-3	1.2E-2
41	5.9E-2	2.0E-5	8.2E-5	1.7E-4	3.8E-2	7.3E-3	1.2E-2
42	5.8E-2	2.0E-5	7.9E-5	1.7E-4	3.7E-2	7.2E-3	1.2E-2
43	5.6E-2	1.9E-5	7.7E-5	1.7E-4	3.6E-2	7.1E-3	1.1E-2
44	5.5E-2	1.9E-5	7.5E-5	1.6E-4	3.5E-2	7.0E-3	1.1E-2
45	5.4E-2	1.8E-5	7.2E-5	1.6E-4	3.4E-2	6.9E-3	1.1E-2
46	5.3E-2	1.8E-5	7.0E-5	1.5E-4	3.3E-2	6.8E-3	1.1E-2
47	5.2E-2	1.7E-5	6.8E-5	1.5E-4	3.2E-2	6.8E-3	1.1E-2
48	5.0E-2	1.7E-5	6.6E-5	1.4E-4	3.1E-2	6.7E-3	1.1E-2
49	4.9E-2	1.6E-5	6.4E-5	1.4E-4	3.0E-2	6.6E-3	1.1E-2
50	4.8E-2	1.6E-5	6.3E-5	1.4E-4	3.0E-2	6.5E-3	1.0E-2
51	4.7E-2	1.6E-5	6.1E-5	1.3E-4	2.9E-2	6.4E-3	1.0E-2
52	4.6E-2	1.5E-5	5.9E-5	1.3E-4	2.8E-2	6.3E-3	1.0E-2
53	4.5E-2	1.5E-5	5.7E-5	1.3E-4	2.7E-2	6.2E-3	9.9E-3
54	4.4E-2	1.4E-5	5.6E-5	1.2E-4	2.6E-2	6.2E-3	9.8E-3
55	4.3E-2	1.4E-5	5.4E-5	1.2E-4	2.6E-2	6.1E-3	9.7E-3
56	4.2E-2	1.4E-5	5.3E-5	1.2E-4	2.5E-2	6.0E-3	9.5E-3
57	4.1E-2	1.3E-5	5.1E-5	1.1E-4	2.4E-2	5.9E-3	9.4E-3
58	4.0E-2	1.3E-5	5.0E-5	1.1E-4	2.4E-2	5.8E-3	9.2E-3
59	3.9E-2	1.3E-5	4.8E-5	1.1E-4	2.3E-2	5.7E-3	9.1E-3
60	3.8E-2	1.2E-5	4.7E-5	1.0E-4	2.2E-2	5.7E-3	9.0E-3
61	3.7E-2	1.2E-5	4.5E-5	1.0E-4	2.2E-2	5.6E-3	8.8E-3
62	3.7E-2	1.2E-5	4.4E-5	9.9E-5	2.1E-2	5.5E-3	8.7E-3
63	3.6E-2	1.1E-5	4.3E-5	9.6E-5	2.1E-2	5.4E-3	8.6E-3
64	3.5E-2	1.1E-5	4.2E-5	9.4E-5	2.0E-2	5.3E-3	8.4E-3
65	3.4E-2	1.1E-5	4.0E-5	9.1E-5	1.9E-2	5.3E-3	8.3E-3
66	3.3E-2	1.0E-5	3.9E-5	8.9E-5	1.9E-2	5.2E-3	8.2E-3
67	3.3E-2	1.0E-5	3.8E-5	8.7E-5	1.8E-2	5.1E-3	8.1E-3
68	3.2E-2	9.9E-6	3.7E-5	8.4E-5	1.8E-2	5.0E-3	7.9E-3
69	3.1E-2	9.6E-6	3.6E-5	8.2E-5	1.7E-2	5.0E-3	7.8E-3
70	3.1E-2	9.4E-6	3.5E-5	8.0E-5	1.7E-2	4.9E-3	7.7E-3
71	3.0E-2	9.1E-6	3.4E-5	7.8E-5	1.6E-2	4.8E-3	7.6E-3
72	2.9E-2	8.9E-6	3.3E-5	7.6E-5	1.6E-2	4.7E-3	7.4E-3
73	2.9E-2	8.7E-6	3.2E-5	7.4E-5	1.6E-2	4.7E-3	7.3E-3
74	2.8E-2	8.5E-6	3.1E-5	7.2E-5	1.5E-2	4.6E-3	7.2E-3
75	2.7E-2	8.2E-6	3.0E-5	7.0E-5	1.5E-2	4.5E-3	7.1E-3
76	2.7E-2	8.0E-6	2.9E-5	6.8E-5	1.4E-2	4.5E-3	7.0E-3
77	2.6E-2	7.8E-6	2.9E-5	6.6E-5	1.4E-2	4.4E-3	6.9E-3
78	2.6E-2	7.6E-6	2.8E-5	6.5E-5	1.3E-2	4.3E-3	6.7E-3
79	2.5E-2	7.4E-6	2.7E-5	6.3E-5	1.3E-2	4.3E-3	6.6E-3
80	2.4E-2	7.2E-6	2.6E-5	6.1E-5	1.3E-2	4.2E-3	6.5E-3
81	2.4E-2	7.1E-6	2.6E-5	6.0E-5	1.2E-2	4.1E-3	6.4E-3
82	2.3E-2	6.9E-6	2.5E-5	5.8E-5	1.2E-2	4.1E-3	6.3E-3
83	2.3E-2	6.7E-6	2.4E-5	5.7E-5	1.2E-2	4.0E-3	6.2E-3
84	2.2E-2	6.5E-6	2.3E-5	5.5E-5	1.1E-2	3.9E-3	6.1E-3
85	2.2E-2	6.4E-6	2.3E-5	5.4E-5	1.1E-2	3.9E-3	6.0E-3
86	2.1E-2	6.2E-6	2.2E-5	5.2E-5	1.1E-2	3.8E-3	5.9E-3
87	2.1E-2	6.0E-6	2.1E-5	5.1E-5	1.0E-2	3.8E-3	5.8E-3
88	2.0E-2	5.9E-6	2.1E-5	5.0E-5	1.0E-2	3.7E-3	5.7E-3
89	2.0E-2	5.7E-6	2.0E-5	4.8E-5	9.9E-3	3.6E-3	5.6E-3
90	2.0E-2	5.6E-6	2.0E-5	4.7E-5	9.7E-3	3.6E-3	5.5E-3
91	1.9E-2	5.4E-6	1.9E-5	4.6E-5	9.4E-3	3.5E-3	5.4E-3
92	1.9E-2	5.3E-6	1.9E-5	4.5E-5	9.1E-3	3.5E-3	5.3E-3
93	1.8E-2	5.2E-6	1.8E-5	4.3E-5	8.9E-3	3.4E-3	5.2E-3
94	1.8E-2	5.0E-6	1.8E-5	4.2E-5	8.6E-3	3.4E-3	5.2E-3
95	1.7E-2	4.9E-6	1.7E-5	4.1E-5	8.4E-3	3.3E-3	5.1E-3
96	1.7E-2	4.8E-6	1.7E-5	4.0E-5	8.2E-3	3.3E-3	5.0E-3
97	1.7E-2	4.7E-6	1.6E-5	3.9E-5	7.9E-3	3.2E-3	4.9E-3
98	1.6E-2	4.6E-6	1.6E-5	3.8E-5	7.7E-3	3.1E-3	4.8E-3
99	1.6E-2	4.4E-6	1.5E-5	3.7E-5	7.5E-3	3.1E-3	4.7E-3
100	1.6E-2	4.3E-6	1.5E-5	3.6E-5	7.3E-3	3.0E-3	4.6E-3
110	1.2E-2	3.3E-6	1.1E-5	2.8E-5	5.5E-3	2.6E-3	3.9E-3
120	1.0E-2	2.6E-6	8.3E-6	2.1E-5	4.2E-3	2.2E-3	3.2E-3
130	8.0E-3	2.0E-6	6.2E-6	1.6E-5	3.2E-3	1.8E-3	2.7E-3
140	6.4E-3	1.6E-6	4.7E-6	1.3E-5	2.4E-3	1.5E-3	2.2E-3
150	5.1E-3	1.2E-6	3.5E-6	9.8E-6	1.8E-3	1.3E-3	1.8E-3
160	4.1E-3	9.4E-7	2.6E-6	7.5E-6	1.4E-3	1.1E-3	1.5E-3
170	3.3E-3	7.4E-7	2.0E-6	5.8E-6	1.0E-3	8.8E-4	1.3E-3
180	2.7E-3	5.7E-7	1.5E-6	4.5E-6	7.9E-4	7.3E-4	1.0E-3
190	2.1E-3	4.5E-7	1.1E-6	3.5E-6	6.0E-4	6.1E-4	8.4E-4
200	1.7E-3	3.5E-7	8.4E-7	2.7E-6	4.5E-4	5.0E-4	6.9E-4
210	1.4E-3	2.7E-7	6.3E-7	2.1E-6	3.4E-4	4.2E-4	5.6E-4
220	1.1E-3	2.1E-7	4.7E-7	1.7E-6	2.6E-4	3.4E-4	4.6E-4
230	8.9E-4	1.7E-7	3.6E-7	1.3E-6	2.0E-4	2.8E-4	3.8E-4
240	7.2E-4	1.3E-7	2.7E-7	1.0E-6	1.5E-4	2.3E-4	3.1E-4
250	5.8E-4	1.0E-7	2.0E-7	7.9E-7	1.1E-4	1.9E-4	2.5E-4
260	4.7E-4	8.1E-8	1.5E-7	6.2E-7	8.7E-5	1.6E-4	2.0E-4
270	3.8E-4	6.3E-8	1.1E-7	4.9E-7	6.6E-5	1.3E-4	1.6E-4
280	3.0E-4	5.0E-8	8.6E-8	3.8E-7	5.0E-5	1.1E-4	1.3E-4
290	2.4E-4	3.9E-8	6.5E-8	3.0E-7	3.8E-5	8.7E-5	1.1E-4
300	2.0E-4	3.1E-8	4.9E-8	2.4E-7	2.9E-5	7.1E-5	8.8E-5
310	1.6E-4	2.4E-8	3.7E-8	1.9E-7	2.2E-5	5.9E-5	7.1E-5
320	1.3E-4	1.9E-8	2.8E-8	1.5E-7	1.7E-5	4.8E-5	5.8E-5
330	1.0E-4	1.5E-8	2.1E-8	1.2E-7	1.3E-5	3.9E-5	4.7E-5
340	8.3E-5	1.2E-8	1.6E-8	9.3E-8	9.7E-6	3.2E-5	3.8E-5
350	6.7E-5	9.5E-9	1.2E-8	7.4E-8	7.4E-6	2.6E-5	3.1E-5
360	5.4E-5	7.5E-9	9.1E-9	5.9E-8	5.6E-6	2.1E-5	2.5E-5
365	4.9E-5	6.7E-9	8.0E-9	5.3E-8	4.9E-6	1.9E-5	2.2E-5
370	4.4E-5	6.0E-9	6.9E-9	4.7E-8	4.3E-6	1.8E-5	2.0E-5
380	3.5E-5	4.7E-9	5.3E-9	3.7E-8	3.3E-6	1.4E-5	1.6E-5
390	2.9E-5	3.7E-9	4.0E-9	3.0E-8	2.5E-6	1.2E-5	1.3E-5
400	2.3E-5	3.0E-9	3.0E-9	2.4E-8	1.9E-6	9.6E-6	1.1E-5
410	1.9E-5	2.4E-9	2.3E-9	1.9E-8	1.5E-6	7.8E-6	8.5E-6
420	1.5E-5	1.9E-9	1.8E-9	1.5E-8	1.1E-6	6.4E-6	6.9E-6
430	1.2E-5	1.5E-9	1.3E-9	1.2E-8	8.5E-7	5.2E-6	5.5E-6
440	9.8E-6	1.2E-9	1.0E-9	9.8E-9	6.5E-7	4.2E-6	4.5E-6
450	7.9E-6	9.4E-10	7.8E-10	7.9E-9	4.9E-7	3.5E-6	3.6E-6
460	6.4E-6	7.5E-10	6.0E-10	6.3E-9	3.8E-7	2.8E-6	2.9E-6
470	5.2E-6	6.0E-10	4.6E-10	5.1E-9	2.9E-7	2.3E-6	2.3E-6
480	4.2E-6	4.8E-10	3.5E-10	4.1E-9	2.2E-7	1.9E-6	1.9E-6
490	3.4E-6	3.8E-10	2.7E-10	3.3E-9	1.7E-7	1.5E-6	1.5E-6
500	2.7E-6	3.0E-10	2.1E-10	2.7E-9	1.3E-7	1.2E-6	1.2E-6
510	2.2E-6	2.4E-10	1.6E-10	2.1E-9	9.9E-8	1.0E-6	9.9E-7
520	1.8E-6	1.9E-10	1.2E-10	1.7E-9	7.6E-8	8.2E-7	8.0E-7
530	1.4E-6	1.5E-10	-	1.4E-9	5.8E-8	6.7E-7	6.4E-7
540	1.2E-6	1.2E-10	-	1.1E-9	4.4E-8	5.4E-7	5.2E-7
550	9.4E-7	-	-	9.1E-10	3.4E-8	4.4E-7	4.2E-7
560	7.6E-7	-	-	7.3E-10	2.6E-8	3.6E-7	3.4E-7
570	6.1E-7	-	-	5.9E-10	2.0E-8	2.9E-7	2.7E-7
580	5.0E-7	-	-	4.8E-10	1.5E-8	2.4E-7	2.2E-7
590	4.0E-7	-	-	3.9E-10	1.2E-8	1.9E-7	1.8E-7
600	3.2E-7	-	-	3.1E-10	9.1E-9	1.6E-7	1.4E-7
610	2.6E-7	-	-	2.5E-10	7.0E-9	1.3E-7	1.1E-7
620	2.1E-7	-	-	2.1E-10	5.4E-9	1.0E-7	9.1E-8
630	1.7E-7	-	-	1.7E-10	4.1E-9	8.5E-8	7.4E-8
640	1.4E-7	-	-	1.3E-10	3.2E-9	6.9E-8	5.9E-8
650	1.1E-7	-	-	1.1E-10	2.5E-9	5.6E-8	4.8E-8
660	9.0E-8	-	-	-	1.9E-9	4.6E-8	3.8E-8
670	7.3E-8	-	-	-	1.5E-9	3.7E-8	3.1E-8
680	5.9E-8	-	-	-	1.1E-9	3.0E-8	2.5E-8
690	4.8E-8	-	-	-	8.7E-10	2.4E-8	2.0E-8
700	3.9E-8	-	-	-	6.7E-10	2.0E-8	1.6E-8
710	3.1E-8	-	-	-	5.2E-10	1.6E-8	1.3E-8
720	2.5E-8	-	-	-	4.0E-10	1.3E-8	1.0E-8
730	2.0E-8	-	-	-	3.1E-10	1.1E-8	8.4E-9
740	1.6E-8	-	-	-	2.4E-10	8.7E-9	6.7E-9
750	1.3E-8	-	-	-	1.9E-10	7.0E-9	5.4E-9
760	1.1E-8	-	-	-	1.4E-10	5.7E-9	4.4E-9
770	8.7E-9	-	-	-	1.1E-10	4.6E-9	3.5E-9
780	7.0E-9	-	-	-	-	3.8E-9	2.8E-9
790	5.7E-9	-	-	-	-	3.1E-9	2.3E-9
800	4.6E-9	-	-	-	-	2.5E-9	1.8E-9
810	3.7E-9	-	-	-	-	2.0E-9	1.5E-9
820	3.0E-9	-	-	-	-	1.6E-9	1.2E-9
830	2.4E-9	-	-	-	-	1.3E-9	9.5E-10
840	2.0E-9	-	-	-	-	1.1E-9	7.7E-10
850	1.6E-9	-	-	-	-	8.8E-10	6.2E-10
860	1.3E-9	-	-	-	-	7.1E-10	4.9E-10
870	1.0E-9	-	-	-	-	5.8E-10	4.0E-10
880	8.4E-10	-	-	-	-	4.7E-10	3.2E-10
890	6.8E-10	-	-	-	-	3.8E-10	2.6E-10
900	5.5E-10	-	-	-	-	3.1E-10	2.1E-10
910	4.4E-10	-	-	-	-	2.5E-10	1.7E-10
920	3.6E-10	-	-	-	-	2.0E-10	1.3E-10
930	2.9E-10	-	-	-	-	1.6E-10	1.1E-10
940	2.4E-10	-	-	-	-	1.3E-10	-
950	1.9E-10	-	-	-	-	1.1E-10	-
960	1.5E-10	-	-	-	-	-	-
970	1.2E-10	-	-	-	-	-	-
980	1.0E-10	-	-	-	-	-	-
