Radionuclide	Tl-202
Route of Intake	Inhalation
Material	Aerosols Type M, fA=0.2
AMTD/AMAD, µm	0.003

Content in an Organ or Excreta Sample per Intake (Reference Bioassay Functions m(t)), Bq per Bq
Time, days	Whole Body	Urine (24-hour sample)	Faeces (24-hour sample)	Alimentary Tract*	Lungs*	Skeleton*	Liver*
0.041667	9.4E-1	-	-	2.0E-1	4.2E-1	2.0E-3	8.2E-4
0.083333	9.3E-1	-	-	2.3E-1	4.0E-1	4.3E-3	1.6E-3
0.125	9.2E-1	-	-	2.5E-1	3.8E-1	6.6E-3	2.5E-3
0.25	8.9E-1	-	-	2.9E-1	3.4E-1	1.3E-2	4.5E-3
0.375	8.7E-1	-	-	3.1E-1	3.2E-1	1.7E-2	5.9E-3
0.5	8.5E-1	-	-	3.2E-1	3.0E-1	1.9E-2	6.8E-3
0.625	8.3E-1	-	-	3.3E-1	2.9E-1	2.1E-2	7.3E-3
0.75	8.1E-1	-	-	3.3E-1	2.8E-1	2.2E-2	7.7E-3
0.875	7.9E-1	-	-	3.3E-1	2.7E-1	2.3E-2	7.9E-3
1	7.6E-1	2.9E-3	5.6E-2	3.2E-1	2.6E-1	2.3E-2	8.1E-3
1.125	7.3E-1	-	-	3.0E-1	2.5E-1	2.3E-2	8.2E-3
1.25	7.0E-1	-	-	2.9E-1	2.5E-1	2.4E-2	8.2E-3
1.375	6.8E-1	-	-	2.7E-1	2.4E-1	2.4E-2	8.2E-3
1.5	6.5E-1	-	-	2.5E-1	2.4E-1	2.4E-2	8.2E-3
1.625	6.2E-1	-	-	2.3E-1	2.3E-1	2.3E-2	8.2E-3
1.75	5.9E-1	-	-	2.1E-1	2.2E-1	2.3E-2	8.1E-3
1.875	5.7E-1	-	-	2.0E-1	2.2E-1	2.3E-2	8.1E-3
2	5.4E-1	2.9E-3	1.6E-1	1.8E-1	2.1E-1	2.3E-2	8.0E-3
2.25	5.0E-1	-	-	1.5E-1	2.0E-1	2.3E-2	7.9E-3
2.5	4.6E-1	-	-	1.2E-1	2.0E-1	2.2E-2	7.7E-3
2.75	4.3E-1	-	-	1.0E-1	1.9E-1	2.2E-2	7.6E-3
3	4.0E-1	2.7E-3	1.1E-1	8.6E-2	1.8E-1	2.1E-2	7.4E-3
3.25	3.8E-1	-	-	7.2E-2	1.7E-1	2.1E-2	7.3E-3
3.5	3.6E-1	-	-	6.2E-2	1.6E-1	2.1E-2	7.1E-3
3.75	3.4E-1	-	-	5.4E-2	1.6E-1	2.0E-2	7.0E-3
4	3.2E-1	2.4E-3	5.3E-2	4.7E-2	1.5E-1	2.0E-2	6.8E-3
4.25	3.1E-1	-	-	4.2E-2	1.5E-1	1.9E-2	6.7E-3
4.5	3.0E-1	-	-	3.8E-2	1.4E-1	1.9E-2	6.5E-3
4.75	2.9E-1	-	-	3.5E-2	1.3E-1	1.8E-2	6.4E-3
5	2.7E-1	2.2E-3	2.8E-2	3.2E-2	1.3E-1	1.8E-2	6.2E-3
5.5	2.6E-1	-	-	2.8E-2	1.2E-1	1.7E-2	6.0E-3
6	2.4E-1	2.0E-3	1.8E-2	2.5E-2	1.1E-1	1.6E-2	5.7E-3
6.5	2.2E-1	-	-	2.2E-2	1.0E-1	1.6E-2	5.4E-3
7	2.1E-1	1.8E-3	1.4E-2	2.0E-2	9.7E-2	1.5E-2	5.2E-3
7.5	2.0E-1	-	-	1.8E-2	9.1E-2	1.4E-2	4.9E-3
8	1.9E-1	1.7E-3	1.1E-2	1.7E-2	8.5E-2	1.3E-2	4.7E-3
8.5	1.8E-1	-	-	1.5E-2	8.0E-2	1.3E-2	4.4E-3
9	1.7E-1	1.5E-3	9.1E-3	1.4E-2	7.5E-2	1.2E-2	4.2E-3
9.5	1.6E-1	-	-	1.3E-2	7.1E-2	1.1E-2	4.0E-3
10	1.5E-1	1.4E-3	7.5E-3	1.2E-2	6.7E-2	1.1E-2	3.8E-3
11	1.3E-1	1.2E-3	6.2E-3	9.7E-3	6.0E-2	9.8E-3	3.4E-3
12	1.2E-1	1.1E-3	5.2E-3	8.2E-3	5.5E-2	8.8E-3	3.1E-3
13	1.1E-1	9.8E-4	4.4E-3	6.9E-3	5.0E-2	7.9E-3	2.8E-3
14	9.6E-2	8.8E-4	3.7E-3	5.9E-3	4.5E-2	7.1E-3	2.5E-3
15	8.7E-2	7.9E-4	3.1E-3	5.0E-3	4.2E-2	6.4E-3	2.2E-3
16	7.9E-2	7.1E-4	2.7E-3	4.3E-3	3.8E-2	5.7E-3	2.0E-3
17	7.1E-2	6.4E-4	2.3E-3	3.7E-3	3.5E-2	5.1E-3	1.8E-3
18	6.5E-2	5.7E-4	2.0E-3	3.2E-3	3.3E-2	4.6E-3	1.6E-3
19	5.9E-2	5.1E-4	1.7E-3	2.8E-3	3.0E-2	4.1E-3	1.4E-3
20	5.4E-2	4.6E-4	1.5E-3	2.5E-3	2.8E-2	3.7E-3	1.3E-3
21	4.9E-2	4.1E-4	1.3E-3	2.2E-3	2.6E-2	3.3E-3	1.1E-3
22	4.5E-2	3.7E-4	1.1E-3	1.9E-3	2.5E-2	2.9E-3	1.0E-3
23	4.1E-2	3.3E-4	1.0E-3	1.7E-3	2.3E-2	2.6E-3	9.2E-4
24	3.8E-2	2.9E-4	8.8E-4	1.5E-3	2.1E-2	2.4E-3	8.2E-4
25	3.5E-2	2.6E-4	7.7E-4	1.3E-3	2.0E-2	2.1E-3	7.3E-4
26	3.2E-2	2.4E-4	6.8E-4	1.2E-3	1.9E-2	1.9E-3	6.6E-4
27	2.9E-2	2.1E-4	6.1E-4	1.0E-3	1.8E-2	1.7E-3	5.9E-4
28	2.7E-2	1.9E-4	5.4E-4	9.2E-4	1.6E-2	1.5E-3	5.3E-4
29	2.5E-2	1.7E-4	4.8E-4	8.2E-4	1.5E-2	1.4E-3	4.7E-4
30	2.3E-2	1.5E-4	4.3E-4	7.3E-4	1.4E-2	1.2E-3	4.2E-4
31	2.1E-2	1.4E-4	3.8E-4	6.5E-4	1.3E-2	1.1E-3	3.8E-4
32	1.9E-2	1.2E-4	3.4E-4	5.8E-4	1.3E-2	9.8E-4	3.4E-4
33	1.8E-2	1.1E-4	3.0E-4	5.2E-4	1.2E-2	8.8E-4	3.1E-4
34	1.7E-2	9.8E-5	2.7E-4	4.7E-4	1.1E-2	7.9E-4	2.8E-4
35	1.5E-2	8.8E-5	2.4E-4	4.2E-4	1.0E-2	7.1E-4	2.5E-4
36	1.4E-2	7.9E-5	2.2E-4	3.8E-4	9.8E-3	6.4E-4	2.2E-4
37	1.3E-2	7.1E-5	2.0E-4	3.4E-4	9.2E-3	5.7E-4	2.0E-4
38	1.2E-2	6.4E-5	1.8E-4	3.1E-4	8.6E-3	5.2E-4	1.8E-4
39	1.1E-2	5.8E-5	1.6E-4	2.8E-4	8.1E-3	4.7E-4	1.6E-4
40	1.0E-2	5.2E-5	1.4E-4	2.5E-4	7.6E-3	4.2E-4	1.5E-4
41	9.7E-3	4.7E-5	1.3E-4	2.3E-4	7.1E-3	3.8E-4	1.3E-4
42	9.0E-3	4.2E-5	1.2E-4	2.0E-4	6.7E-3	3.4E-4	1.2E-4
43	8.4E-3	3.8E-5	1.1E-4	1.8E-4	6.2E-3	3.1E-4	1.1E-4
44	7.8E-3	3.5E-5	9.6E-5	1.7E-4	5.9E-3	2.8E-4	9.7E-5
45	7.2E-3	3.1E-5	8.7E-5	1.5E-4	5.5E-3	2.5E-4	8.7E-5
46	6.7E-3	2.8E-5	7.8E-5	1.4E-4	5.2E-3	2.3E-4	7.9E-5
47	6.3E-3	2.6E-5	7.1E-5	1.2E-4	4.8E-3	2.1E-4	7.1E-5
48	5.8E-3	2.3E-5	6.5E-5	1.1E-4	4.5E-3	1.9E-4	6.5E-5
49	5.4E-3	2.1E-5	5.9E-5	1.0E-4	4.3E-3	1.7E-4	5.9E-5
50	5.1E-3	1.9E-5	5.3E-5	9.3E-5	4.0E-3	1.5E-4	5.3E-5
51	4.7E-3	1.7E-5	4.8E-5	8.5E-5	3.8E-3	1.4E-4	4.8E-5
52	4.4E-3	1.6E-5	4.4E-5	7.7E-5	3.5E-3	1.3E-4	4.4E-5
53	4.1E-3	1.4E-5	4.0E-5	7.0E-5	3.3E-3	1.1E-4	4.0E-5
54	3.8E-3	1.3E-5	3.7E-5	6.4E-5	3.1E-3	1.0E-4	3.6E-5
55	3.6E-3	1.2E-5	3.3E-5	5.9E-5	2.9E-3	9.5E-5	3.3E-5
56	3.3E-3	1.1E-5	3.1E-5	5.4E-5	2.7E-3	8.6E-5	3.0E-5
57	3.1E-3	9.8E-6	2.8E-5	4.9E-5	2.6E-3	7.9E-5	2.7E-5
58	2.9E-3	8.9E-6	2.6E-5	4.5E-5	2.4E-3	7.2E-5	2.5E-5
59	2.7E-3	8.1E-6	2.3E-5	4.1E-5	2.3E-3	6.5E-5	2.3E-5
60	2.5E-3	7.4E-6	2.1E-5	3.8E-5	2.1E-3	6.0E-5	2.1E-5
61	2.4E-3	6.8E-6	2.0E-5	3.5E-5	2.0E-3	5.5E-5	1.9E-5
62	2.2E-3	6.2E-6	1.8E-5	3.2E-5	1.9E-3	5.0E-5	1.7E-5
63	2.1E-3	5.7E-6	1.7E-5	2.9E-5	1.7E-3	4.6E-5	1.6E-5
64	1.9E-3	5.2E-6	1.5E-5	2.7E-5	1.6E-3	4.2E-5	1.5E-5
65	1.8E-3	4.8E-6	1.4E-5	2.5E-5	1.5E-3	3.8E-5	1.3E-5
66	1.7E-3	4.4E-6	1.3E-5	2.3E-5	1.4E-3	3.5E-5	1.2E-5
67	1.6E-3	4.0E-6	1.2E-5	2.1E-5	1.4E-3	3.2E-5	1.1E-5
68	1.5E-3	3.7E-6	1.1E-5	1.9E-5	1.3E-3	3.0E-5	1.0E-5
69	1.4E-3	3.4E-6	1.0E-5	1.8E-5	1.2E-3	2.7E-5	9.5E-6
70	1.3E-3	3.1E-6	9.3E-6	1.6E-5	1.1E-3	2.5E-5	8.8E-6
71	1.2E-3	2.9E-6	8.5E-6	1.5E-5	1.1E-3	2.3E-5	8.1E-6
72	1.1E-3	2.6E-6	7.9E-6	1.4E-5	9.9E-4	2.1E-5	7.4E-6
73	1.1E-3	2.4E-6	7.3E-6	1.3E-5	9.3E-4	2.0E-5	6.9E-6
74	1.0E-3	2.3E-6	6.7E-6	1.2E-5	8.7E-4	1.8E-5	6.3E-6
75	9.3E-4	2.1E-6	6.2E-6	1.1E-5	8.2E-4	1.7E-5	5.9E-6
76	8.8E-4	1.9E-6	5.8E-6	1.0E-5	7.7E-4	1.6E-5	5.4E-6
77	8.2E-4	1.8E-6	5.4E-6	9.5E-6	7.2E-4	1.4E-5	5.0E-6
78	7.7E-4	1.6E-6	5.0E-6	8.8E-6	6.7E-4	1.3E-5	4.6E-6
79	7.2E-4	1.5E-6	4.6E-6	8.2E-6	6.3E-4	1.2E-5	4.3E-6
80	6.7E-4	1.4E-6	4.3E-6	7.6E-6	5.9E-4	1.1E-5	4.0E-6
81	6.3E-4	1.3E-6	4.0E-6	7.1E-6	5.6E-4	1.1E-5	3.7E-6
82	5.9E-4	1.2E-6	3.7E-6	6.6E-6	5.2E-4	9.8E-6	3.4E-6
83	5.6E-4	1.1E-6	3.4E-6	6.1E-6	4.9E-4	9.1E-6	3.2E-6
84	5.2E-4	1.0E-6	3.2E-6	5.7E-6	4.6E-4	8.4E-6	2.9E-6
85	4.9E-4	9.7E-7	3.0E-6	5.3E-6	4.3E-4	7.8E-6	2.7E-6
86	4.6E-4	9.0E-7	2.7E-6	4.9E-6	4.1E-4	7.3E-6	2.5E-6
87	4.3E-4	8.3E-7	2.6E-6	4.6E-6	3.8E-4	6.7E-6	2.3E-6
88	4.0E-4	7.8E-7	2.4E-6	4.2E-6	3.6E-4	6.3E-6	2.2E-6
89	3.8E-4	7.2E-7	2.2E-6	4.0E-6	3.4E-4	5.8E-6	2.0E-6
90	3.5E-4	6.7E-7	2.1E-6	3.7E-6	3.1E-4	5.4E-6	1.9E-6
91	3.3E-4	6.3E-7	1.9E-6	3.4E-6	3.0E-4	5.1E-6	1.8E-6
92	3.1E-4	5.8E-7	1.8E-6	3.2E-6	2.8E-4	4.7E-6	1.6E-6
93	2.9E-4	5.4E-7	1.7E-6	3.0E-6	2.6E-4	4.4E-6	1.5E-6
94	2.7E-4	5.1E-7	1.6E-6	2.8E-6	2.4E-4	4.1E-6	1.4E-6
95	2.6E-4	4.7E-7	1.5E-6	2.6E-6	2.3E-4	3.8E-6	1.3E-6
96	2.4E-4	4.4E-7	1.4E-6	2.4E-6	2.1E-4	3.6E-6	1.2E-6
97	2.3E-4	4.1E-7	1.3E-6	2.3E-6	2.0E-4	3.3E-6	1.2E-6
98	2.1E-4	3.8E-7	1.2E-6	2.1E-6	1.9E-4	3.1E-6	1.1E-6
99	2.0E-4	3.6E-7	1.1E-6	2.0E-6	1.8E-4	2.9E-6	1.0E-6
100	1.9E-4	3.3E-7	1.0E-6	1.8E-6	1.7E-4	2.7E-6	9.4E-7
110	9.8E-5	1.7E-7	5.3E-7	9.5E-7	8.8E-5	1.4E-6	4.8E-7
120	5.2E-5	8.8E-8	2.7E-7	4.9E-7	4.7E-5	7.1E-7	2.5E-7
130	2.8E-5	4.6E-8	1.4E-7	2.6E-7	2.5E-5	3.7E-7	1.3E-7
140	1.5E-5	2.4E-8	7.5E-8	1.3E-7	1.3E-5	1.9E-7	6.8E-8
150	7.7E-6	1.3E-8	4.0E-8	7.1E-8	7.0E-6	1.0E-7	3.6E-8
160	4.1E-6	6.7E-9	2.1E-8	3.7E-8	3.7E-6	5.4E-8	1.9E-8
170	2.2E-6	3.6E-9	1.1E-8	2.0E-8	2.0E-6	2.9E-8	1.0E-8
180	1.2E-6	1.9E-9	5.8E-9	1.0E-8	1.0E-6	1.5E-8	5.3E-9
190	6.1E-7	1.0E-9	3.1E-9	5.5E-9	5.6E-7	8.1E-9	2.8E-9
200	3.3E-7	5.3E-10	1.6E-9	2.9E-9	3.0E-7	4.3E-9	1.5E-9
210	1.7E-7	2.8E-10	8.6E-10	1.5E-9	1.6E-7	2.3E-9	7.9E-10
220	9.2E-8	1.5E-10	4.5E-10	8.2E-10	8.3E-8	1.2E-9	4.2E-10
230	4.9E-8	-	2.4E-10	4.3E-10	4.4E-8	6.4E-10	2.2E-10
240	2.6E-8	-	1.3E-10	2.3E-10	2.4E-8	3.4E-10	1.2E-10
250	1.4E-8	-	-	1.2E-10	1.3E-8	1.8E-10	-
260	7.4E-9	-	-	-	6.7E-9	-	-
270	3.9E-9	-	-	-	3.5E-9	-	-
280	2.1E-9	-	-	-	1.9E-9	-	-
290	1.1E-9	-	-	-	1.0E-9	-	-
300	5.9E-10	-	-	-	5.3E-10	-	-
310	3.1E-10	-	-	-	2.8E-10	-	-
320	1.7E-10	-	-	-	1.5E-10	-	-
