Radionuclide	Am-243
Route of Intake	Inhalation
Material	Aerosols Americium nitrate, fA=3E-4
AMTD/AMAD, µm	5

Content in an Organ or Excreta Sample per Intake (Reference Bioassay Functions m(t)), Bq per Bq
Time, days	Whole Body	Urine (24-hour sample)	Faeces (24-hour sample)	Alimentary Tract*	Lungs*	Skeleton*	Liver*
0.041667	8.1E-1	-	-	2.8E-1	7.5E-2	2.1E-4	3.4E-4
0.083333	8.0E-1	-	-	3.1E-1	7.1E-2	4.0E-4	6.6E-4
0.125	7.9E-1	-	-	3.4E-1	6.7E-2	5.7E-4	9.4E-4
0.25	7.6E-1	-	-	4.1E-1	6.2E-2	1.1E-3	1.7E-3
0.375	7.4E-1	-	-	4.5E-1	5.9E-2	1.5E-3	2.5E-3
0.5	7.2E-1	-	-	4.8E-1	5.7E-2	1.9E-3	3.2E-3
0.625	7.0E-1	-	-	5.0E-1	5.5E-2	2.4E-3	3.9E-3
0.75	6.7E-1	-	-	5.1E-1	5.3E-2	2.8E-3	4.6E-3
0.875	6.5E-1	-	-	5.0E-1	5.2E-2	3.2E-3	5.2E-3
1	6.1E-1	7.7E-4	8.5E-2	4.9E-1	5.0E-2	3.5E-3	5.9E-3
1.125	5.8E-1	-	-	4.7E-1	4.9E-2	3.9E-3	6.5E-3
1.25	5.4E-1	-	-	4.5E-1	4.7E-2	4.3E-3	7.1E-3
1.375	5.1E-1	-	-	4.2E-1	4.6E-2	4.6E-3	7.6E-3
1.5	4.7E-1	-	-	3.9E-1	4.5E-2	4.9E-3	8.2E-3
1.625	4.3E-1	-	-	3.5E-1	4.4E-2	5.2E-3	8.7E-3
1.75	4.0E-1	-	-	3.2E-1	4.3E-2	5.5E-3	9.2E-3
1.875	3.6E-1	-	-	2.9E-1	4.2E-2	5.8E-3	9.7E-3
2	3.3E-1	6.5E-4	2.7E-1	2.6E-1	4.1E-2	6.1E-3	1.0E-2
2.25	2.7E-1	-	-	2.1E-1	3.9E-2	6.6E-3	1.1E-2
2.5	2.2E-1	-	-	1.6E-1	3.7E-2	7.1E-3	1.2E-2
2.75	1.8E-1	-	-	1.2E-1	3.6E-2	7.6E-3	1.3E-2
3	1.5E-1	4.9E-4	1.8E-1	9.1E-2	3.4E-2	8.0E-3	1.3E-2
3.25	1.3E-1	-	-	6.8E-2	3.3E-2	8.3E-3	1.4E-2
3.5	1.1E-1	-	-	5.0E-2	3.2E-2	8.7E-3	1.4E-2
3.75	9.6E-2	-	-	3.6E-2	3.1E-2	9.0E-3	1.5E-2
4	8.6E-2	3.6E-4	6.7E-2	2.6E-2	3.0E-2	9.3E-3	1.5E-2
4.25	7.8E-2	-	-	1.9E-2	2.9E-2	9.5E-3	1.6E-2
4.5	7.3E-2	-	-	1.3E-2	2.8E-2	9.7E-3	1.6E-2
4.75	6.9E-2	-	-	9.7E-3	2.8E-2	9.9E-3	1.7E-2
5	6.6E-2	2.6E-4	2.0E-2	7.0E-3	2.7E-2	1.0E-2	1.7E-2
5.5	6.2E-2	-	-	3.8E-3	2.6E-2	1.0E-2	1.7E-2
6	6.1E-2	2.0E-4	5.2E-3	2.2E-3	2.5E-2	1.1E-2	1.8E-2
6.5	5.9E-2	-	-	1.4E-3	2.4E-2	1.1E-2	1.8E-2
7	5.9E-2	1.5E-4	1.5E-3	9.9E-4	2.4E-2	1.1E-2	1.8E-2
7.5	5.8E-2	-	-	7.7E-4	2.3E-2	1.1E-2	1.9E-2
8	5.8E-2	1.2E-4	6.0E-4	6.5E-4	2.3E-2	1.1E-2	1.9E-2
8.5	5.8E-2	-	-	5.7E-4	2.2E-2	1.2E-2	1.9E-2
9	5.8E-2	9.3E-5	3.6E-4	5.1E-4	2.2E-2	1.2E-2	1.9E-2
9.5	5.8E-2	-	-	4.7E-4	2.2E-2	1.2E-2	1.9E-2
10	5.7E-2	7.7E-5	2.6E-4	4.3E-4	2.1E-2	1.2E-2	2.0E-2
11	5.7E-2	6.5E-5	2.1E-4	3.7E-4	2.1E-2	1.2E-2	2.0E-2
12	5.7E-2	5.6E-5	1.8E-4	3.3E-4	2.1E-2	1.2E-2	2.0E-2
13	5.7E-2	5.0E-5	1.5E-4	3.0E-4	2.0E-2	1.2E-2	2.0E-2
14	5.6E-2	4.4E-5	1.3E-4	2.7E-4	2.0E-2	1.2E-2	2.0E-2
15	5.6E-2	4.0E-5	1.2E-4	2.5E-4	2.0E-2	1.2E-2	2.0E-2
16	5.6E-2	3.7E-5	1.0E-4	2.3E-4	2.0E-2	1.2E-2	2.0E-2
17	5.6E-2	3.4E-5	9.3E-5	2.1E-4	1.9E-2	1.2E-2	2.0E-2
18	5.6E-2	3.2E-5	8.4E-5	2.0E-4	1.9E-2	1.2E-2	2.0E-2
19	5.6E-2	3.0E-5	7.7E-5	1.9E-4	1.9E-2	1.2E-2	2.0E-2
20	5.6E-2	2.8E-5	7.1E-5	1.8E-4	1.9E-2	1.2E-2	2.0E-2
21	5.6E-2	2.6E-5	6.6E-5	1.7E-4	1.9E-2	1.3E-2	2.0E-2
22	5.6E-2	2.5E-5	6.2E-5	1.7E-4	1.9E-2	1.3E-2	2.1E-2
23	5.5E-2	2.4E-5	5.9E-5	1.6E-4	1.8E-2	1.3E-2	2.1E-2
24	5.5E-2	2.3E-5	5.6E-5	1.6E-4	1.8E-2	1.3E-2	2.1E-2
25	5.5E-2	2.2E-5	5.4E-5	1.6E-4	1.8E-2	1.3E-2	2.1E-2
26	5.5E-2	2.1E-5	5.2E-5	1.5E-4	1.8E-2	1.3E-2	2.1E-2
27	5.5E-2	2.0E-5	5.0E-5	1.5E-4	1.8E-2	1.3E-2	2.1E-2
28	5.5E-2	1.9E-5	4.9E-5	1.5E-4	1.8E-2	1.3E-2	2.1E-2
29	5.5E-2	1.8E-5	4.8E-5	1.4E-4	1.8E-2	1.3E-2	2.1E-2
30	5.5E-2	1.8E-5	4.7E-5	1.4E-4	1.8E-2	1.3E-2	2.1E-2
31	5.5E-2	1.7E-5	4.6E-5	1.4E-4	1.7E-2	1.3E-2	2.1E-2
32	5.5E-2	1.7E-5	4.5E-5	1.4E-4	1.7E-2	1.3E-2	2.1E-2
33	5.5E-2	1.6E-5	4.4E-5	1.4E-4	1.7E-2	1.3E-2	2.1E-2
34	5.5E-2	1.6E-5	4.3E-5	1.4E-4	1.7E-2	1.3E-2	2.1E-2
35	5.5E-2	1.6E-5	4.3E-5	1.4E-4	1.7E-2	1.3E-2	2.1E-2
36	5.5E-2	1.5E-5	4.2E-5	1.3E-4	1.7E-2	1.3E-2	2.1E-2
37	5.5E-2	1.5E-5	4.2E-5	1.3E-4	1.7E-2	1.3E-2	2.1E-2
38	5.4E-2	1.5E-5	4.1E-5	1.3E-4	1.7E-2	1.3E-2	2.1E-2
39	5.4E-2	1.4E-5	4.1E-5	1.3E-4	1.7E-2	1.3E-2	2.1E-2
40	5.4E-2	1.4E-5	4.0E-5	1.3E-4	1.6E-2	1.3E-2	2.1E-2
41	5.4E-2	1.4E-5	4.0E-5	1.3E-4	1.6E-2	1.3E-2	2.1E-2
42	5.4E-2	1.4E-5	3.9E-5	1.3E-4	1.6E-2	1.3E-2	2.1E-2
43	5.4E-2	1.3E-5	3.9E-5	1.3E-4	1.6E-2	1.3E-2	2.1E-2
44	5.4E-2	1.3E-5	3.9E-5	1.3E-4	1.6E-2	1.3E-2	2.1E-2
45	5.4E-2	1.3E-5	3.8E-5	1.2E-4	1.6E-2	1.3E-2	2.2E-2
46	5.4E-2	1.3E-5	3.8E-5	1.2E-4	1.6E-2	1.4E-2	2.2E-2
47	5.4E-2	1.3E-5	3.8E-5	1.2E-4	1.6E-2	1.4E-2	2.2E-2
48	5.4E-2	1.3E-5	3.7E-5	1.2E-4	1.6E-2	1.4E-2	2.2E-2
49	5.4E-2	1.3E-5	3.7E-5	1.2E-4	1.5E-2	1.4E-2	2.2E-2
50	5.4E-2	1.2E-5	3.6E-5	1.2E-4	1.5E-2	1.4E-2	2.2E-2
51	5.4E-2	1.2E-5	3.6E-5	1.2E-4	1.5E-2	1.4E-2	2.2E-2
52	5.4E-2	1.2E-5	3.6E-5	1.2E-4	1.5E-2	1.4E-2	2.2E-2
53	5.4E-2	1.2E-5	3.5E-5	1.2E-4	1.5E-2	1.4E-2	2.2E-2
54	5.4E-2	1.2E-5	3.5E-5	1.2E-4	1.5E-2	1.4E-2	2.2E-2
55	5.4E-2	1.2E-5	3.5E-5	1.2E-4	1.5E-2	1.4E-2	2.2E-2
56	5.4E-2	1.2E-5	3.5E-5	1.2E-4	1.5E-2	1.4E-2	2.2E-2
57	5.4E-2	1.2E-5	3.4E-5	1.1E-4	1.5E-2	1.4E-2	2.2E-2
58	5.3E-2	1.2E-5	3.4E-5	1.1E-4	1.4E-2	1.4E-2	2.2E-2
59	5.3E-2	1.2E-5	3.4E-5	1.1E-4	1.4E-2	1.4E-2	2.2E-2
60	5.3E-2	1.2E-5	3.3E-5	1.1E-4	1.4E-2	1.4E-2	2.2E-2
61	5.3E-2	1.2E-5	3.3E-5	1.1E-4	1.4E-2	1.4E-2	2.2E-2
62	5.3E-2	1.1E-5	3.3E-5	1.1E-4	1.4E-2	1.4E-2	2.2E-2
63	5.3E-2	1.1E-5	3.3E-5	1.1E-4	1.4E-2	1.4E-2	2.2E-2
64	5.3E-2	1.1E-5	3.2E-5	1.1E-4	1.4E-2	1.4E-2	2.2E-2
65	5.3E-2	1.1E-5	3.2E-5	1.1E-4	1.4E-2	1.4E-2	2.2E-2
66	5.3E-2	1.1E-5	3.2E-5	1.1E-4	1.4E-2	1.4E-2	2.2E-2
67	5.3E-2	1.1E-5	3.1E-5	1.1E-4	1.4E-2	1.4E-2	2.2E-2
68	5.3E-2	1.1E-5	3.1E-5	1.1E-4	1.4E-2	1.4E-2	2.2E-2
69	5.3E-2	1.1E-5	3.1E-5	1.1E-4	1.3E-2	1.4E-2	2.2E-2
70	5.3E-2	1.1E-5	3.1E-5	1.1E-4	1.3E-2	1.4E-2	2.2E-2
71	5.3E-2	1.1E-5	3.0E-5	1.0E-4	1.3E-2	1.4E-2	2.2E-2
72	5.3E-2	1.1E-5	3.0E-5	1.0E-4	1.3E-2	1.4E-2	2.2E-2
73	5.3E-2	1.1E-5	3.0E-5	1.0E-4	1.3E-2	1.4E-2	2.2E-2
74	5.3E-2	1.1E-5	3.0E-5	1.0E-4	1.3E-2	1.5E-2	2.2E-2
75	5.3E-2	1.1E-5	2.9E-5	1.0E-4	1.3E-2	1.5E-2	2.2E-2
76	5.3E-2	1.1E-5	2.9E-5	1.0E-4	1.3E-2	1.5E-2	2.2E-2
77	5.3E-2	1.1E-5	2.9E-5	1.0E-4	1.3E-2	1.5E-2	2.2E-2
78	5.3E-2	1.1E-5	2.9E-5	1.0E-4	1.3E-2	1.5E-2	2.2E-2
79	5.3E-2	1.1E-5	2.8E-5	1.0E-4	1.3E-2	1.5E-2	2.2E-2
80	5.3E-2	1.1E-5	2.8E-5	9.9E-5	1.2E-2	1.5E-2	2.3E-2
81	5.3E-2	1.1E-5	2.8E-5	9.9E-5	1.2E-2	1.5E-2	2.3E-2
82	5.2E-2	1.1E-5	2.8E-5	9.8E-5	1.2E-2	1.5E-2	2.3E-2
83	5.2E-2	1.0E-5	2.7E-5	9.7E-5	1.2E-2	1.5E-2	2.3E-2
84	5.2E-2	1.0E-5	2.7E-5	9.7E-5	1.2E-2	1.5E-2	2.3E-2
85	5.2E-2	1.0E-5	2.7E-5	9.6E-5	1.2E-2	1.5E-2	2.3E-2
86	5.2E-2	1.0E-5	2.7E-5	9.6E-5	1.2E-2	1.5E-2	2.3E-2
87	5.2E-2	1.0E-5	2.7E-5	9.5E-5	1.2E-2	1.5E-2	2.3E-2
88	5.2E-2	1.0E-5	2.6E-5	9.5E-5	1.2E-2	1.5E-2	2.3E-2
89	5.2E-2	1.0E-5	2.6E-5	9.4E-5	1.2E-2	1.5E-2	2.3E-2
90	5.2E-2	1.0E-5	2.6E-5	9.4E-5	1.2E-2	1.5E-2	2.3E-2
91	5.2E-2	1.0E-5	2.6E-5	9.3E-5	1.2E-2	1.5E-2	2.3E-2
92	5.2E-2	1.0E-5	2.5E-5	9.3E-5	1.2E-2	1.5E-2	2.3E-2
93	5.2E-2	1.0E-5	2.5E-5	9.2E-5	1.1E-2	1.5E-2	2.3E-2
94	5.2E-2	1.0E-5	2.5E-5	9.2E-5	1.1E-2	1.5E-2	2.3E-2
95	5.2E-2	1.0E-5	2.5E-5	9.1E-5	1.1E-2	1.5E-2	2.3E-2
96	5.2E-2	1.0E-5	2.5E-5	9.1E-5	1.1E-2	1.5E-2	2.3E-2
97	5.2E-2	1.0E-5	2.4E-5	9.0E-5	1.1E-2	1.5E-2	2.3E-2
98	5.2E-2	1.0E-5	2.4E-5	9.0E-5	1.1E-2	1.5E-2	2.3E-2
99	5.2E-2	9.9E-6	2.4E-5	8.9E-5	1.1E-2	1.5E-2	2.3E-2
100	5.2E-2	9.9E-6	2.4E-5	8.9E-5	1.1E-2	1.5E-2	2.3E-2
110	5.2E-2	9.6E-6	2.2E-5	8.4E-5	1.0E-2	1.6E-2	2.3E-2
120	5.1E-2	9.3E-6	2.0E-5	8.0E-5	9.5E-3	1.6E-2	2.3E-2
130	5.1E-2	9.0E-6	1.9E-5	7.7E-5	8.9E-3	1.6E-2	2.3E-2
140	5.1E-2	8.7E-6	1.7E-5	7.3E-5	8.3E-3	1.6E-2	2.3E-2
150	5.0E-2	8.5E-6	1.6E-5	7.0E-5	7.8E-3	1.7E-2	2.3E-2
160	5.0E-2	8.2E-6	1.5E-5	6.8E-5	7.3E-3	1.7E-2	2.3E-2
170	5.0E-2	8.0E-6	1.4E-5	6.5E-5	6.9E-3	1.7E-2	2.4E-2
180	5.0E-2	7.8E-6	1.3E-5	6.3E-5	6.4E-3	1.7E-2	2.4E-2
190	5.0E-2	7.6E-6	1.2E-5	6.1E-5	6.0E-3	1.8E-2	2.4E-2
200	4.9E-2	7.4E-6	1.1E-5	5.9E-5	5.6E-3	1.8E-2	2.4E-2
210	4.9E-2	7.2E-6	1.0E-5	5.8E-5	5.3E-3	1.8E-2	2.3E-2
220	4.9E-2	7.0E-6	9.8E-6	5.6E-5	5.0E-3	1.8E-2	2.3E-2
230	4.9E-2	6.9E-6	9.1E-6	5.5E-5	4.7E-3	1.9E-2	2.3E-2
240	4.9E-2	6.7E-6	8.5E-6	5.4E-5	4.4E-3	1.9E-2	2.3E-2
250	4.9E-2	6.6E-6	8.0E-6	5.3E-5	4.1E-3	1.9E-2	2.3E-2
260	4.8E-2	6.4E-6	7.5E-6	5.2E-5	3.9E-3	1.9E-2	2.3E-2
270	4.8E-2	6.3E-6	7.0E-6	5.1E-5	3.6E-3	1.9E-2	2.3E-2
280	4.8E-2	6.2E-6	6.6E-6	5.0E-5	3.4E-3	1.9E-2	2.3E-2
290	4.8E-2	6.1E-6	6.2E-6	4.9E-5	3.2E-3	2.0E-2	2.3E-2
300	4.8E-2	6.0E-6	5.8E-6	4.9E-5	3.0E-3	2.0E-2	2.3E-2
310	4.8E-2	5.9E-6	5.5E-6	4.8E-5	2.8E-3	2.0E-2	2.3E-2
320	4.8E-2	5.8E-6	5.1E-6	4.7E-5	2.7E-3	2.0E-2	2.3E-2
330	4.8E-2	5.7E-6	4.8E-6	4.7E-5	2.5E-3	2.0E-2	2.3E-2
340	4.7E-2	5.6E-6	4.6E-6	4.6E-5	2.4E-3	2.0E-2	2.3E-2
350	4.7E-2	5.5E-6	4.3E-6	4.6E-5	2.2E-3	2.0E-2	2.2E-2
360	4.7E-2	5.4E-6	4.1E-6	4.6E-5	2.1E-3	2.1E-2	2.2E-2
365	4.7E-2	5.4E-6	4.0E-6	4.6E-5	2.0E-3	2.1E-2	2.2E-2
370	4.7E-2	5.3E-6	3.9E-6	4.5E-5	2.0E-3	2.1E-2	2.2E-2
380	4.7E-2	5.3E-6	3.7E-6	4.5E-5	1.9E-3	2.1E-2	2.2E-2
390	4.7E-2	5.2E-6	3.5E-6	4.5E-5	1.8E-3	2.1E-2	2.2E-2
400	4.7E-2	5.1E-6	3.3E-6	4.5E-5	1.7E-3	2.1E-2	2.2E-2
410	4.7E-2	5.1E-6	3.2E-6	4.5E-5	1.6E-3	2.1E-2	2.2E-2
420	4.7E-2	5.0E-6	3.0E-6	4.4E-5	1.5E-3	2.1E-2	2.2E-2
430	4.7E-2	4.9E-6	2.9E-6	4.4E-5	1.4E-3	2.2E-2	2.2E-2
440	4.7E-2	4.9E-6	2.7E-6	4.4E-5	1.3E-3	2.2E-2	2.1E-2
450	4.6E-2	4.8E-6	2.6E-6	4.4E-5	1.3E-3	2.2E-2	2.1E-2
460	4.6E-2	4.8E-6	2.5E-6	4.4E-5	1.2E-3	2.2E-2	2.1E-2
470	4.6E-2	4.7E-6	2.4E-6	4.4E-5	1.1E-3	2.2E-2	2.1E-2
480	4.6E-2	4.7E-6	2.3E-6	4.4E-5	1.1E-3	2.2E-2	2.1E-2
490	4.6E-2	4.6E-6	2.2E-6	4.4E-5	1.0E-3	2.2E-2	2.1E-2
500	4.6E-2	4.6E-6	2.2E-6	4.4E-5	9.7E-4	2.2E-2	2.1E-2
510	4.6E-2	4.5E-6	2.1E-6	4.4E-5	9.2E-4	2.2E-2	2.1E-2
520	4.6E-2	4.5E-6	2.0E-6	4.4E-5	8.8E-4	2.3E-2	2.0E-2
530	4.6E-2	4.5E-6	1.9E-6	4.4E-5	8.3E-4	2.3E-2	2.0E-2
540	4.6E-2	4.4E-6	1.9E-6	4.4E-5	7.9E-4	2.3E-2	2.0E-2
550	4.6E-2	4.4E-6	1.8E-6	4.4E-5	7.5E-4	2.3E-2	2.0E-2
560	4.6E-2	4.3E-6	1.8E-6	4.4E-5	7.2E-4	2.3E-2	2.0E-2
570	4.6E-2	4.3E-6	1.7E-6	4.4E-5	6.9E-4	2.3E-2	2.0E-2
580	4.6E-2	4.3E-6	1.7E-6	4.4E-5	6.5E-4	2.3E-2	2.0E-2
590	4.6E-2	4.2E-6	1.6E-6	4.4E-5	6.2E-4	2.3E-2	2.0E-2
600	4.6E-2	4.2E-6	1.6E-6	4.4E-5	6.0E-4	2.3E-2	1.9E-2
610	4.5E-2	4.2E-6	1.6E-6	4.4E-5	5.7E-4	2.3E-2	1.9E-2
620	4.5E-2	4.1E-6	1.5E-6	4.4E-5	5.5E-4	2.3E-2	1.9E-2
630	4.5E-2	4.1E-6	1.5E-6	4.4E-5	5.2E-4	2.4E-2	1.9E-2
640	4.5E-2	4.1E-6	1.5E-6	4.4E-5	5.0E-4	2.4E-2	1.9E-2
650	4.5E-2	4.0E-6	1.4E-6	4.5E-5	4.8E-4	2.4E-2	1.9E-2
660	4.5E-2	4.0E-6	1.4E-6	4.5E-5	4.6E-4	2.4E-2	1.9E-2
670	4.5E-2	4.0E-6	1.4E-6	4.5E-5	4.4E-4	2.4E-2	1.9E-2
680	4.5E-2	3.9E-6	1.3E-6	4.5E-5	4.2E-4	2.4E-2	1.8E-2
690	4.5E-2	3.9E-6	1.3E-6	4.5E-5	4.1E-4	2.4E-2	1.8E-2
700	4.5E-2	3.9E-6	1.3E-6	4.5E-5	3.9E-4	2.4E-2	1.8E-2
710	4.5E-2	3.9E-6	1.3E-6	4.5E-5	3.8E-4	2.4E-2	1.8E-2
720	4.5E-2	3.8E-6	1.3E-6	4.5E-5	3.6E-4	2.4E-2	1.8E-2
730	4.5E-2	3.8E-6	1.2E-6	4.5E-5	3.5E-4	2.4E-2	1.8E-2
740	4.5E-2	3.8E-6	1.2E-6	4.5E-5	3.4E-4	2.4E-2	1.8E-2
750	4.5E-2	3.8E-6	1.2E-6	4.6E-5	3.3E-4	2.4E-2	1.8E-2
760	4.5E-2	3.7E-6	1.2E-6	4.6E-5	3.2E-4	2.5E-2	1.8E-2
770	4.5E-2	3.7E-6	1.2E-6	4.6E-5	3.1E-4	2.5E-2	1.7E-2
780	4.5E-2	3.7E-6	1.2E-6	4.6E-5	3.0E-4	2.5E-2	1.7E-2
790	4.5E-2	3.7E-6	1.1E-6	4.6E-5	2.9E-4	2.5E-2	1.7E-2
800	4.4E-2	3.6E-6	1.1E-6	4.6E-5	2.8E-4	2.5E-2	1.7E-2
810	4.4E-2	3.6E-6	1.1E-6	4.6E-5	2.7E-4	2.5E-2	1.7E-2
820	4.4E-2	3.6E-6	1.1E-6	4.6E-5	2.6E-4	2.5E-2	1.7E-2
830	4.4E-2	3.6E-6	1.1E-6	4.6E-5	2.6E-4	2.5E-2	1.7E-2
840	4.4E-2	3.5E-6	1.1E-6	4.7E-5	2.5E-4	2.5E-2	1.7E-2
850	4.4E-2	3.5E-6	1.1E-6	4.7E-5	2.4E-4	2.5E-2	1.7E-2
860	4.4E-2	3.5E-6	1.1E-6	4.7E-5	2.4E-4	2.5E-2	1.6E-2
870	4.4E-2	3.5E-6	1.1E-6	4.7E-5	2.3E-4	2.5E-2	1.6E-2
880	4.4E-2	3.5E-6	1.0E-6	4.7E-5	2.3E-4	2.5E-2	1.6E-2
890	4.4E-2	3.4E-6	1.0E-6	4.7E-5	2.2E-4	2.5E-2	1.6E-2
900	4.4E-2	3.4E-6	1.0E-6	4.7E-5	2.2E-4	2.5E-2	1.6E-2
910	4.4E-2	3.4E-6	1.0E-6	4.7E-5	2.1E-4	2.5E-2	1.6E-2
920	4.4E-2	3.4E-6	1.0E-6	4.7E-5	2.1E-4	2.6E-2	1.6E-2
930	4.4E-2	3.4E-6	1.0E-6	4.8E-5	2.0E-4	2.6E-2	1.6E-2
940	4.4E-2	3.3E-6	1.0E-6	4.8E-5	2.0E-4	2.6E-2	1.6E-2
950	4.4E-2	3.3E-6	9.9E-7	4.8E-5	2.0E-4	2.6E-2	1.5E-2
960	4.4E-2	3.3E-6	9.8E-7	4.8E-5	1.9E-4	2.6E-2	1.5E-2
970	4.4E-2	3.3E-6	9.8E-7	4.8E-5	1.9E-4	2.6E-2	1.5E-2
980	4.4E-2	3.3E-6	9.7E-7	4.8E-5	1.9E-4	2.6E-2	1.5E-2
990	4.4E-2	3.2E-6	9.6E-7	4.8E-5	1.8E-4	2.6E-2	1.5E-2
1000	4.4E-2	3.2E-6	9.6E-7	4.8E-5	1.8E-4	2.6E-2	1.5E-2
1010	4.4E-2	3.2E-6	9.5E-7	4.8E-5	1.8E-4	2.6E-2	1.5E-2
1020	4.3E-2	3.2E-6	9.4E-7	4.8E-5	1.7E-4	2.6E-2	1.5E-2
1030	4.3E-2	3.2E-6	9.4E-7	4.9E-5	1.7E-4	2.6E-2	1.5E-2
1040	4.3E-2	3.2E-6	9.3E-7	4.9E-5	1.7E-4	2.6E-2	1.5E-2
1050	4.3E-2	3.1E-6	9.3E-7	4.9E-5	1.7E-4	2.6E-2	1.5E-2
1060	4.3E-2	3.1E-6	9.2E-7	4.9E-5	1.7E-4	2.6E-2	1.4E-2
1070	4.3E-2	3.1E-6	9.1E-7	4.9E-5	1.6E-4	2.6E-2	1.4E-2
1080	4.3E-2	3.1E-6	9.1E-7	4.9E-5	1.6E-4	2.6E-2	1.4E-2
1090	4.3E-2	3.1E-6	9.0E-7	4.9E-5	1.6E-4	2.6E-2	1.4E-2
1095	4.3E-2	3.1E-6	9.0E-7	4.9E-5	1.6E-4	2.6E-2	1.4E-2
1100	4.3E-2	3.1E-6	9.0E-7	4.9E-5	1.6E-4	2.6E-2	1.4E-2
1200	4.3E-2	2.9E-6	8.5E-7	5.0E-5	1.5E-4	2.7E-2	1.3E-2
1300	4.2E-2	2.8E-6	8.0E-7	5.1E-5	1.4E-4	2.7E-2	1.2E-2
1400	4.2E-2	2.6E-6	7.7E-7	5.2E-5	1.4E-4	2.8E-2	1.2E-2
1500	4.2E-2	2.5E-6	7.3E-7	5.3E-5	1.3E-4	2.8E-2	1.1E-2
1600	4.1E-2	2.4E-6	7.0E-7	5.4E-5	1.3E-4	2.8E-2	1.0E-2
1700	4.1E-2	2.3E-6	6.7E-7	5.5E-5	1.3E-4	2.8E-2	9.9E-3
1800	4.1E-2	2.2E-6	6.4E-7	5.6E-5	1.3E-4	2.9E-2	9.4E-3
1900	4.1E-2	2.1E-6	6.1E-7	5.6E-5	1.3E-4	2.9E-2	8.9E-3
2000	4.0E-2	2.0E-6	5.9E-7	5.7E-5	1.3E-4	2.9E-2	8.4E-3
2100	4.0E-2	1.9E-6	5.6E-7	5.8E-5	1.3E-4	2.9E-2	8.0E-3
2200	4.0E-2	1.9E-6	5.4E-7	5.8E-5	1.3E-4	2.9E-2	7.6E-3
2300	4.0E-2	1.8E-6	5.2E-7	5.9E-5	1.3E-4	2.9E-2	7.3E-3
2400	3.9E-2	1.7E-6	5.0E-7	6.0E-5	1.3E-4	2.9E-2	7.0E-3
2500	3.9E-2	1.7E-6	4.8E-7	6.0E-5	1.3E-4	2.9E-2	6.7E-3
2600	3.9E-2	1.6E-6	4.7E-7	6.1E-5	1.3E-4	2.9E-2	6.4E-3
2700	3.9E-2	1.6E-6	4.5E-7	6.1E-5	1.3E-4	2.9E-2	6.1E-3
2800	3.8E-2	1.5E-6	4.4E-7	6.2E-5	1.3E-4	2.9E-2	5.9E-3
2900	3.8E-2	1.5E-6	4.2E-7	6.2E-5	1.3E-4	2.9E-2	5.6E-3
3000	3.8E-2	1.4E-6	4.1E-7	6.3E-5	1.3E-4	3.0E-2	5.4E-3
3100	3.8E-2	1.4E-6	4.0E-7	6.3E-5	1.3E-4	3.0E-2	5.2E-3
3200	3.8E-2	1.3E-6	3.9E-7	6.4E-5	1.3E-4	3.0E-2	5.0E-3
3300	3.8E-2	1.3E-6	3.7E-7	6.4E-5	1.3E-4	2.9E-2	4.9E-3
3400	3.7E-2	1.3E-6	3.6E-7	6.5E-5	1.3E-4	2.9E-2	4.7E-3
3500	3.7E-2	1.2E-6	3.5E-7	6.5E-5	1.3E-4	2.9E-2	4.5E-3
3600	3.7E-2	1.2E-6	3.4E-7	6.5E-5	1.3E-4	2.9E-2	4.4E-3
3650	3.7E-2	1.2E-6	3.4E-7	6.6E-5	1.3E-4	2.9E-2	4.3E-3
4000	3.6E-2	1.1E-6	3.1E-7	6.7E-5	1.4E-4	2.9E-2	3.9E-3
5000	3.5E-2	8.4E-7	2.4E-7	7.0E-5	1.4E-4	2.9E-2	3.0E-3
6000	3.4E-2	6.9E-7	2.0E-7	7.2E-5	1.4E-4	2.8E-2	2.4E-3
7000	3.3E-2	5.8E-7	1.7E-7	7.3E-5	1.4E-4	2.8E-2	2.0E-3
8000	3.3E-2	5.0E-7	1.4E-7	7.4E-5	1.4E-4	2.7E-2	1.7E-3
9000	3.2E-2	4.3E-7	1.2E-7	7.5E-5	1.4E-4	2.7E-2	1.4E-3
10000	3.2E-2	3.8E-7	1.1E-7	7.5E-5	1.4E-4	2.7E-2	1.3E-3
11000	3.1E-2	3.5E-7	1.0E-7	7.5E-5	1.4E-4	2.6E-2	1.1E-3
12000	3.1E-2	3.2E-7	9.2E-8	7.5E-5	1.4E-4	2.6E-2	1.0E-3
13000	3.0E-2	3.0E-7	8.6E-8	7.5E-5	1.4E-4	2.6E-2	9.5E-4
14000	3.0E-2	2.8E-7	8.1E-8	7.5E-5	1.4E-4	2.5E-2	8.9E-4
15000	3.0E-2	2.7E-7	7.7E-8	7.5E-5	1.4E-4	2.5E-2	8.4E-4
16000	2.9E-2	2.6E-7	7.4E-8	7.5E-5	1.4E-4	2.5E-2	8.0E-4
17000	2.9E-2	2.5E-7	7.1E-8	7.5E-5	1.4E-4	2.4E-2	7.7E-4
18000	2.9E-2	2.4E-7	6.9E-8	7.4E-5	1.4E-4	2.4E-2	7.5E-4
18250	2.8E-2	2.4E-7	6.9E-8	7.4E-5	1.4E-4	2.4E-2	7.4E-4
