Radionuclide	Nb-95m
Route of Intake	Injection
Material	Injection, fA=1E-2
AMTD/AMAD, µm	-

Content in an Organ or Excreta Sample per Intake (Reference Bioassay Functions m(t)), Bq per Bq
Time, days	Whole Body	Urine (24-hour sample)	Faeces (24-hour sample)	Alimentary Tract*	Skeleton*	Liver*
0.041667	9.9E-1	-	-	6.3E-2	6.6E-2	9.1E-2
0.083333	9.6E-1	-	-	5.8E-2	6.4E-2	8.5E-2
0.125	9.4E-1	-	-	5.5E-2	6.2E-2	8.1E-2
0.25	8.8E-1	-	-	4.9E-2	6.1E-2	7.5E-2
0.375	8.3E-1	-	-	4.7E-2	6.1E-2	7.3E-2
0.5	7.9E-1	-	-	4.5E-2	6.2E-2	7.2E-2
0.625	7.6E-1	-	-	4.4E-2	6.2E-2	7.2E-2
0.75	7.3E-1	-	-	4.3E-2	6.3E-2	7.1E-2
0.875	7.0E-1	-	-	4.2E-2	6.3E-2	7.1E-2
1	6.8E-1	1.5E-1	1.8E-3	4.1E-2	6.4E-2	7.0E-2
1.125	6.5E-1	-	-	3.9E-2	6.4E-2	7.0E-2
1.25	6.3E-1	-	-	3.8E-2	6.4E-2	6.9E-2
1.375	6.0E-1	-	-	3.6E-2	6.4E-2	6.8E-2
1.5	5.8E-1	-	-	3.5E-2	6.4E-2	6.7E-2
1.625	5.6E-1	-	-	3.4E-2	6.4E-2	6.7E-2
1.75	5.4E-1	-	-	3.2E-2	6.4E-2	6.6E-2
1.875	5.2E-1	-	-	3.1E-2	6.4E-2	6.5E-2
2	5.0E-1	5.5E-2	6.0E-3	3.0E-2	6.3E-2	6.4E-2
2.25	4.6E-1	-	-	2.7E-2	6.3E-2	6.2E-2
2.5	4.3E-1	-	-	2.5E-2	6.2E-2	6.0E-2
2.75	4.0E-1	-	-	2.2E-2	6.1E-2	5.8E-2
3	3.7E-1	3.6E-2	5.7E-3	2.0E-2	5.9E-2	5.6E-2
3.25	3.4E-1	-	-	1.9E-2	5.8E-2	5.3E-2
3.5	3.2E-1	-	-	1.7E-2	5.7E-2	5.1E-2
3.75	3.0E-1	-	-	1.5E-2	5.5E-2	4.9E-2
4	2.8E-1	2.3E-2	4.3E-3	1.4E-2	5.4E-2	4.7E-2
4.25	2.6E-1	-	-	1.3E-2	5.2E-2	4.5E-2
4.5	2.4E-1	-	-	1.2E-2	5.1E-2	4.3E-2
4.75	2.2E-1	-	-	1.0E-2	4.9E-2	4.1E-2
5	2.1E-1	1.5E-2	3.0E-3	9.5E-3	4.7E-2	4.0E-2
5.5	1.8E-1	-	-	7.8E-3	4.4E-2	3.6E-2
6	1.6E-1	1.0E-2	2.1E-3	6.5E-3	4.1E-2	3.3E-2
6.5	1.4E-1	-	-	5.4E-3	3.8E-2	3.0E-2
7	1.2E-1	6.6E-3	1.5E-3	4.4E-3	3.5E-2	2.7E-2
7.5	1.1E-1	-	-	3.7E-3	3.3E-2	2.5E-2
8	9.8E-2	4.3E-3	1.0E-3	3.0E-3	3.0E-2	2.2E-2
8.5	8.7E-2	-	-	2.5E-3	2.8E-2	2.0E-2
9	7.7E-2	2.9E-3	7.0E-4	2.1E-3	2.5E-2	1.8E-2
9.5	6.9E-2	-	-	1.7E-3	2.3E-2	1.7E-2
10	6.1E-2	1.9E-3	4.8E-4	1.4E-3	2.1E-2	1.5E-2
11	4.9E-2	1.3E-3	3.2E-4	9.9E-4	1.8E-2	1.2E-2
12	3.9E-2	8.4E-4	2.2E-4	6.9E-4	1.5E-2	1.0E-2
13	3.2E-2	5.6E-4	1.5E-4	4.9E-4	1.2E-2	8.4E-3
14	2.6E-2	3.8E-4	1.0E-4	3.5E-4	1.0E-2	6.9E-3
15	2.1E-2	2.6E-4	6.8E-5	2.5E-4	8.5E-3	5.7E-3
16	1.7E-2	1.8E-4	4.6E-5	1.8E-4	7.1E-3	4.6E-3
17	1.4E-2	1.2E-4	3.1E-5	1.3E-4	5.9E-3	3.8E-3
18	1.1E-2	8.4E-5	2.1E-5	9.8E-5	4.9E-3	3.1E-3
19	9.3E-3	5.9E-5	1.5E-5	7.3E-5	4.0E-3	2.6E-3
20	7.6E-3	4.2E-5	1.0E-5	5.6E-5	3.3E-3	2.1E-3
21	6.3E-3	3.0E-5	7.1E-6	4.3E-5	2.8E-3	1.7E-3
22	5.1E-3	2.2E-5	5.0E-6	3.3E-5	2.3E-3	1.4E-3
23	4.2E-3	1.6E-5	3.5E-6	2.6E-5	1.9E-3	1.2E-3
24	3.5E-3	1.2E-5	2.5E-6	2.0E-5	1.6E-3	9.7E-4
25	2.9E-3	9.2E-6	1.8E-6	1.6E-5	1.3E-3	7.9E-4
26	2.3E-3	7.0E-6	1.3E-6	1.3E-5	1.1E-3	6.5E-4
27	1.9E-3	5.4E-6	9.9E-7	1.0E-5	8.8E-4	5.4E-4
28	1.6E-3	4.2E-6	7.4E-7	8.2E-6	7.3E-4	4.4E-4
29	1.3E-3	3.3E-6	5.6E-7	6.6E-6	6.0E-4	3.6E-4
30	1.1E-3	2.6E-6	4.3E-7	5.3E-6	5.0E-4	3.0E-4
31	8.9E-4	2.1E-6	3.3E-7	4.3E-6	4.1E-4	2.5E-4
32	7.3E-4	1.7E-6	2.6E-7	3.5E-6	3.4E-4	2.0E-4
33	6.0E-4	1.4E-6	2.1E-7	2.9E-6	2.8E-4	1.7E-4
34	4.9E-4	1.1E-6	1.6E-7	2.3E-6	2.3E-4	1.4E-4
35	4.1E-4	8.9E-7	1.3E-7	1.9E-6	1.9E-4	1.1E-4
36	3.3E-4	7.2E-7	1.0E-7	1.6E-6	1.6E-4	9.2E-5
37	2.8E-4	5.9E-7	8.4E-8	1.3E-6	1.3E-4	7.6E-5
38	2.3E-4	4.8E-7	6.8E-8	1.0E-6	1.1E-4	6.2E-5
39	1.9E-4	3.9E-7	5.5E-8	8.5E-7	8.9E-5	5.1E-5
40	1.5E-4	3.2E-7	4.5E-8	6.9E-7	7.3E-5	4.2E-5
41	1.3E-4	2.6E-7	3.6E-8	5.7E-7	6.1E-5	3.5E-5
42	1.0E-4	2.1E-7	3.0E-8	4.6E-7	5.0E-5	2.8E-5
43	8.6E-5	1.7E-7	2.4E-8	3.8E-7	4.1E-5	2.3E-5
44	7.1E-5	1.4E-7	2.0E-8	3.1E-7	3.4E-5	1.9E-5
45	5.8E-5	1.2E-7	1.6E-8	2.5E-7	2.8E-5	1.6E-5
46	4.8E-5	9.6E-8	1.3E-8	2.1E-7	2.3E-5	1.3E-5
47	3.9E-5	7.9E-8	1.1E-8	1.7E-7	1.9E-5	1.1E-5
48	3.2E-5	6.5E-8	8.9E-9	1.4E-7	1.6E-5	8.8E-6
49	2.7E-5	5.3E-8	7.3E-9	1.1E-7	1.3E-5	7.2E-6
50	2.2E-5	4.3E-8	6.0E-9	9.4E-8	1.1E-5	6.0E-6
51	1.8E-5	3.6E-8	4.9E-9	7.7E-8	9.0E-6	4.9E-6
52	1.5E-5	2.9E-8	4.0E-9	6.3E-8	7.4E-6	4.0E-6
53	1.2E-5	2.4E-8	3.3E-9	5.1E-8	6.1E-6	3.3E-6
54	1.0E-5	2.0E-8	2.7E-9	4.2E-8	5.0E-6	2.7E-6
55	8.3E-6	1.6E-8	2.2E-9	3.4E-8	4.2E-6	2.2E-6
56	6.9E-6	1.3E-8	1.8E-9	2.8E-8	3.4E-6	1.8E-6
57	5.7E-6	1.1E-8	1.5E-9	2.3E-8	2.8E-6	1.5E-6
58	4.7E-6	8.9E-9	1.2E-9	1.9E-8	2.3E-6	1.2E-6
59	3.8E-6	7.3E-9	1.0E-9	1.6E-8	1.9E-6	1.0E-6
60	3.2E-6	6.0E-9	8.2E-10	1.3E-8	1.6E-6	8.4E-7
61	2.6E-6	4.9E-9	6.8E-10	1.0E-8	1.3E-6	6.9E-7
62	2.1E-6	4.0E-9	5.5E-10	8.4E-9	1.1E-6	5.7E-7
63	1.8E-6	3.3E-9	4.6E-10	6.9E-9	9.0E-7	4.7E-7
64	1.5E-6	2.7E-9	3.7E-10	5.7E-9	7.5E-7	3.8E-7
65	1.2E-6	2.2E-9	3.1E-10	4.6E-9	6.2E-7	3.2E-7
66	9.9E-7	1.8E-9	2.5E-10	3.8E-9	5.1E-7	2.6E-7
67	8.1E-7	1.5E-9	2.1E-10	3.1E-9	4.2E-7	2.1E-7
68	6.7E-7	1.2E-9	1.7E-10	2.3E-9	3.5E-7	1.8E-7
69	5.5E-7	1.0E-9	1.4E-10	1.9E-9	2.9E-7	1.4E-7
70	4.5E-7	8.3E-10	1.1E-10	1.5E-9	2.4E-7	1.2E-7
71	3.7E-7	6.8E-10	-	1.3E-9	2.0E-7	9.8E-8
72	3.1E-7	5.6E-10	-	1.0E-9	1.6E-7	8.0E-8
73	2.5E-7	4.6E-10	-	8.4E-10	1.3E-7	6.6E-8
74	2.1E-7	3.8E-10	-	6.9E-10	1.1E-7	5.4E-8
75	1.7E-7	3.1E-10	-	5.7E-10	9.1E-8	4.5E-8
76	1.4E-7	2.5E-10	-	4.6E-10	7.5E-8	3.7E-8
77	1.2E-7	2.1E-10	-	3.8E-10	6.2E-8	3.0E-8
78	9.6E-8	1.7E-10	-	3.1E-10	5.1E-8	2.5E-8
79	7.9E-8	1.4E-10	-	2.5E-10	4.2E-8	2.0E-8
80	6.5E-8	1.2E-10	-	2.1E-10	3.5E-8	1.7E-8
81	5.4E-8	-	-	1.7E-10	2.9E-8	1.4E-8
82	4.4E-8	-	-	1.4E-10	2.4E-8	1.1E-8
83	3.6E-8	-	-	1.1E-10	2.0E-8	9.3E-9
84	3.0E-8	-	-	-	1.6E-8	7.7E-9
85	2.5E-8	-	-	-	1.3E-8	6.3E-9
86	2.0E-8	-	-	-	1.1E-8	5.2E-9
87	1.7E-8	-	-	-	9.0E-9	4.3E-9
88	1.4E-8	-	-	-	7.5E-9	3.5E-9
89	1.1E-8	-	-	-	6.2E-9	2.9E-9
90	9.4E-9	-	-	-	5.1E-9	2.4E-9
91	7.7E-9	-	-	-	4.2E-9	1.9E-9
92	6.4E-9	-	-	-	3.5E-9	1.6E-9
93	5.2E-9	-	-	-	2.9E-9	1.3E-9
94	4.3E-9	-	-	-	2.4E-9	1.1E-9
95	3.6E-9	-	-	-	2.0E-9	8.9E-10
96	2.9E-9	-	-	-	1.6E-9	7.3E-10
97	2.4E-9	-	-	-	1.3E-9	6.0E-10
98	2.0E-9	-	-	-	1.1E-9	5.0E-10
99	1.6E-9	-	-	-	9.1E-10	4.1E-10
100	1.3E-9	-	-	-	7.5E-10	3.3E-10
110	1.9E-10	-	-	-	-	-
