Radionuclide	Tb-160
Route of Intake	Inhalation
Material	Aerosols Type F, fA=5E-4
AMTD/AMAD, µm	1

Content in an Organ or Excreta Sample per Intake (Reference Bioassay Functions m(t)), Bq per Bq
Time, days	Whole Body	Urine (24-hour sample)	Faeces (24-hour sample)	Alimentary Tract*	Lungs*	Skeleton*	Liver*
0.041667	5.1E-1	-	-	1.4E-1	1.3E-1	1.5E-3	4.4E-4
0.083333	5.0E-1	-	-	1.6E-1	1.2E-1	3.3E-3	6.3E-4
0.125	4.9E-1	-	-	1.8E-1	1.1E-1	5.2E-3	8.0E-4
0.25	4.8E-1	-	-	2.1E-1	9.8E-2	1.0E-2	1.2E-3
0.375	4.7E-1	-	-	2.3E-1	8.7E-2	1.5E-2	1.7E-3
0.5	4.5E-1	-	-	2.5E-1	7.7E-2	2.0E-2	2.0E-3
0.625	4.4E-1	-	-	2.6E-1	6.9E-2	2.4E-2	2.4E-3
0.75	4.3E-1	-	-	2.6E-1	6.1E-2	2.7E-2	2.7E-3
0.875	4.1E-1	-	-	2.6E-1	5.5E-2	3.1E-2	3.0E-3
1	3.9E-1	1.1E-2	4.3E-2	2.5E-1	4.9E-2	3.4E-2	3.2E-3
1.125	3.7E-1	-	-	2.4E-1	4.4E-2	3.6E-2	3.5E-3
1.25	3.5E-1	-	-	2.3E-1	3.9E-2	3.9E-2	3.7E-3
1.375	3.3E-1	-	-	2.1E-1	3.6E-2	4.1E-2	3.9E-3
1.5	3.1E-1	-	-	2.0E-1	3.2E-2	4.3E-2	4.0E-3
1.625	2.9E-1	-	-	1.8E-1	2.9E-2	4.5E-2	4.2E-3
1.75	2.7E-1	-	-	1.6E-1	2.7E-2	4.7E-2	4.3E-3
1.875	2.6E-1	-	-	1.5E-1	2.4E-2	4.9E-2	4.5E-3
2	2.4E-1	6.6E-3	1.3E-1	1.3E-1	2.2E-2	5.0E-2	4.6E-3
2.25	2.1E-1	-	-	1.0E-1	1.9E-2	5.2E-2	4.8E-3
2.5	1.8E-1	-	-	8.1E-2	1.6E-2	5.4E-2	5.0E-3
2.75	1.6E-1	-	-	6.1E-2	1.4E-2	5.6E-2	5.1E-3
3	1.5E-1	3.1E-3	8.8E-2	4.6E-2	1.2E-2	5.7E-2	5.2E-3
3.25	1.3E-1	-	-	3.4E-2	1.1E-2	5.8E-2	5.3E-3
3.5	1.2E-1	-	-	2.5E-2	1.0E-2	5.9E-2	5.3E-3
3.75	1.2E-1	-	-	1.8E-2	9.5E-3	6.0E-2	5.4E-3
4	1.1E-1	1.5E-3	3.3E-2	1.3E-2	8.8E-3	6.0E-2	5.4E-3
4.25	1.1E-1	-	-	9.3E-3	8.4E-3	6.1E-2	5.5E-3
4.5	1.0E-1	-	-	6.7E-3	8.0E-3	6.1E-2	5.5E-3
4.75	1.0E-1	-	-	4.8E-3	7.7E-3	6.1E-2	5.5E-3
5	9.9E-2	7.4E-4	9.4E-3	3.5E-3	7.4E-3	6.1E-2	5.5E-3
5.5	9.6E-2	-	-	1.9E-3	7.0E-3	6.1E-2	5.5E-3
6	9.5E-2	4.0E-4	2.3E-3	1.1E-3	6.8E-3	6.1E-2	5.5E-3
6.5	9.4E-2	-	-	7.4E-4	6.6E-3	6.1E-2	5.5E-3
7	9.3E-2	2.5E-4	5.4E-4	5.7E-4	6.4E-3	6.1E-2	5.5E-3
7.5	9.3E-2	-	-	4.8E-4	6.3E-3	6.1E-2	5.4E-3
8	9.2E-2	1.8E-4	1.3E-4	4.4E-4	6.2E-3	6.1E-2	5.4E-3
8.5	9.2E-2	-	-	4.2E-4	6.1E-3	6.1E-2	5.4E-3
9	9.1E-2	1.5E-4	3.9E-5	4.1E-4	6.0E-3	6.0E-2	5.4E-3
9.5	9.1E-2	-	-	4.0E-4	5.9E-3	6.0E-2	5.3E-3
10	9.0E-2	1.3E-4	1.9E-5	4.0E-4	5.8E-3	6.0E-2	5.3E-3
11	8.9E-2	1.1E-4	1.4E-5	3.9E-4	5.7E-3	5.9E-2	5.3E-3
12	8.8E-2	1.0E-4	1.3E-5	3.9E-4	5.5E-3	5.9E-2	5.2E-3
13	8.7E-2	9.7E-5	1.2E-5	3.8E-4	5.3E-3	5.9E-2	5.2E-3
14	8.6E-2	9.1E-5	1.2E-5	3.7E-4	5.2E-3	5.8E-2	5.1E-3
15	8.5E-2	8.5E-5	1.1E-5	3.7E-4	5.0E-3	5.8E-2	5.1E-3
16	8.4E-2	8.0E-5	1.1E-5	3.6E-4	4.9E-3	5.7E-2	5.0E-3
17	8.3E-2	7.6E-5	1.1E-5	3.6E-4	4.7E-3	5.7E-2	5.0E-3
18	8.3E-2	7.1E-5	1.0E-5	3.5E-4	4.6E-3	5.6E-2	4.9E-3
19	8.2E-2	6.8E-5	1.0E-5	3.5E-4	4.5E-3	5.6E-2	4.9E-3
20	8.1E-2	6.4E-5	9.8E-6	3.4E-4	4.3E-3	5.6E-2	4.8E-3
21	8.0E-2	6.1E-5	9.6E-6	3.4E-4	4.2E-3	5.5E-2	4.8E-3
22	7.9E-2	5.8E-5	9.3E-6	3.3E-4	4.1E-3	5.5E-2	4.7E-3
23	7.8E-2	5.5E-5	9.0E-6	3.3E-4	4.0E-3	5.4E-2	4.7E-3
24	7.8E-2	5.3E-5	8.8E-6	3.2E-4	3.9E-3	5.4E-2	4.6E-3
25	7.7E-2	5.0E-5	8.6E-6	3.2E-4	3.8E-3	5.3E-2	4.6E-3
26	7.6E-2	4.8E-5	8.3E-6	3.2E-4	3.7E-3	5.3E-2	4.5E-3
27	7.5E-2	4.6E-5	8.1E-6	3.1E-4	3.5E-3	5.3E-2	4.5E-3
28	7.4E-2	4.4E-5	7.9E-6	3.1E-4	3.4E-3	5.2E-2	4.5E-3
29	7.4E-2	4.3E-5	7.7E-6	3.0E-4	3.3E-3	5.2E-2	4.4E-3
30	7.3E-2	4.1E-5	7.5E-6	3.0E-4	3.3E-3	5.1E-2	4.4E-3
31	7.2E-2	4.0E-5	7.2E-6	2.9E-4	3.2E-3	5.1E-2	4.3E-3
32	7.1E-2	3.8E-5	7.1E-6	2.9E-4	3.1E-3	5.0E-2	4.3E-3
33	7.1E-2	3.7E-5	6.9E-6	2.9E-4	3.0E-3	5.0E-2	4.2E-3
34	7.0E-2	3.6E-5	6.7E-6	2.8E-4	2.9E-3	5.0E-2	4.2E-3
35	6.9E-2	3.5E-5	6.5E-6	2.8E-4	2.8E-3	4.9E-2	4.2E-3
36	6.9E-2	3.4E-5	6.3E-6	2.7E-4	2.7E-3	4.9E-2	4.1E-3
37	6.8E-2	3.3E-5	6.2E-6	2.7E-4	2.7E-3	4.8E-2	4.1E-3
38	6.7E-2	3.2E-5	6.0E-6	2.7E-4	2.6E-3	4.8E-2	4.0E-3
39	6.7E-2	3.1E-5	5.8E-6	2.6E-4	2.5E-3	4.8E-2	4.0E-3
40	6.6E-2	3.0E-5	5.7E-6	2.6E-4	2.4E-3	4.7E-2	4.0E-3
41	6.5E-2	2.9E-5	5.5E-6	2.5E-4	2.4E-3	4.7E-2	3.9E-3
42	6.5E-2	2.8E-5	5.4E-6	2.5E-4	2.3E-3	4.7E-2	3.9E-3
43	6.4E-2	2.8E-5	5.2E-6	2.5E-4	2.2E-3	4.6E-2	3.8E-3
44	6.3E-2	2.7E-5	5.1E-6	2.4E-4	2.2E-3	4.6E-2	3.8E-3
45	6.3E-2	2.6E-5	5.0E-6	2.4E-4	2.1E-3	4.5E-2	3.8E-3
46	6.2E-2	2.6E-5	4.8E-6	2.4E-4	2.0E-3	4.5E-2	3.7E-3
47	6.1E-2	2.5E-5	4.7E-6	2.3E-4	2.0E-3	4.5E-2	3.7E-3
48	6.1E-2	2.5E-5	4.6E-6	2.3E-4	1.9E-3	4.4E-2	3.6E-3
49	6.0E-2	2.4E-5	4.5E-6	2.3E-4	1.9E-3	4.4E-2	3.6E-3
50	6.0E-2	2.4E-5	4.3E-6	2.2E-4	1.8E-3	4.4E-2	3.6E-3
51	5.9E-2	2.3E-5	4.2E-6	2.2E-4	1.8E-3	4.3E-2	3.5E-3
52	5.8E-2	2.3E-5	4.1E-6	2.2E-4	1.7E-3	4.3E-2	3.5E-3
53	5.8E-2	2.2E-5	4.0E-6	2.1E-4	1.7E-3	4.2E-2	3.5E-3
54	5.7E-2	2.2E-5	3.9E-6	2.1E-4	1.6E-3	4.2E-2	3.4E-3
55	5.7E-2	2.1E-5	3.8E-6	2.1E-4	1.6E-3	4.2E-2	3.4E-3
56	5.6E-2	2.1E-5	3.7E-6	2.1E-4	1.5E-3	4.1E-2	3.4E-3
57	5.5E-2	2.0E-5	3.6E-6	2.0E-4	1.5E-3	4.1E-2	3.3E-3
58	5.5E-2	2.0E-5	3.5E-6	2.0E-4	1.5E-3	4.1E-2	3.3E-3
59	5.4E-2	2.0E-5	3.4E-6	2.0E-4	1.4E-3	4.0E-2	3.3E-3
60	5.4E-2	1.9E-5	3.3E-6	1.9E-4	1.4E-3	4.0E-2	3.2E-3
61	5.3E-2	1.9E-5	3.3E-6	1.9E-4	1.3E-3	4.0E-2	3.2E-3
62	5.3E-2	1.8E-5	3.2E-6	1.9E-4	1.3E-3	3.9E-2	3.2E-3
63	5.2E-2	1.8E-5	3.1E-6	1.9E-4	1.3E-3	3.9E-2	3.1E-3
64	5.2E-2	1.8E-5	3.0E-6	1.8E-4	1.2E-3	3.9E-2	3.1E-3
65	5.1E-2	1.7E-5	2.9E-6	1.8E-4	1.2E-3	3.8E-2	3.1E-3
66	5.1E-2	1.7E-5	2.9E-6	1.8E-4	1.2E-3	3.8E-2	3.0E-3
67	5.0E-2	1.7E-5	2.8E-6	1.8E-4	1.1E-3	3.8E-2	3.0E-3
68	5.0E-2	1.7E-5	2.7E-6	1.7E-4	1.1E-3	3.7E-2	3.0E-3
69	4.9E-2	1.6E-5	2.7E-6	1.7E-4	1.1E-3	3.7E-2	2.9E-3
70	4.9E-2	1.6E-5	2.6E-6	1.7E-4	1.0E-3	3.7E-2	2.9E-3
71	4.8E-2	1.6E-5	2.5E-6	1.7E-4	1.0E-3	3.6E-2	2.9E-3
72	4.8E-2	1.5E-5	2.5E-6	1.6E-4	9.7E-4	3.6E-2	2.8E-3
73	4.7E-2	1.5E-5	2.4E-6	1.6E-4	9.5E-4	3.6E-2	2.8E-3
74	4.7E-2	1.5E-5	2.3E-6	1.6E-4	9.2E-4	3.6E-2	2.8E-3
75	4.6E-2	1.5E-5	2.3E-6	1.6E-4	8.9E-4	3.5E-2	2.8E-3
76	4.6E-2	1.4E-5	2.2E-6	1.6E-4	8.7E-4	3.5E-2	2.7E-3
77	4.5E-2	1.4E-5	2.2E-6	1.5E-4	8.4E-4	3.5E-2	2.7E-3
78	4.5E-2	1.4E-5	2.1E-6	1.5E-4	8.2E-4	3.4E-2	2.7E-3
79	4.5E-2	1.4E-5	2.1E-6	1.5E-4	8.0E-4	3.4E-2	2.6E-3
80	4.4E-2	1.3E-5	2.0E-6	1.5E-4	7.8E-4	3.4E-2	2.6E-3
81	4.4E-2	1.3E-5	2.0E-6	1.4E-4	7.5E-4	3.3E-2	2.6E-3
82	4.3E-2	1.3E-5	1.9E-6	1.4E-4	7.3E-4	3.3E-2	2.6E-3
83	4.3E-2	1.3E-5	1.9E-6	1.4E-4	7.1E-4	3.3E-2	2.5E-3
84	4.2E-2	1.3E-5	1.8E-6	1.4E-4	6.9E-4	3.3E-2	2.5E-3
85	4.2E-2	1.2E-5	1.8E-6	1.4E-4	6.7E-4	3.2E-2	2.5E-3
86	4.2E-2	1.2E-5	1.8E-6	1.4E-4	6.6E-4	3.2E-2	2.5E-3
87	4.1E-2	1.2E-5	1.7E-6	1.3E-4	6.4E-4	3.2E-2	2.4E-3
88	4.1E-2	1.2E-5	1.7E-6	1.3E-4	6.2E-4	3.1E-2	2.4E-3
89	4.0E-2	1.2E-5	1.6E-6	1.3E-4	6.0E-4	3.1E-2	2.4E-3
90	4.0E-2	1.1E-5	1.6E-6	1.3E-4	5.9E-4	3.1E-2	2.4E-3
91	4.0E-2	1.1E-5	1.6E-6	1.3E-4	5.7E-4	3.1E-2	2.3E-3
92	3.9E-2	1.1E-5	1.5E-6	1.2E-4	5.5E-4	3.0E-2	2.3E-3
93	3.9E-2	1.1E-5	1.5E-6	1.2E-4	5.4E-4	3.0E-2	2.3E-3
94	3.8E-2	1.1E-5	1.5E-6	1.2E-4	5.2E-4	3.0E-2	2.3E-3
95	3.8E-2	1.0E-5	1.4E-6	1.2E-4	5.1E-4	3.0E-2	2.2E-3
96	3.8E-2	1.0E-5	1.4E-6	1.2E-4	4.9E-4	2.9E-2	2.2E-3
97	3.7E-2	1.0E-5	1.4E-6	1.2E-4	4.8E-4	2.9E-2	2.2E-3
98	3.7E-2	1.0E-5	1.3E-6	1.1E-4	4.7E-4	2.9E-2	2.2E-3
99	3.7E-2	9.8E-6	1.3E-6	1.1E-4	4.6E-4	2.9E-2	2.1E-3
100	3.6E-2	9.6E-6	1.3E-6	1.1E-4	4.4E-4	2.8E-2	2.1E-3
110	3.3E-2	8.2E-6	1.0E-6	9.7E-5	3.4E-4	2.6E-2	1.9E-3
120	3.0E-2	7.1E-6	8.2E-7	8.4E-5	2.5E-4	2.4E-2	1.7E-3
130	2.7E-2	6.1E-6	6.7E-7	7.4E-5	1.9E-4	2.2E-2	1.5E-3
140	2.4E-2	5.3E-6	5.5E-7	6.4E-5	1.5E-4	2.0E-2	1.4E-3
150	2.2E-2	4.6E-6	4.5E-7	5.6E-5	1.1E-4	1.8E-2	1.3E-3
160	2.0E-2	4.0E-6	3.8E-7	4.9E-5	8.8E-5	1.6E-2	1.1E-3
170	1.8E-2	3.4E-6	3.2E-7	4.3E-5	6.8E-5	1.5E-2	1.0E-3
180	1.6E-2	3.0E-6	2.7E-7	3.8E-5	5.3E-5	1.4E-2	9.1E-4
190	1.5E-2	2.6E-6	2.3E-7	3.3E-5	4.2E-5	1.2E-2	8.1E-4
200	1.4E-2	2.3E-6	1.9E-7	2.9E-5	3.3E-5	1.1E-2	7.3E-4
210	1.2E-2	2.0E-6	1.7E-7	2.5E-5	2.6E-5	1.0E-2	6.6E-4
220	1.1E-2	1.8E-6	1.4E-7	2.2E-5	2.1E-5	9.4E-3	5.9E-4
230	1.0E-2	1.6E-6	1.2E-7	2.0E-5	1.7E-5	8.6E-3	5.3E-4
240	9.2E-3	1.4E-6	1.1E-7	1.7E-5	1.4E-5	7.8E-3	4.7E-4
250	8.3E-3	1.2E-6	9.4E-8	1.5E-5	1.1E-5	7.1E-3	4.3E-4
260	7.6E-3	1.1E-6	8.3E-8	1.3E-5	9.3E-6	6.5E-3	3.8E-4
270	6.9E-3	9.5E-7	7.2E-8	1.2E-5	7.7E-6	5.9E-3	3.4E-4
280	6.2E-3	8.5E-7	6.4E-8	1.0E-5	6.5E-6	5.4E-3	3.1E-4
290	5.6E-3	7.5E-7	5.6E-8	9.2E-6	5.5E-6	4.9E-3	2.8E-4
300	5.1E-3	6.7E-7	4.9E-8	8.2E-6	4.6E-6	4.5E-3	2.5E-4
310	4.6E-3	5.9E-7	4.4E-8	7.2E-6	4.0E-6	4.1E-3	2.2E-4
320	4.2E-3	5.3E-7	3.9E-8	6.4E-6	3.4E-6	3.7E-3	2.0E-4
330	3.8E-3	4.7E-7	3.4E-8	5.7E-6	2.9E-6	3.4E-3	1.8E-4
340	3.5E-3	4.2E-7	3.0E-8	5.0E-6	2.5E-6	3.1E-3	1.6E-4
350	3.1E-3	3.7E-7	2.7E-8	4.5E-6	2.2E-6	2.8E-3	1.4E-4
360	2.9E-3	3.3E-7	2.4E-8	4.0E-6	1.9E-6	2.5E-3	1.3E-4
365	2.7E-3	3.1E-7	2.3E-8	3.8E-6	1.8E-6	2.4E-3	1.2E-4
370	2.6E-3	2.9E-7	2.1E-8	3.5E-6	1.7E-6	2.3E-3	1.2E-4
380	2.4E-3	2.6E-7	1.9E-8	3.2E-6	1.5E-6	2.1E-3	1.0E-4
390	2.1E-3	2.3E-7	1.7E-8	2.8E-6	1.3E-6	1.9E-3	9.3E-5
400	1.9E-3	2.1E-7	1.5E-8	2.5E-6	1.2E-6	1.7E-3	8.3E-5
410	1.8E-3	1.9E-7	1.3E-8	2.2E-6	1.0E-6	1.6E-3	7.5E-5
420	1.6E-3	1.7E-7	1.2E-8	2.0E-6	9.1E-7	1.4E-3	6.7E-5
430	1.4E-3	1.5E-7	1.1E-8	1.8E-6	8.1E-7	1.3E-3	6.0E-5
440	1.3E-3	1.3E-7	9.6E-9	1.6E-6	7.2E-7	1.2E-3	5.4E-5
450	1.2E-3	1.2E-7	8.6E-9	1.4E-6	6.4E-7	1.1E-3	4.8E-5
460	1.1E-3	1.1E-7	7.7E-9	1.3E-6	5.7E-7	9.7E-4	4.3E-5
470	9.8E-4	9.7E-8	6.9E-9	1.2E-6	5.1E-7	8.8E-4	3.9E-5
480	8.9E-4	8.7E-8	6.2E-9	1.0E-6	4.6E-7	8.0E-4	3.5E-5
490	8.1E-4	7.8E-8	5.6E-9	9.3E-7	4.1E-7	7.3E-4	3.1E-5
500	7.3E-4	7.0E-8	5.0E-9	8.4E-7	3.7E-7	6.6E-4	2.8E-5
510	6.7E-4	6.3E-8	4.5E-9	7.5E-7	3.3E-7	6.0E-4	2.5E-5
520	6.1E-4	5.7E-8	4.0E-9	6.7E-7	3.0E-7	5.5E-4	2.2E-5
530	5.5E-4	5.1E-8	3.6E-9	6.1E-7	2.7E-7	5.0E-4	2.0E-5
540	5.0E-4	4.6E-8	3.2E-9	5.5E-7	2.4E-7	4.5E-4	1.8E-5
550	4.5E-4	4.1E-8	2.9E-9	4.9E-7	2.2E-7	4.1E-4	1.6E-5
560	4.1E-4	3.7E-8	2.6E-9	4.4E-7	1.9E-7	3.7E-4	1.4E-5
570	3.7E-4	3.3E-8	2.4E-9	4.0E-7	1.8E-7	3.4E-4	1.3E-5
580	3.4E-4	3.0E-8	2.1E-9	3.6E-7	1.6E-7	3.1E-4	1.2E-5
590	3.1E-4	2.7E-8	1.9E-9	3.2E-7	1.4E-7	2.8E-4	1.0E-5
600	2.8E-4	2.4E-8	1.7E-9	2.9E-7	1.3E-7	2.5E-4	9.4E-6
610	2.5E-4	2.2E-8	1.5E-9	2.6E-7	1.2E-7	2.3E-4	8.4E-6
620	2.3E-4	2.0E-8	1.4E-9	2.4E-7	1.0E-7	2.1E-4	7.5E-6
630	2.1E-4	1.8E-8	1.3E-9	2.2E-7	9.4E-8	1.9E-4	6.8E-6
640	1.9E-4	1.6E-8	1.1E-9	1.9E-7	8.5E-8	1.7E-4	6.1E-6
650	1.7E-4	1.4E-8	1.0E-9	1.8E-7	7.7E-8	1.6E-4	5.4E-6
660	1.6E-4	1.3E-8	9.2E-10	1.6E-7	7.0E-8	1.4E-4	4.9E-6
670	1.4E-4	1.2E-8	8.3E-10	1.4E-7	6.3E-8	1.3E-4	4.4E-6
680	1.3E-4	1.1E-8	7.5E-10	1.3E-7	5.7E-8	1.2E-4	3.9E-6
690	1.2E-4	9.6E-9	6.7E-10	1.2E-7	5.2E-8	1.1E-4	3.5E-6
700	1.1E-4	8.6E-9	6.1E-10	1.1E-7	4.7E-8	9.7E-5	3.2E-6
710	9.6E-5	7.8E-9	5.5E-10	9.6E-8	4.2E-8	8.8E-5	2.8E-6
720	8.7E-5	7.0E-9	5.0E-10	8.7E-8	3.8E-8	8.0E-5	2.5E-6
730	7.9E-5	6.4E-9	4.5E-10	7.9E-8	3.5E-8	7.3E-5	2.3E-6
740	7.2E-5	5.7E-9	4.0E-10	7.2E-8	3.1E-8	6.6E-5	2.0E-6
750	6.5E-5	5.2E-9	3.6E-10	6.5E-8	2.8E-8	6.0E-5	1.8E-6
760	5.9E-5	4.7E-9	3.3E-10	5.9E-8	2.6E-8	5.5E-5	1.6E-6
770	5.4E-5	4.2E-9	3.0E-10	5.3E-8	2.3E-8	5.0E-5	1.5E-6
780	4.9E-5	3.8E-9	2.7E-10	4.8E-8	2.1E-8	4.5E-5	1.3E-6
790	4.4E-5	3.5E-9	2.4E-10	4.4E-8	1.9E-8	4.1E-5	1.2E-6
800	4.0E-5	3.1E-9	2.2E-10	4.0E-8	1.7E-8	3.7E-5	1.1E-6
810	3.7E-5	2.8E-9	2.0E-10	3.6E-8	1.6E-8	3.4E-5	9.6E-7
820	3.3E-5	2.6E-9	1.8E-10	3.3E-8	1.4E-8	3.1E-5	8.6E-7
830	3.0E-5	2.3E-9	1.6E-10	2.9E-8	1.3E-8	2.8E-5	7.7E-7
840	2.7E-5	2.1E-9	1.5E-10	2.7E-8	1.2E-8	2.5E-5	6.9E-7
850	2.5E-5	1.9E-9	1.3E-10	2.4E-8	1.1E-8	2.3E-5	6.2E-7
860	2.3E-5	1.7E-9	1.2E-10	2.2E-8	9.6E-9	2.1E-5	5.6E-7
870	2.0E-5	1.5E-9	1.1E-10	2.0E-8	8.7E-9	1.9E-5	5.0E-7
880	1.9E-5	1.4E-9	-	1.8E-8	7.9E-9	1.7E-5	4.5E-7
890	1.7E-5	1.3E-9	-	1.6E-8	7.2E-9	1.6E-5	4.0E-7
900	1.5E-5	1.1E-9	-	1.5E-8	6.5E-9	1.4E-5	3.6E-7
910	1.4E-5	1.0E-9	-	1.4E-8	5.9E-9	1.3E-5	3.3E-7
920	1.3E-5	9.3E-10	-	1.2E-8	5.4E-9	1.2E-5	2.9E-7
930	1.1E-5	8.4E-10	-	1.1E-8	4.9E-9	1.1E-5	2.6E-7
940	1.0E-5	7.6E-10	-	1.0E-8	4.4E-9	9.7E-6	2.4E-7
950	9.4E-6	6.9E-10	-	9.2E-9	4.0E-9	8.8E-6	2.1E-7
960	8.6E-6	6.3E-10	-	8.3E-9	3.6E-9	8.0E-6	1.9E-7
970	7.8E-6	5.7E-10	-	7.6E-9	3.3E-9	7.2E-6	1.7E-7
980	7.1E-6	5.1E-10	-	6.9E-9	3.0E-9	6.6E-6	1.5E-7
990	6.4E-6	4.6E-10	-	6.2E-9	2.7E-9	6.0E-6	1.4E-7
1000	5.8E-6	4.2E-10	-	5.6E-9	2.5E-9	5.4E-6	1.2E-7
1010	5.3E-6	3.8E-10	-	5.1E-9	2.2E-9	4.9E-6	1.1E-7
1020	4.8E-6	3.4E-10	-	4.7E-9	2.0E-9	4.5E-6	1.0E-7
1030	4.4E-6	3.1E-10	-	4.2E-9	1.9E-9	4.1E-6	9.0E-8
1040	4.0E-6	2.8E-10	-	3.8E-9	1.7E-9	3.7E-6	8.1E-8
1050	3.6E-6	2.6E-10	-	3.5E-9	1.5E-9	3.3E-6	7.3E-8
1060	3.3E-6	2.3E-10	-	3.2E-9	1.4E-9	3.0E-6	6.5E-8
1070	3.0E-6	2.1E-10	-	2.9E-9	1.3E-9	2.8E-6	5.9E-8
1080	2.7E-6	1.9E-10	-	2.6E-9	1.1E-9	2.5E-6	5.3E-8
1090	2.4E-6	1.7E-10	-	2.4E-9	1.0E-9	2.3E-6	4.7E-8
1095	2.3E-6	1.6E-10	-	2.3E-9	9.9E-10	2.2E-6	4.5E-8
1100	2.2E-6	1.6E-10	-	2.1E-9	9.4E-10	2.1E-6	4.3E-8
1200	8.4E-7	-	-	8.2E-10	3.6E-10	7.9E-7	1.5E-8
1300	3.2E-7	-	-	3.1E-10	1.4E-10	3.0E-7	5.1E-9
1400	1.2E-7	-	-	1.2E-10	-	1.1E-7	1.8E-9
1500	4.7E-8	-	-	-	-	4.4E-8	6.3E-10
1600	1.8E-8	-	-	-	-	1.7E-8	2.2E-10
1700	6.7E-9	-	-	-	-	6.3E-9	-
1800	2.6E-9	-	-	-	-	2.4E-9	-
1900	9.8E-10	-	-	-	-	9.2E-10	-
2000	3.7E-10	-	-	-	-	3.5E-10	-
2100	1.4E-10	-	-	-	-	1.3E-10	-
