Radionuclide	Au-195
Route of Intake	Inhalation
Material	Aerosols Type M, fA=2E-2
AMTD/AMAD, µm	20

Content in an Organ or Excreta Sample per Intake (Reference Bioassay Functions m(t)), Bq per Bq
Time, days	Whole Body	Urine (24-hour sample)	Faeces (24-hour sample)	Alimentary Tract*	Lungs*	Skeleton*	Liver*
0.041667	6.6E-1	-	-	2.4E-1	1.4E-2	1.4E-4	2.1E-4
0.083333	6.5E-1	-	-	2.7E-1	1.2E-2	2.1E-4	3.2E-4
0.125	6.4E-1	-	-	2.9E-1	1.1E-2	2.9E-4	4.4E-4
0.25	6.2E-1	-	-	3.5E-1	9.8E-3	4.8E-4	7.5E-4
0.375	6.0E-1	-	-	3.9E-1	9.3E-3	6.0E-4	9.8E-4
0.5	5.8E-1	-	-	4.1E-1	9.1E-3	6.7E-4	1.2E-3
0.625	5.6E-1	-	-	4.3E-1	8.9E-3	7.0E-4	1.3E-3
0.75	5.4E-1	-	-	4.3E-1	8.7E-3	7.2E-4	1.4E-3
0.875	5.1E-1	-	-	4.3E-1	8.6E-3	7.2E-4	1.5E-3
1	4.9E-1	1.9E-3	7.2E-2	4.2E-1	8.5E-3	7.2E-4	1.5E-3
1.125	4.6E-1	-	-	4.0E-1	8.3E-3	7.0E-4	1.6E-3
1.25	4.3E-1	-	-	3.8E-1	8.2E-3	6.9E-4	1.6E-3
1.375	4.0E-1	-	-	3.5E-1	8.1E-3	6.7E-4	1.6E-3
1.5	3.6E-1	-	-	3.3E-1	8.0E-3	6.5E-4	1.6E-3
1.625	3.3E-1	-	-	3.0E-1	7.9E-3	6.3E-4	1.6E-3
1.75	3.0E-1	-	-	2.7E-1	7.8E-3	6.1E-4	1.6E-3
1.875	2.7E-1	-	-	2.5E-1	7.7E-3	5.9E-4	1.7E-3
2	2.4E-1	1.8E-3	2.3E-1	2.2E-1	7.6E-3	5.8E-4	1.7E-3
2.25	2.0E-1	-	-	1.7E-1	7.4E-3	5.4E-4	1.7E-3
2.5	1.5E-1	-	-	1.3E-1	7.3E-3	5.2E-4	1.7E-3
2.75	1.2E-1	-	-	1.0E-1	7.2E-3	5.0E-4	1.6E-3
3	9.4E-2	9.3E-4	1.5E-1	7.7E-2	7.1E-3	4.8E-4	1.6E-3
3.25	7.3E-2	-	-	5.7E-2	7.0E-3	4.6E-4	1.6E-3
3.5	5.8E-2	-	-	4.1E-2	6.9E-3	4.5E-4	1.6E-3
3.75	4.6E-2	-	-	3.0E-2	6.8E-3	4.3E-4	1.6E-3
4	3.7E-2	5.1E-4	5.5E-2	2.1E-2	6.7E-3	4.2E-4	1.6E-3
4.25	3.1E-2	-	-	1.5E-2	6.6E-3	4.2E-4	1.6E-3
4.5	2.6E-2	-	-	1.1E-2	6.6E-3	4.1E-4	1.6E-3
4.75	2.3E-2	-	-	7.8E-3	6.5E-3	4.0E-4	1.5E-3
5	2.1E-2	3.4E-4	1.6E-2	5.6E-3	6.4E-3	3.9E-4	1.5E-3
5.5	1.8E-2	-	-	2.9E-3	6.3E-3	3.8E-4	1.5E-3
6	1.6E-2	2.8E-4	4.1E-3	1.6E-3	6.2E-3	3.7E-4	1.5E-3
6.5	1.5E-2	-	-	9.8E-4	6.1E-3	3.6E-4	1.4E-3
7	1.5E-2	2.5E-4	1.1E-3	6.8E-4	6.0E-3	3.5E-4	1.4E-3
7.5	1.5E-2	-	-	5.3E-4	6.0E-3	3.4E-4	1.4E-3
8	1.4E-2	2.3E-4	3.6E-4	4.5E-4	5.9E-3	3.4E-4	1.4E-3
8.5	1.4E-2	-	-	4.1E-4	5.8E-3	3.3E-4	1.3E-3
9	1.4E-2	2.2E-4	1.9E-4	3.7E-4	5.8E-3	3.2E-4	1.3E-3
9.5	1.4E-2	-	-	3.5E-4	5.7E-3	3.1E-4	1.3E-3
10	1.3E-2	2.1E-4	1.4E-4	3.3E-4	5.6E-3	3.1E-4	1.3E-3
11	1.3E-2	2.0E-4	1.2E-4	3.0E-4	5.5E-3	2.9E-4	1.2E-3
12	1.3E-2	1.9E-4	1.0E-4	2.8E-4	5.4E-3	2.8E-4	1.2E-3
13	1.2E-2	1.8E-4	8.9E-5	2.6E-4	5.3E-3	2.7E-4	1.1E-3
14	1.2E-2	1.7E-4	8.0E-5	2.4E-4	5.2E-3	2.6E-4	1.1E-3
15	1.2E-2	1.7E-4	7.2E-5	2.2E-4	5.2E-3	2.4E-4	1.0E-3
16	1.2E-2	1.6E-4	6.5E-5	2.1E-4	5.1E-3	2.3E-4	9.8E-4
17	1.1E-2	1.5E-4	6.0E-5	2.0E-4	5.0E-3	2.2E-4	9.5E-4
18	1.1E-2	1.5E-4	5.5E-5	1.9E-4	4.9E-3	2.2E-4	9.1E-4
19	1.1E-2	1.4E-4	5.1E-5	1.8E-4	4.9E-3	2.1E-4	8.7E-4
20	1.1E-2	1.4E-4	4.7E-5	1.7E-4	4.8E-3	2.0E-4	8.4E-4
21	1.0E-2	1.3E-4	4.4E-5	1.6E-4	4.8E-3	1.9E-4	8.1E-4
22	1.0E-2	1.3E-4	4.2E-5	1.6E-4	4.7E-3	1.8E-4	7.8E-4
23	1.0E-2	1.2E-4	3.9E-5	1.5E-4	4.6E-3	1.8E-4	7.5E-4
24	9.8E-3	1.2E-4	3.8E-5	1.4E-4	4.6E-3	1.7E-4	7.2E-4
25	9.6E-3	1.1E-4	3.6E-5	1.4E-4	4.5E-3	1.6E-4	6.9E-4
26	9.4E-3	1.1E-4	3.4E-5	1.3E-4	4.5E-3	1.6E-4	6.6E-4
27	9.2E-3	1.1E-4	3.3E-5	1.3E-4	4.4E-3	1.5E-4	6.4E-4
28	9.1E-3	1.0E-4	3.2E-5	1.3E-4	4.4E-3	1.4E-4	6.1E-4
29	8.9E-3	9.9E-5	3.0E-5	1.2E-4	4.3E-3	1.4E-4	5.9E-4
30	8.7E-3	9.5E-5	2.9E-5	1.2E-4	4.3E-3	1.3E-4	5.7E-4
31	8.6E-3	9.2E-5	2.8E-5	1.2E-4	4.2E-3	1.3E-4	5.5E-4
32	8.4E-3	8.9E-5	2.8E-5	1.1E-4	4.2E-3	1.2E-4	5.3E-4
33	8.3E-3	8.6E-5	2.7E-5	1.1E-4	4.1E-3	1.2E-4	5.1E-4
34	8.2E-3	8.3E-5	2.6E-5	1.1E-4	4.1E-3	1.1E-4	4.9E-4
35	8.0E-3	8.1E-5	2.5E-5	1.1E-4	4.1E-3	1.1E-4	4.7E-4
36	7.9E-3	7.8E-5	2.5E-5	1.0E-4	4.0E-3	1.1E-4	4.6E-4
37	7.8E-3	7.6E-5	2.4E-5	1.0E-4	4.0E-3	1.0E-4	4.4E-4
38	7.6E-3	7.3E-5	2.3E-5	9.8E-5	3.9E-3	1.0E-4	4.3E-4
39	7.5E-3	7.1E-5	2.3E-5	9.6E-5	3.9E-3	9.6E-5	4.1E-4
40	7.4E-3	6.9E-5	2.2E-5	9.4E-5	3.8E-3	9.3E-5	4.0E-4
41	7.3E-3	6.7E-5	2.2E-5	9.2E-5	3.8E-3	9.0E-5	3.8E-4
42	7.2E-3	6.5E-5	2.1E-5	9.0E-5	3.8E-3	8.7E-5	3.7E-4
43	7.1E-3	6.3E-5	2.1E-5	8.8E-5	3.7E-3	8.4E-5	3.6E-4
44	6.9E-3	6.1E-5	2.0E-5	8.6E-5	3.7E-3	8.1E-5	3.5E-4
45	6.8E-3	5.9E-5	2.0E-5	8.4E-5	3.6E-3	7.9E-5	3.3E-4
46	6.7E-3	5.8E-5	1.9E-5	8.3E-5	3.6E-3	7.6E-5	3.2E-4
47	6.6E-3	5.6E-5	1.9E-5	8.1E-5	3.6E-3	7.4E-5	3.1E-4
48	6.5E-3	5.4E-5	1.9E-5	7.9E-5	3.5E-3	7.1E-5	3.0E-4
49	6.4E-3	5.3E-5	1.8E-5	7.8E-5	3.5E-3	6.9E-5	2.9E-4
50	6.4E-3	5.2E-5	1.8E-5	7.6E-5	3.4E-3	6.7E-5	2.8E-4
51	6.3E-3	5.0E-5	1.7E-5	7.5E-5	3.4E-3	6.5E-5	2.8E-4
52	6.2E-3	4.9E-5	1.7E-5	7.4E-5	3.4E-3	6.3E-5	2.7E-4
53	6.1E-3	4.8E-5	1.7E-5	7.2E-5	3.3E-3	6.1E-5	2.6E-4
54	6.0E-3	4.6E-5	1.6E-5	7.1E-5	3.3E-3	5.9E-5	2.5E-4
55	5.9E-3	4.5E-5	1.6E-5	7.0E-5	3.3E-3	5.8E-5	2.4E-4
56	5.8E-3	4.4E-5	1.6E-5	6.8E-5	3.2E-3	5.6E-5	2.4E-4
57	5.8E-3	4.3E-5	1.6E-5	6.7E-5	3.2E-3	5.5E-5	2.3E-4
58	5.7E-3	4.2E-5	1.5E-5	6.6E-5	3.2E-3	5.3E-5	2.2E-4
59	5.6E-3	4.1E-5	1.5E-5	6.5E-5	3.1E-3	5.2E-5	2.2E-4
60	5.5E-3	4.0E-5	1.5E-5	6.4E-5	3.1E-3	5.0E-5	2.1E-4
61	5.4E-3	3.9E-5	1.4E-5	6.3E-5	3.1E-3	4.9E-5	2.1E-4
62	5.4E-3	3.8E-5	1.4E-5	6.2E-5	3.0E-3	4.8E-5	2.0E-4
63	5.3E-3	3.7E-5	1.4E-5	6.1E-5	3.0E-3	4.6E-5	1.9E-4
64	5.2E-3	3.6E-5	1.4E-5	6.0E-5	3.0E-3	4.5E-5	1.9E-4
65	5.2E-3	3.6E-5	1.3E-5	5.9E-5	2.9E-3	4.4E-5	1.8E-4
66	5.1E-3	3.5E-5	1.3E-5	5.8E-5	2.9E-3	4.3E-5	1.8E-4
67	5.0E-3	3.4E-5	1.3E-5	5.7E-5	2.9E-3	4.2E-5	1.7E-4
68	5.0E-3	3.3E-5	1.3E-5	5.6E-5	2.8E-3	4.1E-5	1.7E-4
69	4.9E-3	3.3E-5	1.3E-5	5.5E-5	2.8E-3	4.0E-5	1.7E-4
70	4.8E-3	3.2E-5	1.2E-5	5.4E-5	2.8E-3	3.9E-5	1.6E-4
71	4.8E-3	3.1E-5	1.2E-5	5.3E-5	2.8E-3	3.8E-5	1.6E-4
72	4.7E-3	3.1E-5	1.2E-5	5.3E-5	2.7E-3	3.7E-5	1.5E-4
73	4.7E-3	3.0E-5	1.2E-5	5.2E-5	2.7E-3	3.6E-5	1.5E-4
74	4.6E-3	2.9E-5	1.2E-5	5.1E-5	2.7E-3	3.5E-5	1.5E-4
75	4.5E-3	2.9E-5	1.1E-5	5.0E-5	2.6E-3	3.5E-5	1.4E-4
76	4.5E-3	2.8E-5	1.1E-5	4.9E-5	2.6E-3	3.4E-5	1.4E-4
77	4.4E-3	2.8E-5	1.1E-5	4.9E-5	2.6E-3	3.3E-5	1.4E-4
78	4.4E-3	2.7E-5	1.1E-5	4.8E-5	2.6E-3	3.2E-5	1.3E-4
79	4.3E-3	2.7E-5	1.1E-5	4.7E-5	2.5E-3	3.2E-5	1.3E-4
80	4.3E-3	2.6E-5	1.1E-5	4.7E-5	2.5E-3	3.1E-5	1.3E-4
81	4.2E-3	2.6E-5	1.0E-5	4.6E-5	2.5E-3	3.0E-5	1.3E-4
82	4.2E-3	2.5E-5	1.0E-5	4.5E-5	2.4E-3	3.0E-5	1.2E-4
83	4.1E-3	2.5E-5	1.0E-5	4.5E-5	2.4E-3	2.9E-5	1.2E-4
84	4.1E-3	2.4E-5	1.0E-5	4.4E-5	2.4E-3	2.8E-5	1.2E-4
85	4.0E-3	2.4E-5	9.9E-6	4.3E-5	2.4E-3	2.8E-5	1.1E-4
86	4.0E-3	2.3E-5	9.7E-6	4.3E-5	2.3E-3	2.7E-5	1.1E-4
87	3.9E-3	2.3E-5	9.6E-6	4.2E-5	2.3E-3	2.7E-5	1.1E-4
88	3.9E-3	2.3E-5	9.5E-6	4.2E-5	2.3E-3	2.6E-5	1.1E-4
89	3.8E-3	2.2E-5	9.3E-6	4.1E-5	2.3E-3	2.6E-5	1.1E-4
90	3.8E-3	2.2E-5	9.2E-6	4.0E-5	2.3E-3	2.5E-5	1.0E-4
91	3.7E-3	2.2E-5	9.1E-6	4.0E-5	2.2E-3	2.5E-5	1.0E-4
92	3.7E-3	2.1E-5	9.0E-6	3.9E-5	2.2E-3	2.4E-5	1.0E-4
93	3.7E-3	2.1E-5	8.8E-6	3.9E-5	2.2E-3	2.4E-5	9.8E-5
94	3.6E-3	2.0E-5	8.7E-6	3.8E-5	2.2E-3	2.4E-5	9.6E-5
95	3.6E-3	2.0E-5	8.6E-6	3.8E-5	2.1E-3	2.3E-5	9.5E-5
96	3.5E-3	2.0E-5	8.5E-6	3.7E-5	2.1E-3	2.3E-5	9.3E-5
97	3.5E-3	2.0E-5	8.4E-6	3.7E-5	2.1E-3	2.2E-5	9.1E-5
98	3.4E-3	1.9E-5	8.3E-6	3.6E-5	2.1E-3	2.2E-5	9.0E-5
99	3.4E-3	1.9E-5	8.2E-6	3.6E-5	2.0E-3	2.2E-5	8.8E-5
100	3.4E-3	1.9E-5	8.0E-6	3.5E-5	2.0E-3	2.1E-5	8.6E-5
110	3.0E-3	1.6E-5	7.1E-6	3.1E-5	1.8E-3	1.8E-5	7.3E-5
120	2.7E-3	1.4E-5	6.2E-6	2.7E-5	1.6E-3	1.6E-5	6.3E-5
130	2.4E-3	1.2E-5	5.5E-6	2.4E-5	1.5E-3	1.4E-5	5.5E-5
140	2.1E-3	1.1E-5	4.9E-6	2.1E-5	1.3E-3	1.2E-5	4.8E-5
150	1.9E-3	9.6E-6	4.3E-6	1.9E-5	1.2E-3	1.0E-5	4.2E-5
160	1.7E-3	8.5E-6	3.9E-6	1.7E-5	1.1E-3	9.3E-6	3.7E-5
170	1.5E-3	7.6E-6	3.4E-6	1.5E-5	9.7E-4	8.2E-6	3.3E-5
180	1.4E-3	6.8E-6	3.1E-6	1.3E-5	8.8E-4	7.3E-6	2.9E-5
190	1.2E-3	6.0E-6	2.7E-6	1.2E-5	7.9E-4	6.5E-6	2.6E-5
200	1.1E-3	5.4E-6	2.4E-6	1.0E-5	7.1E-4	5.8E-6	2.3E-5
210	1.0E-3	4.8E-6	2.2E-6	9.3E-6	6.4E-4	5.2E-6	2.1E-5
220	9.0E-4	4.3E-6	1.9E-6	8.3E-6	5.8E-4	4.7E-6	1.9E-5
230	8.1E-4	3.9E-6	1.7E-6	7.4E-6	5.2E-4	4.2E-6	1.7E-5
240	7.3E-4	3.5E-6	1.5E-6	6.6E-6	4.7E-4	3.7E-6	1.5E-5
250	6.6E-4	3.1E-6	1.4E-6	5.9E-6	4.3E-4	3.3E-6	1.3E-5
260	5.9E-4	2.8E-6	1.2E-6	5.2E-6	3.9E-4	3.0E-6	1.2E-5
270	5.3E-4	2.5E-6	1.1E-6	4.7E-6	3.5E-4	2.7E-6	1.1E-5
280	4.8E-4	2.2E-6	9.9E-7	4.2E-6	3.2E-4	2.4E-6	9.7E-6
290	4.3E-4	2.0E-6	8.8E-7	3.7E-6	2.8E-4	2.2E-6	8.7E-6
300	3.9E-4	1.8E-6	7.9E-7	3.3E-6	2.6E-4	1.9E-6	7.8E-6
310	3.5E-4	1.6E-6	7.1E-7	3.0E-6	2.3E-4	1.7E-6	7.0E-6
320	3.2E-4	1.5E-6	6.3E-7	2.7E-6	2.1E-4	1.6E-6	6.3E-6
330	2.9E-4	1.3E-6	5.6E-7	2.4E-6	1.9E-4	1.4E-6	5.7E-6
340	2.6E-4	1.2E-6	5.1E-7	2.1E-6	1.7E-4	1.3E-6	5.1E-6
350	2.3E-4	1.1E-6	4.5E-7	1.9E-6	1.6E-4	1.1E-6	4.6E-6
360	2.1E-4	9.6E-7	4.1E-7	1.7E-6	1.4E-4	1.0E-6	4.1E-6
365	2.0E-4	9.1E-7	3.8E-7	1.6E-6	1.3E-4	9.7E-7	3.9E-6
370	1.9E-4	8.6E-7	3.6E-7	1.5E-6	1.3E-4	9.3E-7	3.7E-6
380	1.7E-4	7.8E-7	3.3E-7	1.4E-6	1.2E-4	8.3E-7	3.3E-6
390	1.6E-4	7.0E-7	2.9E-7	1.2E-6	1.0E-4	7.5E-7	3.0E-6
400	1.4E-4	6.3E-7	2.6E-7	1.1E-6	9.5E-5	6.8E-7	2.7E-6
410	1.3E-4	5.7E-7	2.4E-7	9.9E-7	8.6E-5	6.1E-7	2.4E-6
420	1.2E-4	5.1E-7	2.1E-7	8.9E-7	7.8E-5	5.5E-7	2.2E-6
430	1.1E-4	4.6E-7	1.9E-7	8.0E-7	7.1E-5	5.0E-7	2.0E-6
440	9.5E-5	4.2E-7	1.7E-7	7.2E-7	6.4E-5	4.5E-7	1.8E-6
450	8.6E-5	3.8E-7	1.5E-7	6.5E-7	5.8E-5	4.1E-7	1.6E-6
460	7.8E-5	3.4E-7	1.4E-7	5.8E-7	5.3E-5	3.7E-7	1.5E-6
470	7.1E-5	3.1E-7	1.2E-7	5.2E-7	4.8E-5	3.3E-7	1.3E-6
480	6.4E-5	2.8E-7	1.1E-7	4.7E-7	4.3E-5	3.0E-7	1.2E-6
490	5.8E-5	2.5E-7	1.0E-7	4.2E-7	3.9E-5	2.7E-7	1.1E-6
500	5.3E-5	2.3E-7	9.0E-8	3.8E-7	3.6E-5	2.5E-7	9.8E-7
510	4.8E-5	2.1E-7	8.1E-8	3.4E-7	3.3E-5	2.2E-7	8.9E-7
520	4.4E-5	1.9E-7	7.2E-8	3.1E-7	3.0E-5	2.0E-7	8.1E-7
530	4.0E-5	1.7E-7	6.5E-8	2.8E-7	2.7E-5	1.8E-7	7.3E-7
540	3.6E-5	1.5E-7	5.9E-8	2.5E-7	2.4E-5	1.7E-7	6.6E-7
550	3.3E-5	1.4E-7	5.3E-8	2.3E-7	2.2E-5	1.5E-7	6.0E-7
560	3.0E-5	1.3E-7	4.8E-8	2.1E-7	2.0E-5	1.4E-7	5.4E-7
570	2.7E-5	1.2E-7	4.3E-8	1.9E-7	1.8E-5	1.2E-7	4.9E-7
580	2.4E-5	1.0E-7	3.9E-8	1.7E-7	1.7E-5	1.1E-7	4.5E-7
590	2.2E-5	9.5E-8	3.5E-8	1.5E-7	1.5E-5	1.0E-7	4.0E-7
600	2.0E-5	8.6E-8	3.1E-8	1.4E-7	1.4E-5	9.2E-8	3.7E-7
610	1.8E-5	7.8E-8	2.8E-8	1.2E-7	1.3E-5	8.3E-8	3.3E-7
620	1.7E-5	7.1E-8	2.6E-8	1.1E-7	1.1E-5	7.6E-8	3.0E-7
630	1.5E-5	6.4E-8	2.3E-8	1.0E-7	1.0E-5	6.9E-8	2.7E-7
640	1.4E-5	5.8E-8	2.1E-8	9.1E-8	9.4E-6	6.2E-8	2.5E-7
650	1.3E-5	5.3E-8	1.9E-8	8.3E-8	8.6E-6	5.7E-8	2.3E-7
660	1.1E-5	4.8E-8	1.7E-8	7.5E-8	7.8E-6	5.1E-8	2.1E-7
670	1.0E-5	4.4E-8	1.5E-8	6.8E-8	7.1E-6	4.7E-8	1.9E-7
680	9.5E-6	4.0E-8	1.4E-8	6.1E-8	6.5E-6	4.3E-8	1.7E-7
690	8.6E-6	3.6E-8	1.3E-8	5.6E-8	5.9E-6	3.9E-8	1.5E-7
700	7.9E-6	3.3E-8	1.1E-8	5.0E-8	5.4E-6	3.5E-8	1.4E-7
710	7.2E-6	3.0E-8	1.0E-8	4.6E-8	4.9E-6	3.2E-8	1.3E-7
720	6.5E-6	2.7E-8	9.2E-9	4.1E-8	4.5E-6	2.9E-8	1.2E-7
730	5.9E-6	2.5E-8	8.4E-9	3.8E-8	4.1E-6	2.6E-8	1.1E-7
740	5.4E-6	2.3E-8	7.6E-9	3.4E-8	3.7E-6	2.4E-8	9.6E-8
750	4.9E-6	2.1E-8	6.8E-9	3.1E-8	3.4E-6	2.2E-8	8.8E-8
760	4.5E-6	1.9E-8	6.2E-9	2.8E-8	3.1E-6	2.0E-8	8.0E-8
770	4.1E-6	1.7E-8	5.6E-9	2.5E-8	2.8E-6	1.8E-8	7.3E-8
780	3.7E-6	1.6E-8	5.1E-9	2.3E-8	2.6E-6	1.7E-8	6.6E-8
790	3.4E-6	1.4E-8	4.6E-9	2.1E-8	2.3E-6	1.5E-8	6.0E-8
800	3.1E-6	1.3E-8	4.2E-9	1.9E-8	2.1E-6	1.4E-8	5.5E-8
810	2.8E-6	1.2E-8	3.8E-9	1.7E-8	1.9E-6	1.3E-8	5.0E-8
820	2.6E-6	1.1E-8	3.4E-9	1.6E-8	1.8E-6	1.1E-8	4.6E-8
830	2.4E-6	9.8E-9	3.1E-9	1.4E-8	1.6E-6	1.0E-8	4.2E-8
840	2.2E-6	8.9E-9	2.8E-9	1.3E-8	1.5E-6	9.5E-9	3.8E-8
850	2.0E-6	8.1E-9	2.6E-9	1.2E-8	1.3E-6	8.6E-9	3.5E-8
860	1.8E-6	7.4E-9	2.3E-9	1.1E-8	1.2E-6	7.9E-9	3.2E-8
870	1.6E-6	6.8E-9	2.1E-9	9.8E-9	1.1E-6	7.2E-9	2.9E-8
880	1.5E-6	6.2E-9	1.9E-9	8.9E-9	1.0E-6	6.6E-9	2.6E-8
890	1.4E-6	5.6E-9	1.7E-9	8.1E-9	9.4E-7	6.0E-9	2.4E-8
900	1.2E-6	5.1E-9	1.6E-9	7.4E-9	8.6E-7	5.5E-9	2.2E-8
910	1.1E-6	4.7E-9	1.4E-9	6.7E-9	7.8E-7	5.0E-9	2.0E-8
920	1.0E-6	4.3E-9	1.3E-9	6.1E-9	7.1E-7	4.5E-9	1.8E-8
930	9.5E-7	3.9E-9	1.2E-9	5.6E-9	6.5E-7	4.2E-9	1.7E-8
940	8.7E-7	3.6E-9	1.1E-9	5.1E-9	6.0E-7	3.8E-9	1.5E-8
950	7.9E-7	3.3E-9	9.7E-10	4.6E-9	5.4E-7	3.5E-9	1.4E-8
960	7.2E-7	3.0E-9	8.8E-10	4.2E-9	5.0E-7	3.2E-9	1.3E-8
970	6.6E-7	2.7E-9	8.0E-10	3.8E-9	4.5E-7	2.9E-9	1.2E-8
980	6.1E-7	2.5E-9	7.3E-10	3.5E-9	4.1E-7	2.6E-9	1.1E-8
990	5.5E-7	2.3E-9	6.6E-10	3.2E-9	3.8E-7	2.4E-9	9.6E-9
1000	5.1E-7	2.1E-9	6.0E-10	2.9E-9	3.5E-7	2.2E-9	8.8E-9
1010	4.6E-7	1.9E-9	5.5E-10	2.6E-9	3.2E-7	2.0E-9	8.0E-9
1020	4.2E-7	1.7E-9	5.0E-10	2.4E-9	2.9E-7	1.8E-9	7.3E-9
1030	3.9E-7	1.6E-9	4.6E-10	2.2E-9	2.6E-7	1.7E-9	6.7E-9
1040	3.5E-7	1.4E-9	4.1E-10	2.0E-9	2.4E-7	1.5E-9	6.1E-9
1050	3.2E-7	1.3E-9	3.8E-10	1.8E-9	2.2E-7	1.4E-9	5.6E-9
1060	3.0E-7	1.2E-9	3.4E-10	1.7E-9	2.0E-7	1.3E-9	5.1E-9
1070	2.7E-7	1.1E-9	3.1E-10	1.5E-9	1.8E-7	1.2E-9	4.7E-9
1080	2.5E-7	1.0E-9	2.8E-10	1.4E-9	1.7E-7	1.1E-9	4.3E-9
1090	2.3E-7	9.2E-10	2.6E-10	1.3E-9	1.5E-7	9.8E-10	3.9E-9
1095	2.2E-7	8.8E-10	2.5E-10	1.2E-9	1.5E-7	9.3E-10	3.7E-9
1100	2.1E-7	8.4E-10	2.4E-10	1.2E-9	1.4E-7	8.9E-10	3.6E-9
1200	8.5E-8	3.4E-10	-	4.6E-10	5.8E-8	3.6E-10	1.5E-9
1300	3.5E-8	1.4E-10	-	1.9E-10	2.4E-8	1.5E-10	6.0E-10
1400	1.4E-8	-	-	-	9.9E-9	-	2.5E-10
1500	6.0E-9	-	-	-	4.1E-9	-	1.0E-10
1600	2.5E-9	-	-	-	1.7E-9	-	-
1700	1.0E-9	-	-	-	7.1E-10	-	-
1800	4.3E-10	-	-	-	3.0E-10	-	-
1900	1.8E-10	-	-	-	1.2E-10	-	-
