Radionuclide	Po-209
Route of Intake	Inhalation
Material	Aerosols Type S, fA=1E-3
AMTD/AMAD, µm	10

Content in an Organ or Excreta Sample per Intake (Reference Bioassay Functions m(t)), Bq per Bq
Time, days	Whole Body	Urine (24-hour sample)	Faeces (24-hour sample)	Alimentary Tract*	Lungs*	Skeleton*	Liver*
0.041667	7.6E-1	-	-	2.8E-1	3.8E-2	7.4E-6	3.6E-5
0.083333	7.5E-1	-	-	3.1E-1	3.5E-2	1.2E-5	6.4E-5
0.125	7.4E-1	-	-	3.4E-1	3.3E-2	1.7E-5	9.2E-5
0.25	7.2E-1	-	-	4.0E-1	3.1E-2	2.9E-5	1.6E-4
0.375	7.0E-1	-	-	4.5E-1	3.0E-2	3.8E-5	2.2E-4
0.5	6.8E-1	-	-	4.8E-1	2.9E-2	4.4E-5	2.5E-4
0.625	6.5E-1	-	-	4.9E-1	2.9E-2	4.9E-5	2.8E-4
0.75	6.3E-1	-	-	5.0E-1	2.9E-2	5.2E-5	3.0E-4
0.875	6.0E-1	-	-	4.9E-1	2.9E-2	5.5E-5	3.1E-4
1	5.7E-1	1.5E-5	8.3E-2	4.8E-1	2.9E-2	5.7E-5	3.2E-4
1.125	5.4E-1	-	-	4.6E-1	2.9E-2	5.8E-5	3.3E-4
1.25	5.0E-1	-	-	4.4E-1	2.8E-2	5.9E-5	3.3E-4
1.375	4.7E-1	-	-	4.1E-1	2.8E-2	6.0E-5	3.4E-4
1.5	4.3E-1	-	-	3.8E-1	2.8E-2	6.1E-5	3.4E-4
1.625	3.9E-1	-	-	3.5E-1	2.8E-2	6.1E-5	3.4E-4
1.75	3.6E-1	-	-	3.2E-1	2.8E-2	6.1E-5	3.4E-4
1.875	3.3E-1	-	-	2.9E-1	2.8E-2	6.2E-5	3.4E-4
2	2.9E-1	2.2E-5	2.6E-1	2.6E-1	2.8E-2	6.2E-5	3.4E-4
2.25	2.4E-1	-	-	2.0E-1	2.8E-2	6.2E-5	3.4E-4
2.5	1.9E-1	-	-	1.6E-1	2.7E-2	6.2E-5	3.3E-4
2.75	1.5E-1	-	-	1.2E-1	2.7E-2	6.2E-5	3.3E-4
3	1.2E-1	2.0E-5	1.7E-1	9.0E-2	2.7E-2	6.2E-5	3.3E-4
3.25	9.5E-2	-	-	6.6E-2	2.7E-2	6.2E-5	3.3E-4
3.5	7.7E-2	-	-	4.9E-2	2.7E-2	6.2E-5	3.2E-4
3.75	6.3E-2	-	-	3.5E-2	2.6E-2	6.2E-5	3.2E-4
4	5.3E-2	1.7E-5	6.5E-2	2.5E-2	2.6E-2	6.2E-5	3.2E-4
4.25	4.6E-2	-	-	1.8E-2	2.6E-2	6.2E-5	3.1E-4
4.5	4.1E-2	-	-	1.3E-2	2.6E-2	6.2E-5	3.1E-4
4.75	3.7E-2	-	-	9.5E-3	2.6E-2	6.2E-5	3.1E-4
5	3.4E-2	1.5E-5	1.9E-2	6.9E-3	2.6E-2	6.1E-5	3.1E-4
5.5	3.1E-2	-	-	3.7E-3	2.5E-2	6.1E-5	3.0E-4
6	2.9E-2	1.3E-5	5.2E-3	2.2E-3	2.5E-2	6.1E-5	3.0E-4
6.5	2.8E-2	-	-	1.4E-3	2.5E-2	6.1E-5	2.9E-4
7	2.7E-2	1.2E-5	1.5E-3	1.0E-3	2.5E-2	6.1E-5	2.9E-4
7.5	2.7E-2	-	-	8.2E-4	2.5E-2	6.0E-5	2.8E-4
8	2.7E-2	1.1E-5	6.6E-4	7.0E-4	2.5E-2	6.0E-5	2.8E-4
8.5	2.6E-2	-	-	6.2E-4	2.4E-2	6.0E-5	2.7E-4
9	2.6E-2	9.5E-6	4.2E-4	5.6E-4	2.4E-2	6.0E-5	2.7E-4
9.5	2.6E-2	-	-	5.1E-4	2.4E-2	6.0E-5	2.6E-4
10	2.6E-2	8.6E-6	3.3E-4	4.7E-4	2.4E-2	5.9E-5	2.6E-4
11	2.6E-2	7.8E-6	2.8E-4	4.0E-4	2.4E-2	5.9E-5	2.5E-4
12	2.5E-2	7.1E-6	2.4E-4	3.5E-4	2.4E-2	5.9E-5	2.5E-4
13	2.5E-2	6.5E-6	2.0E-4	3.1E-4	2.4E-2	5.8E-5	2.4E-4
14	2.5E-2	6.0E-6	1.8E-4	2.7E-4	2.3E-2	5.8E-5	2.3E-4
15	2.5E-2	5.6E-6	1.5E-4	2.4E-4	2.3E-2	5.7E-5	2.3E-4
16	2.5E-2	5.2E-6	1.4E-4	2.1E-4	2.3E-2	5.7E-5	2.2E-4
17	2.5E-2	4.9E-6	1.2E-4	1.9E-4	2.3E-2	5.6E-5	2.1E-4
18	2.4E-2	4.6E-6	1.1E-4	1.8E-4	2.3E-2	5.6E-5	2.1E-4
19	2.4E-2	4.4E-6	9.9E-5	1.6E-4	2.3E-2	5.5E-5	2.0E-4
20	2.4E-2	4.2E-6	9.1E-5	1.5E-4	2.3E-2	5.5E-5	2.0E-4
21	2.4E-2	4.0E-6	8.4E-5	1.4E-4	2.3E-2	5.4E-5	1.9E-4
22	2.4E-2	3.8E-6	7.8E-5	1.3E-4	2.3E-2	5.4E-5	1.9E-4
23	2.4E-2	3.7E-6	7.4E-5	1.3E-4	2.3E-2	5.3E-5	1.8E-4
24	2.4E-2	3.5E-6	7.0E-5	1.2E-4	2.3E-2	5.3E-5	1.8E-4
25	2.4E-2	3.4E-6	6.6E-5	1.2E-4	2.3E-2	5.2E-5	1.8E-4
26	2.4E-2	3.3E-6	6.4E-5	1.1E-4	2.3E-2	5.2E-5	1.7E-4
27	2.4E-2	3.2E-6	6.1E-5	1.1E-4	2.2E-2	5.1E-5	1.7E-4
28	2.4E-2	3.1E-6	5.9E-5	1.1E-4	2.2E-2	5.1E-5	1.6E-4
29	2.4E-2	3.0E-6	5.8E-5	1.0E-4	2.2E-2	5.0E-5	1.6E-4
30	2.3E-2	2.9E-6	5.6E-5	1.0E-4	2.2E-2	5.0E-5	1.6E-4
31	2.3E-2	2.9E-6	5.5E-5	9.9E-5	2.2E-2	4.9E-5	1.5E-4
32	2.3E-2	2.8E-6	5.4E-5	9.8E-5	2.2E-2	4.9E-5	1.5E-4
33	2.3E-2	2.7E-6	5.3E-5	9.6E-5	2.2E-2	4.8E-5	1.5E-4
34	2.3E-2	2.7E-6	5.3E-5	9.5E-5	2.2E-2	4.8E-5	1.4E-4
35	2.3E-2	2.6E-6	5.2E-5	9.4E-5	2.2E-2	4.7E-5	1.4E-4
36	2.3E-2	2.6E-6	5.1E-5	9.3E-5	2.2E-2	4.7E-5	1.4E-4
37	2.3E-2	2.5E-6	5.1E-5	9.2E-5	2.2E-2	4.6E-5	1.4E-4
38	2.3E-2	2.5E-6	5.0E-5	9.1E-5	2.2E-2	4.6E-5	1.3E-4
39	2.3E-2	2.4E-6	5.0E-5	9.0E-5	2.2E-2	4.5E-5	1.3E-4
40	2.3E-2	2.4E-6	4.9E-5	8.9E-5	2.2E-2	4.5E-5	1.3E-4
41	2.3E-2	2.4E-6	4.9E-5	8.9E-5	2.2E-2	4.4E-5	1.3E-4
42	2.3E-2	2.3E-6	4.9E-5	8.8E-5	2.2E-2	4.4E-5	1.2E-4
43	2.3E-2	2.3E-6	4.8E-5	8.7E-5	2.2E-2	4.4E-5	1.2E-4
44	2.3E-2	2.2E-6	4.8E-5	8.7E-5	2.2E-2	4.3E-5	1.2E-4
45	2.3E-2	2.2E-6	4.8E-5	8.6E-5	2.2E-2	4.3E-5	1.2E-4
46	2.3E-2	2.2E-6	4.7E-5	8.6E-5	2.2E-2	4.2E-5	1.1E-4
47	2.3E-2	2.1E-6	4.7E-5	8.5E-5	2.2E-2	4.2E-5	1.1E-4
48	2.3E-2	2.1E-6	4.7E-5	8.5E-5	2.1E-2	4.1E-5	1.1E-4
49	2.2E-2	2.1E-6	4.7E-5	8.4E-5	2.1E-2	4.1E-5	1.1E-4
50	2.2E-2	2.0E-6	4.6E-5	8.4E-5	2.1E-2	4.0E-5	1.1E-4
51	2.2E-2	2.0E-6	4.6E-5	8.3E-5	2.1E-2	4.0E-5	1.0E-4
52	2.2E-2	2.0E-6	4.6E-5	8.3E-5	2.1E-2	4.0E-5	1.0E-4
53	2.2E-2	2.0E-6	4.6E-5	8.2E-5	2.1E-2	3.9E-5	1.0E-4
54	2.2E-2	1.9E-6	4.5E-5	8.2E-5	2.1E-2	3.9E-5	9.9E-5
55	2.2E-2	1.9E-6	4.5E-5	8.1E-5	2.1E-2	3.8E-5	9.7E-5
56	2.2E-2	1.9E-6	4.5E-5	8.1E-5	2.1E-2	3.8E-5	9.5E-5
57	2.2E-2	1.9E-6	4.5E-5	8.0E-5	2.1E-2	3.8E-5	9.4E-5
58	2.2E-2	1.8E-6	4.5E-5	8.0E-5	2.1E-2	3.7E-5	9.2E-5
59	2.2E-2	1.8E-6	4.4E-5	8.0E-5	2.1E-2	3.7E-5	9.1E-5
60	2.2E-2	1.8E-6	4.4E-5	7.9E-5	2.1E-2	3.6E-5	8.9E-5
61	2.2E-2	1.8E-6	4.4E-5	7.9E-5	2.1E-2	3.6E-5	8.8E-5
62	2.2E-2	1.7E-6	4.4E-5	7.8E-5	2.1E-2	3.6E-5	8.6E-5
63	2.2E-2	1.7E-6	4.4E-5	7.8E-5	2.1E-2	3.5E-5	8.5E-5
64	2.2E-2	1.7E-6	4.3E-5	7.8E-5	2.1E-2	3.5E-5	8.3E-5
65	2.2E-2	1.7E-6	4.3E-5	7.7E-5	2.1E-2	3.4E-5	8.2E-5
66	2.2E-2	1.7E-6	4.3E-5	7.7E-5	2.1E-2	3.4E-5	8.1E-5
67	2.2E-2	1.6E-6	4.3E-5	7.7E-5	2.1E-2	3.4E-5	8.0E-5
68	2.2E-2	1.6E-6	4.3E-5	7.6E-5	2.1E-2	3.3E-5	7.8E-5
69	2.2E-2	1.6E-6	4.3E-5	7.6E-5	2.1E-2	3.3E-5	7.7E-5
70	2.1E-2	1.6E-6	4.2E-5	7.5E-5	2.1E-2	3.3E-5	7.6E-5
71	2.1E-2	1.6E-6	4.2E-5	7.5E-5	2.1E-2	3.2E-5	7.5E-5
72	2.1E-2	1.5E-6	4.2E-5	7.5E-5	2.0E-2	3.2E-5	7.4E-5
73	2.1E-2	1.5E-6	4.2E-5	7.4E-5	2.0E-2	3.2E-5	7.3E-5
74	2.1E-2	1.5E-6	4.2E-5	7.4E-5	2.0E-2	3.1E-5	7.2E-5
75	2.1E-2	1.5E-6	4.1E-5	7.4E-5	2.0E-2	3.1E-5	7.0E-5
76	2.1E-2	1.5E-6	4.1E-5	7.3E-5	2.0E-2	3.1E-5	6.9E-5
77	2.1E-2	1.5E-6	4.1E-5	7.3E-5	2.0E-2	3.0E-5	6.8E-5
78	2.1E-2	1.4E-6	4.1E-5	7.3E-5	2.0E-2	3.0E-5	6.8E-5
79	2.1E-2	1.4E-6	4.1E-5	7.2E-5	2.0E-2	3.0E-5	6.7E-5
80	2.1E-2	1.4E-6	4.1E-5	7.2E-5	2.0E-2	2.9E-5	6.6E-5
81	2.1E-2	1.4E-6	4.0E-5	7.2E-5	2.0E-2	2.9E-5	6.5E-5
82	2.1E-2	1.4E-6	4.0E-5	7.1E-5	2.0E-2	2.9E-5	6.4E-5
83	2.1E-2	1.4E-6	4.0E-5	7.1E-5	2.0E-2	2.8E-5	6.3E-5
84	2.1E-2	1.4E-6	4.0E-5	7.1E-5	2.0E-2	2.8E-5	6.2E-5
85	2.1E-2	1.4E-6	4.0E-5	7.1E-5	2.0E-2	2.8E-5	6.1E-5
86	2.1E-2	1.3E-6	4.0E-5	7.0E-5	2.0E-2	2.8E-5	6.1E-5
87	2.1E-2	1.3E-6	4.0E-5	7.0E-5	2.0E-2	2.7E-5	6.0E-5
88	2.1E-2	1.3E-6	3.9E-5	7.0E-5	2.0E-2	2.7E-5	5.9E-5
89	2.1E-2	1.3E-6	3.9E-5	6.9E-5	2.0E-2	2.7E-5	5.8E-5
90	2.1E-2	1.3E-6	3.9E-5	6.9E-5	2.0E-2	2.6E-5	5.8E-5
91	2.1E-2	1.3E-6	3.9E-5	6.9E-5	2.0E-2	2.6E-5	5.7E-5
92	2.1E-2	1.3E-6	3.9E-5	6.9E-5	2.0E-2	2.6E-5	5.6E-5
93	2.0E-2	1.3E-6	3.9E-5	6.8E-5	2.0E-2	2.6E-5	5.5E-5
94	2.0E-2	1.2E-6	3.8E-5	6.8E-5	2.0E-2	2.5E-5	5.5E-5
95	2.0E-2	1.2E-6	3.8E-5	6.8E-5	2.0E-2	2.5E-5	5.4E-5
96	2.0E-2	1.2E-6	3.8E-5	6.7E-5	2.0E-2	2.5E-5	5.4E-5
97	2.0E-2	1.2E-6	3.8E-5	6.7E-5	1.9E-2	2.5E-5	5.3E-5
98	2.0E-2	1.2E-6	3.8E-5	6.7E-5	1.9E-2	2.4E-5	5.2E-5
99	2.0E-2	1.2E-6	3.8E-5	6.7E-5	1.9E-2	2.4E-5	5.2E-5
100	2.0E-2	1.2E-6	3.8E-5	6.6E-5	1.9E-2	2.4E-5	5.1E-5
110	2.0E-2	1.1E-6	3.6E-5	6.4E-5	1.9E-2	2.2E-5	4.6E-5
120	1.9E-2	1.0E-6	3.5E-5	6.2E-5	1.9E-2	2.0E-5	4.2E-5
130	1.9E-2	9.8E-7	3.4E-5	5.9E-5	1.8E-2	1.8E-5	3.8E-5
140	1.9E-2	9.3E-7	3.3E-5	5.7E-5	1.8E-2	1.6E-5	3.5E-5
150	1.8E-2	8.8E-7	3.2E-5	5.5E-5	1.8E-2	1.5E-5	3.3E-5
160	1.8E-2	8.5E-7	3.1E-5	5.4E-5	1.7E-2	1.4E-5	3.1E-5
170	1.8E-2	8.1E-7	3.0E-5	5.2E-5	1.7E-2	1.3E-5	2.9E-5
180	1.7E-2	7.9E-7	2.9E-5	5.0E-5	1.7E-2	1.2E-5	2.8E-5
190	1.7E-2	7.6E-7	2.8E-5	4.9E-5	1.6E-2	1.2E-5	2.6E-5
200	1.7E-2	7.4E-7	2.7E-5	4.7E-5	1.6E-2	1.1E-5	2.5E-5
210	1.7E-2	7.1E-7	2.6E-5	4.6E-5	1.6E-2	1.0E-5	2.4E-5
220	1.6E-2	6.9E-7	2.5E-5	4.4E-5	1.6E-2	9.8E-6	2.3E-5
230	1.6E-2	6.8E-7	2.5E-5	4.3E-5	1.5E-2	9.3E-6	2.3E-5
240	1.6E-2	6.6E-7	2.4E-5	4.2E-5	1.5E-2	8.9E-6	2.2E-5
250	1.6E-2	6.5E-7	2.3E-5	4.0E-5	1.5E-2	8.5E-6	2.1E-5
260	1.5E-2	6.3E-7	2.2E-5	3.9E-5	1.5E-2	8.2E-6	2.0E-5
270	1.5E-2	6.2E-7	2.2E-5	3.8E-5	1.4E-2	7.9E-6	2.0E-5
280	1.5E-2	6.0E-7	2.1E-5	3.7E-5	1.4E-2	7.6E-6	1.9E-5
290	1.5E-2	5.9E-7	2.0E-5	3.6E-5	1.4E-2	7.4E-6	1.9E-5
300	1.4E-2	5.8E-7	2.0E-5	3.4E-5	1.4E-2	7.2E-6	1.8E-5
310	1.4E-2	5.7E-7	1.9E-5	3.3E-5	1.4E-2	7.0E-6	1.8E-5
320	1.4E-2	5.6E-7	1.9E-5	3.2E-5	1.3E-2	6.8E-6	1.8E-5
330	1.4E-2	5.5E-7	1.8E-5	3.1E-5	1.3E-2	6.6E-6	1.7E-5
340	1.4E-2	5.4E-7	1.7E-5	3.1E-5	1.3E-2	6.5E-6	1.7E-5
350	1.3E-2	5.3E-7	1.7E-5	3.0E-5	1.3E-2	6.3E-6	1.7E-5
360	1.3E-2	5.2E-7	1.6E-5	2.9E-5	1.3E-2	6.2E-6	1.6E-5
365	1.3E-2	5.2E-7	1.6E-5	2.8E-5	1.3E-2	6.1E-6	1.6E-5
370	1.3E-2	5.2E-7	1.6E-5	2.8E-5	1.3E-2	6.0E-6	1.6E-5
380	1.3E-2	5.1E-7	1.5E-5	2.7E-5	1.2E-2	5.9E-6	1.6E-5
390	1.3E-2	5.0E-7	1.5E-5	2.6E-5	1.2E-2	5.8E-6	1.5E-5
400	1.3E-2	4.9E-7	1.5E-5	2.5E-5	1.2E-2	5.7E-6	1.5E-5
410	1.2E-2	4.9E-7	1.4E-5	2.5E-5	1.2E-2	5.6E-6	1.5E-5
420	1.2E-2	4.8E-7	1.4E-5	2.4E-5	1.2E-2	5.5E-6	1.5E-5
430	1.2E-2	4.7E-7	1.3E-5	2.3E-5	1.2E-2	5.4E-6	1.4E-5
440	1.2E-2	4.7E-7	1.3E-5	2.3E-5	1.1E-2	5.3E-6	1.4E-5
450	1.2E-2	4.6E-7	1.2E-5	2.2E-5	1.1E-2	5.2E-6	1.4E-5
460	1.2E-2	4.6E-7	1.2E-5	2.1E-5	1.1E-2	5.2E-6	1.4E-5
470	1.2E-2	4.5E-7	1.2E-5	2.1E-5	1.1E-2	5.1E-6	1.4E-5
480	1.2E-2	4.4E-7	1.1E-5	2.0E-5	1.1E-2	5.0E-6	1.3E-5
490	1.1E-2	4.4E-7	1.1E-5	1.9E-5	1.1E-2	4.9E-6	1.3E-5
500	1.1E-2	4.3E-7	1.1E-5	1.9E-5	1.1E-2	4.9E-6	1.3E-5
510	1.1E-2	4.3E-7	1.0E-5	1.8E-5	1.1E-2	4.8E-6	1.3E-5
520	1.1E-2	4.3E-7	1.0E-5	1.8E-5	1.1E-2	4.7E-6	1.3E-5
530	1.1E-2	4.2E-7	9.8E-6	1.7E-5	1.0E-2	4.7E-6	1.3E-5
540	1.1E-2	4.2E-7	9.5E-6	1.7E-5	1.0E-2	4.6E-6	1.3E-5
550	1.1E-2	4.1E-7	9.2E-6	1.6E-5	1.0E-2	4.6E-6	1.2E-5
560	1.1E-2	4.1E-7	9.0E-6	1.6E-5	1.0E-2	4.5E-6	1.2E-5
570	1.1E-2	4.0E-7	8.7E-6	1.5E-5	1.0E-2	4.5E-6	1.2E-5
580	1.0E-2	4.0E-7	8.5E-6	1.5E-5	9.9E-3	4.4E-6	1.2E-5
590	1.0E-2	4.0E-7	8.2E-6	1.5E-5	9.8E-3	4.4E-6	1.2E-5
600	1.0E-2	3.9E-7	8.0E-6	1.4E-5	9.8E-3	4.3E-6	1.2E-5
610	1.0E-2	3.9E-7	7.7E-6	1.4E-5	9.7E-3	4.3E-6	1.2E-5
620	1.0E-2	3.9E-7	7.5E-6	1.3E-5	9.6E-3	4.2E-6	1.2E-5
630	1.0E-2	3.8E-7	7.3E-6	1.3E-5	9.5E-3	4.2E-6	1.1E-5
640	1.0E-2	3.8E-7	7.1E-6	1.3E-5	9.4E-3	4.1E-6	1.1E-5
650	9.9E-3	3.8E-7	6.9E-6	1.2E-5	9.4E-3	4.1E-6	1.1E-5
660	9.8E-3	3.7E-7	6.7E-6	1.2E-5	9.3E-3	4.1E-6	1.1E-5
670	9.7E-3	3.7E-7	6.5E-6	1.2E-5	9.2E-3	4.0E-6	1.1E-5
680	9.7E-3	3.7E-7	6.3E-6	1.1E-5	9.1E-3	4.0E-6	1.1E-5
690	9.6E-3	3.6E-7	6.1E-6	1.1E-5	9.1E-3	4.0E-6	1.1E-5
700	9.5E-3	3.6E-7	5.9E-6	1.1E-5	9.0E-3	3.9E-6	1.1E-5
710	9.5E-3	3.6E-7	5.8E-6	1.0E-5	9.0E-3	3.9E-6	1.1E-5
720	9.4E-3	3.6E-7	5.6E-6	1.0E-5	8.9E-3	3.9E-6	1.1E-5
730	9.3E-3	3.5E-7	5.4E-6	9.7E-6	8.8E-3	3.8E-6	1.0E-5
740	9.3E-3	3.5E-7	5.3E-6	9.5E-6	8.8E-3	3.8E-6	1.0E-5
750	9.2E-3	3.5E-7	5.1E-6	9.2E-6	8.7E-3	3.8E-6	1.0E-5
760	9.2E-3	3.5E-7	5.0E-6	9.0E-6	8.7E-3	3.7E-6	1.0E-5
770	9.1E-3	3.4E-7	4.9E-6	8.7E-6	8.6E-3	3.7E-6	1.0E-5
780	9.1E-3	3.4E-7	4.7E-6	8.5E-6	8.6E-3	3.7E-6	1.0E-5
790	9.0E-3	3.4E-7	4.6E-6	8.2E-6	8.5E-3	3.7E-6	1.0E-5
800	9.0E-3	3.4E-7	4.5E-6	8.0E-6	8.5E-3	3.6E-6	1.0E-5
810	8.9E-3	3.4E-7	4.3E-6	7.8E-6	8.4E-3	3.6E-6	9.9E-6
820	8.9E-3	3.3E-7	4.2E-6	7.6E-6	8.4E-3	3.6E-6	9.9E-6
830	8.8E-3	3.3E-7	4.1E-6	7.4E-6	8.3E-3	3.6E-6	9.8E-6
840	8.8E-3	3.3E-7	4.0E-6	7.2E-6	8.3E-3	3.5E-6	9.7E-6
850	8.7E-3	3.3E-7	3.9E-6	7.0E-6	8.2E-3	3.5E-6	9.7E-6
860	8.7E-3	3.3E-7	3.8E-6	6.8E-6	8.2E-3	3.5E-6	9.6E-6
870	8.6E-3	3.3E-7	3.7E-6	6.6E-6	8.1E-3	3.5E-6	9.6E-6
880	8.6E-3	3.2E-7	3.6E-6	6.5E-6	8.1E-3	3.5E-6	9.5E-6
890	8.6E-3	3.2E-7	3.5E-6	6.3E-6	8.1E-3	3.4E-6	9.5E-6
900	8.5E-3	3.2E-7	3.4E-6	6.1E-6	8.0E-3	3.4E-6	9.4E-6
910	8.5E-3	3.2E-7	3.3E-6	6.0E-6	8.0E-3	3.4E-6	9.4E-6
920	8.4E-3	3.2E-7	3.2E-6	5.8E-6	7.9E-3	3.4E-6	9.3E-6
930	8.4E-3	3.2E-7	3.1E-6	5.7E-6	7.9E-3	3.4E-6	9.3E-6
940	8.4E-3	3.1E-7	3.0E-6	5.5E-6	7.9E-3	3.4E-6	9.2E-6
950	8.3E-3	3.1E-7	2.9E-6	5.4E-6	7.8E-3	3.3E-6	9.2E-6
960	8.3E-3	3.1E-7	2.9E-6	5.3E-6	7.8E-3	3.3E-6	9.1E-6
970	8.3E-3	3.1E-7	2.8E-6	5.1E-6	7.8E-3	3.3E-6	9.1E-6
980	8.2E-3	3.1E-7	2.7E-6	5.0E-6	7.7E-3	3.3E-6	9.1E-6
990	8.2E-3	3.1E-7	2.6E-6	4.9E-6	7.7E-3	3.3E-6	9.0E-6
1000	8.2E-3	3.1E-7	2.6E-6	4.8E-6	7.7E-3	3.3E-6	9.0E-6
1010	8.1E-3	3.0E-7	2.5E-6	4.6E-6	7.6E-3	3.2E-6	8.9E-6
1020	8.1E-3	3.0E-7	2.4E-6	4.5E-6	7.6E-3	3.2E-6	8.9E-6
1030	8.1E-3	3.0E-7	2.4E-6	4.4E-6	7.6E-3	3.2E-6	8.9E-6
1040	8.1E-3	3.0E-7	2.3E-6	4.3E-6	7.6E-3	3.2E-6	8.8E-6
1050	8.0E-3	3.0E-7	2.3E-6	4.2E-6	7.5E-3	3.2E-6	8.8E-6
1060	8.0E-3	3.0E-7	2.2E-6	4.1E-6	7.5E-3	3.2E-6	8.8E-6
1070	8.0E-3	3.0E-7	2.1E-6	4.0E-6	7.5E-3	3.2E-6	8.7E-6
1080	7.9E-3	3.0E-7	2.1E-6	3.9E-6	7.5E-3	3.1E-6	8.7E-6
1090	7.9E-3	3.0E-7	2.0E-6	3.8E-6	7.4E-3	3.1E-6	8.7E-6
1095	7.9E-3	3.0E-7	2.0E-6	3.8E-6	7.4E-3	3.1E-6	8.6E-6
1100	7.9E-3	3.0E-7	2.0E-6	3.7E-6	7.4E-3	3.1E-6	8.6E-6
1200	7.7E-3	2.9E-7	1.6E-6	3.0E-6	7.2E-3	3.0E-6	8.3E-6
1300	7.5E-3	2.8E-7	1.2E-6	2.5E-6	7.0E-3	2.9E-6	8.1E-6
1400	7.3E-3	2.7E-7	1.0E-6	2.0E-6	6.9E-3	2.9E-6	7.9E-6
1500	7.2E-3	2.7E-7	8.4E-7	1.7E-6	6.7E-3	2.8E-6	7.8E-6
1600	7.1E-3	2.6E-7	7.1E-7	1.5E-6	6.6E-3	2.8E-6	7.6E-6
1700	6.9E-3	2.6E-7	6.2E-7	1.4E-6	6.5E-3	2.7E-6	7.5E-6
1800	6.8E-3	2.5E-7	5.5E-7	1.2E-6	6.4E-3	2.7E-6	7.4E-6
1900	6.7E-3	2.5E-7	4.9E-7	1.1E-6	6.3E-3	2.6E-6	7.3E-6
2000	6.7E-3	2.5E-7	4.5E-7	1.1E-6	6.2E-3	2.6E-6	7.2E-6
2100	6.6E-3	2.4E-7	4.3E-7	1.0E-6	6.1E-3	2.6E-6	7.1E-6
2200	6.5E-3	2.4E-7	4.0E-7	9.8E-7	6.1E-3	2.5E-6	7.0E-6
2300	6.4E-3	2.4E-7	3.8E-7	9.4E-7	6.0E-3	2.5E-6	6.9E-6
2400	6.3E-3	2.3E-7	3.7E-7	9.1E-7	5.9E-3	2.5E-6	6.8E-6
2500	6.2E-3	2.3E-7	3.6E-7	8.9E-7	5.8E-3	2.4E-6	6.7E-6
2600	6.2E-3	2.3E-7	3.5E-7	8.7E-7	5.8E-3	2.4E-6	6.7E-6
2700	6.1E-3	2.3E-7	3.4E-7	8.5E-7	5.7E-3	2.4E-6	6.6E-6
2800	6.0E-3	2.2E-7	3.3E-7	8.4E-7	5.6E-3	2.3E-6	6.5E-6
2900	6.0E-3	2.2E-7	3.3E-7	8.3E-7	5.6E-3	2.3E-6	6.4E-6
3000	5.9E-3	2.2E-7	3.2E-7	8.1E-7	5.5E-3	2.3E-6	6.3E-6
3100	5.8E-3	2.2E-7	3.2E-7	8.0E-7	5.4E-3	2.3E-6	6.3E-6
3200	5.7E-3	2.1E-7	3.1E-7	7.9E-7	5.4E-3	2.2E-6	6.2E-6
3300	5.7E-3	2.1E-7	3.1E-7	7.8E-7	5.3E-3	2.2E-6	6.1E-6
3400	5.6E-3	2.1E-7	3.1E-7	7.7E-7	5.2E-3	2.2E-6	6.0E-6
3500	5.5E-3	2.1E-7	3.0E-7	7.6E-7	5.2E-3	2.2E-6	6.0E-6
3600	5.5E-3	2.0E-7	3.0E-7	7.5E-7	5.1E-3	2.1E-6	5.9E-6
3650	5.4E-3	2.0E-7	3.0E-7	7.5E-7	5.1E-3	2.1E-6	5.9E-6
4000	5.2E-3	1.9E-7	2.8E-7	7.2E-7	4.9E-3	2.0E-6	5.6E-6
5000	4.6E-3	1.7E-7	2.5E-7	6.4E-7	4.3E-3	1.8E-6	5.0E-6
6000	4.1E-3	1.5E-7	2.2E-7	5.6E-7	3.9E-3	1.6E-6	4.4E-6
7000	3.7E-3	1.4E-7	2.0E-7	5.0E-7	3.4E-3	1.4E-6	3.9E-6
8000	3.3E-3	1.2E-7	1.8E-7	4.5E-7	3.0E-3	1.3E-6	3.5E-6
9000	2.9E-3	1.1E-7	1.6E-7	4.0E-7	2.7E-3	1.1E-6	3.1E-6
10000	2.6E-3	9.5E-8	1.4E-7	3.5E-7	2.4E-3	1.0E-6	2.8E-6
11000	2.3E-3	8.5E-8	1.2E-7	3.1E-7	2.1E-3	8.8E-7	2.5E-6
12000	2.0E-3	7.5E-8	1.1E-7	2.8E-7	1.9E-3	7.8E-7	2.2E-6
13000	1.8E-3	6.7E-8	9.7E-8	2.5E-7	1.7E-3	7.0E-7	1.9E-6
14000	1.6E-3	5.9E-8	8.7E-8	2.2E-7	1.5E-3	6.2E-7	1.7E-6
15000	1.4E-3	5.3E-8	7.7E-8	1.9E-7	1.3E-3	5.5E-7	1.5E-6
16000	1.3E-3	4.7E-8	6.8E-8	1.7E-7	1.2E-3	4.9E-7	1.4E-6
17000	1.1E-3	4.2E-8	6.1E-8	1.5E-7	1.0E-3	4.3E-7	1.2E-6
18000	9.9E-4	3.7E-8	5.4E-8	1.4E-7	9.3E-4	3.9E-7	1.1E-6
18250	9.6E-4	3.6E-8	5.2E-8	1.3E-7	9.0E-4	3.7E-7	1.0E-6
