Radionuclide	Tm-170
Route of Intake	Inhalation
Material	Aerosols Water soluble forms, including chloride and citrate, fA=2.5E-4
AMTD/AMAD, µm	0.001

Content in an Organ or Excreta Sample per Intake (Reference Bioassay Functions m(t)), Bq per Bq
Time, days	Whole Body	Urine (24-hour sample)	Faeces (24-hour sample)	Alimentary Tract*	Lungs*	Skeleton*	Liver*
0.041667	9.7E-1	-	-	3.2E-1	1.5E-1	1.1E-3	3.3E-4
0.083333	9.6E-1	-	-	3.7E-1	1.3E-1	2.4E-3	4.3E-4
0.125	9.5E-1	-	-	4.1E-1	1.2E-1	3.5E-3	5.1E-4
0.25	9.2E-1	-	-	5.0E-1	9.3E-2	6.3E-3	7.1E-4
0.375	9.0E-1	-	-	5.5E-1	8.2E-2	8.6E-3	9.0E-4
0.5	8.7E-1	-	-	5.9E-1	7.5E-2	1.1E-2	1.1E-3
0.625	8.4E-1	-	-	6.1E-1	7.0E-2	1.2E-2	1.2E-3
0.75	8.1E-1	-	-	6.1E-1	6.5E-2	1.4E-2	1.3E-3
0.875	7.8E-1	-	-	6.0E-1	6.1E-2	1.5E-2	1.5E-3
1	7.4E-1	5.7E-3	1.0E-1	5.9E-1	5.8E-2	1.7E-2	1.6E-3
1.125	7.0E-1	-	-	5.6E-1	5.5E-2	1.8E-2	1.7E-3
1.25	6.6E-1	-	-	5.3E-1	5.2E-2	1.9E-2	1.7E-3
1.375	6.1E-1	-	-	5.0E-1	4.9E-2	2.0E-2	1.8E-3
1.5	5.7E-1	-	-	4.6E-1	4.7E-2	2.0E-2	1.9E-3
1.625	5.2E-1	-	-	4.2E-1	4.5E-2	2.1E-2	2.0E-3
1.75	4.8E-1	-	-	3.9E-1	4.3E-2	2.2E-2	2.0E-3
1.875	4.4E-1	-	-	3.5E-1	4.1E-2	2.2E-2	2.1E-3
2	4.0E-1	2.6E-3	3.2E-1	3.1E-1	3.9E-2	2.3E-2	2.1E-3
2.25	3.3E-1	-	-	2.5E-1	3.7E-2	2.4E-2	2.2E-3
2.5	2.7E-1	-	-	2.0E-1	3.4E-2	2.5E-2	2.2E-3
2.75	2.2E-1	-	-	1.5E-1	3.2E-2	2.5E-2	2.3E-3
3	1.8E-1	1.1E-3	2.1E-1	1.1E-1	3.0E-2	2.6E-2	2.3E-3
3.25	1.5E-1	-	-	8.7E-2	2.8E-2	2.6E-2	2.3E-3
3.5	1.3E-1	-	-	6.6E-2	2.7E-2	2.6E-2	2.4E-3
3.75	1.1E-1	-	-	5.0E-2	2.5E-2	2.6E-2	2.4E-3
4	1.0E-1	5.1E-4	8.2E-2	3.8E-2	2.4E-2	2.7E-2	2.4E-3
4.25	9.1E-2	-	-	2.9E-2	2.3E-2	2.7E-2	2.4E-3
4.5	8.4E-2	-	-	2.3E-2	2.2E-2	2.7E-2	2.4E-3
4.75	7.8E-2	-	-	1.8E-2	2.1E-2	2.7E-2	2.4E-3
5	7.3E-2	2.4E-4	2.7E-2	1.5E-2	2.0E-2	2.7E-2	2.4E-3
5.5	6.7E-2	-	-	1.0E-2	1.8E-2	2.7E-2	2.4E-3
6	6.3E-2	1.3E-4	9.8E-3	7.9E-3	1.6E-2	2.7E-2	2.4E-3
6.5	6.0E-2	-	-	6.5E-3	1.5E-2	2.7E-2	2.4E-3
7	5.8E-2	8.7E-5	4.9E-3	5.5E-3	1.4E-2	2.7E-2	2.4E-3
7.5	5.6E-2	-	-	4.9E-3	1.3E-2	2.7E-2	2.4E-3
8	5.4E-2	6.5E-5	3.3E-3	4.3E-3	1.1E-2	2.7E-2	2.4E-3
8.5	5.3E-2	-	-	3.9E-3	1.1E-2	2.7E-2	2.4E-3
9	5.1E-2	5.4E-5	2.5E-3	3.5E-3	9.7E-3	2.7E-2	2.4E-3
9.5	5.0E-2	-	-	3.2E-3	8.9E-3	2.7E-2	2.4E-3
10	4.9E-2	4.8E-5	2.0E-3	2.9E-3	8.3E-3	2.7E-2	2.4E-3
11	4.7E-2	4.3E-5	1.6E-3	2.4E-3	7.1E-3	2.7E-2	2.4E-3
12	4.5E-2	3.9E-5	1.3E-3	2.0E-3	6.1E-3	2.7E-2	2.3E-3
13	4.4E-2	3.6E-5	1.1E-3	1.6E-3	5.3E-3	2.6E-2	2.3E-3
14	4.3E-2	3.4E-5	8.8E-4	1.4E-3	4.7E-3	2.6E-2	2.3E-3
15	4.2E-2	3.1E-5	7.1E-4	1.1E-3	4.2E-3	2.6E-2	2.3E-3
16	4.1E-2	2.9E-5	5.8E-4	9.5E-4	3.7E-3	2.6E-2	2.3E-3
17	4.0E-2	2.7E-5	4.7E-4	8.0E-4	3.4E-3	2.6E-2	2.3E-3
18	4.0E-2	2.6E-5	3.9E-4	6.8E-4	3.1E-3	2.6E-2	2.3E-3
19	3.9E-2	2.4E-5	3.2E-4	5.8E-4	2.8E-3	2.6E-2	2.2E-3
20	3.9E-2	2.3E-5	2.6E-4	5.0E-4	2.6E-3	2.6E-2	2.2E-3
21	3.8E-2	2.1E-5	2.1E-4	4.4E-4	2.5E-3	2.6E-2	2.2E-3
22	3.8E-2	2.0E-5	1.7E-4	3.8E-4	2.3E-3	2.5E-2	2.2E-3
23	3.7E-2	1.9E-5	1.4E-4	3.4E-4	2.2E-3	2.5E-2	2.2E-3
24	3.7E-2	1.8E-5	1.2E-4	3.0E-4	2.1E-3	2.5E-2	2.2E-3
25	3.7E-2	1.8E-5	9.6E-5	2.8E-4	2.0E-3	2.5E-2	2.2E-3
26	3.6E-2	1.7E-5	7.9E-5	2.5E-4	2.0E-3	2.5E-2	2.1E-3
27	3.6E-2	1.6E-5	6.5E-5	2.3E-4	1.9E-3	2.5E-2	2.1E-3
28	3.6E-2	1.5E-5	5.4E-5	2.1E-4	1.9E-3	2.5E-2	2.1E-3
29	3.6E-2	1.5E-5	4.5E-5	2.0E-4	1.8E-3	2.5E-2	2.1E-3
30	3.5E-2	1.4E-5	3.8E-5	1.9E-4	1.8E-3	2.5E-2	2.1E-3
31	3.5E-2	1.4E-5	3.2E-5	1.8E-4	1.8E-3	2.4E-2	2.1E-3
32	3.5E-2	1.3E-5	2.7E-5	1.7E-4	1.7E-3	2.4E-2	2.1E-3
33	3.5E-2	1.3E-5	2.3E-5	1.6E-4	1.7E-3	2.4E-2	2.0E-3
34	3.5E-2	1.3E-5	2.0E-5	1.6E-4	1.7E-3	2.4E-2	2.0E-3
35	3.4E-2	1.2E-5	1.7E-5	1.5E-4	1.6E-3	2.4E-2	2.0E-3
36	3.4E-2	1.2E-5	1.5E-5	1.5E-4	1.6E-3	2.4E-2	2.0E-3
37	3.4E-2	1.2E-5	1.3E-5	1.5E-4	1.6E-3	2.4E-2	2.0E-3
38	3.4E-2	1.1E-5	1.1E-5	1.4E-4	1.6E-3	2.4E-2	2.0E-3
39	3.3E-2	1.1E-5	1.0E-5	1.4E-4	1.6E-3	2.4E-2	2.0E-3
40	3.3E-2	1.1E-5	9.1E-6	1.4E-4	1.6E-3	2.3E-2	2.0E-3
41	3.3E-2	1.1E-5	8.3E-6	1.3E-4	1.5E-3	2.3E-2	1.9E-3
42	3.3E-2	1.0E-5	7.6E-6	1.3E-4	1.5E-3	2.3E-2	1.9E-3
43	3.3E-2	1.0E-5	7.0E-6	1.3E-4	1.5E-3	2.3E-2	1.9E-3
44	3.3E-2	1.0E-5	6.5E-6	1.3E-4	1.5E-3	2.3E-2	1.9E-3
45	3.2E-2	9.8E-6	6.1E-6	1.3E-4	1.5E-3	2.3E-2	1.9E-3
46	3.2E-2	9.6E-6	5.8E-6	1.3E-4	1.5E-3	2.3E-2	1.9E-3
47	3.2E-2	9.5E-6	5.5E-6	1.2E-4	1.4E-3	2.3E-2	1.9E-3
48	3.2E-2	9.3E-6	5.3E-6	1.2E-4	1.4E-3	2.3E-2	1.9E-3
49	3.2E-2	9.2E-6	5.0E-6	1.2E-4	1.4E-3	2.3E-2	1.9E-3
50	3.1E-2	9.0E-6	4.9E-6	1.2E-4	1.4E-3	2.2E-2	1.8E-3
51	3.1E-2	8.9E-6	4.7E-6	1.2E-4	1.4E-3	2.2E-2	1.8E-3
52	3.1E-2	8.8E-6	4.5E-6	1.2E-4	1.4E-3	2.2E-2	1.8E-3
53	3.1E-2	8.7E-6	4.4E-6	1.2E-4	1.4E-3	2.2E-2	1.8E-3
54	3.1E-2	8.6E-6	4.3E-6	1.1E-4	1.4E-3	2.2E-2	1.8E-3
55	3.0E-2	8.4E-6	4.2E-6	1.1E-4	1.3E-3	2.2E-2	1.8E-3
56	3.0E-2	8.3E-6	4.1E-6	1.1E-4	1.3E-3	2.2E-2	1.8E-3
57	3.0E-2	8.2E-6	4.0E-6	1.1E-4	1.3E-3	2.2E-2	1.8E-3
58	3.0E-2	8.1E-6	3.9E-6	1.1E-4	1.3E-3	2.2E-2	1.7E-3
59	3.0E-2	8.0E-6	3.9E-6	1.1E-4	1.3E-3	2.2E-2	1.7E-3
60	3.0E-2	7.9E-6	3.8E-6	1.1E-4	1.3E-3	2.1E-2	1.7E-3
61	2.9E-2	7.9E-6	3.7E-6	1.1E-4	1.3E-3	2.1E-2	1.7E-3
62	2.9E-2	7.8E-6	3.7E-6	1.0E-4	1.3E-3	2.1E-2	1.7E-3
63	2.9E-2	7.7E-6	3.6E-6	1.0E-4	1.2E-3	2.1E-2	1.7E-3
64	2.9E-2	7.6E-6	3.5E-6	1.0E-4	1.2E-3	2.1E-2	1.7E-3
65	2.9E-2	7.5E-6	3.5E-6	1.0E-4	1.2E-3	2.1E-2	1.7E-3
66	2.9E-2	7.4E-6	3.4E-6	1.0E-4	1.2E-3	2.1E-2	1.7E-3
67	2.8E-2	7.4E-6	3.4E-6	1.0E-4	1.2E-3	2.1E-2	1.6E-3
68	2.8E-2	7.3E-6	3.3E-6	9.9E-5	1.2E-3	2.1E-2	1.6E-3
69	2.8E-2	7.2E-6	3.3E-6	9.8E-5	1.2E-3	2.1E-2	1.6E-3
70	2.8E-2	7.1E-6	3.2E-6	9.7E-5	1.2E-3	2.1E-2	1.6E-3
71	2.8E-2	7.1E-6	3.2E-6	9.6E-5	1.2E-3	2.0E-2	1.6E-3
72	2.8E-2	7.0E-6	3.1E-6	9.5E-5	1.2E-3	2.0E-2	1.6E-3
73	2.7E-2	6.9E-6	3.1E-6	9.4E-5	1.1E-3	2.0E-2	1.6E-3
74	2.7E-2	6.9E-6	3.0E-6	9.3E-5	1.1E-3	2.0E-2	1.6E-3
75	2.7E-2	6.8E-6	3.0E-6	9.2E-5	1.1E-3	2.0E-2	1.6E-3
76	2.7E-2	6.7E-6	2.9E-6	9.1E-5	1.1E-3	2.0E-2	1.6E-3
77	2.7E-2	6.7E-6	2.9E-6	9.0E-5	1.1E-3	2.0E-2	1.5E-3
78	2.7E-2	6.6E-6	2.9E-6	8.9E-5	1.1E-3	2.0E-2	1.5E-3
79	2.7E-2	6.5E-6	2.8E-6	8.8E-5	1.1E-3	2.0E-2	1.5E-3
80	2.6E-2	6.5E-6	2.8E-6	8.7E-5	1.1E-3	2.0E-2	1.5E-3
81	2.6E-2	6.4E-6	2.7E-6	8.7E-5	1.1E-3	1.9E-2	1.5E-3
82	2.6E-2	6.3E-6	2.7E-6	8.6E-5	1.1E-3	1.9E-2	1.5E-3
83	2.6E-2	6.3E-6	2.7E-6	8.5E-5	1.0E-3	1.9E-2	1.5E-3
84	2.6E-2	6.2E-6	2.6E-6	8.4E-5	1.0E-3	1.9E-2	1.5E-3
85	2.6E-2	6.2E-6	2.6E-6	8.3E-5	1.0E-3	1.9E-2	1.5E-3
86	2.6E-2	6.1E-6	2.6E-6	8.2E-5	1.0E-3	1.9E-2	1.5E-3
87	2.5E-2	6.1E-6	2.5E-6	8.2E-5	1.0E-3	1.9E-2	1.5E-3
88	2.5E-2	6.0E-6	2.5E-6	8.1E-5	1.0E-3	1.9E-2	1.4E-3
89	2.5E-2	5.9E-6	2.5E-6	8.0E-5	9.9E-4	1.9E-2	1.4E-3
90	2.5E-2	5.9E-6	2.4E-6	7.9E-5	9.8E-4	1.9E-2	1.4E-3
91	2.5E-2	5.8E-6	2.4E-6	7.8E-5	9.7E-4	1.9E-2	1.4E-3
92	2.5E-2	5.8E-6	2.4E-6	7.8E-5	9.7E-4	1.8E-2	1.4E-3
93	2.5E-2	5.7E-6	2.3E-6	7.7E-5	9.6E-4	1.8E-2	1.4E-3
94	2.4E-2	5.7E-6	2.3E-6	7.6E-5	9.5E-4	1.8E-2	1.4E-3
95	2.4E-2	5.6E-6	2.3E-6	7.5E-5	9.4E-4	1.8E-2	1.4E-3
96	2.4E-2	5.6E-6	2.2E-6	7.5E-5	9.3E-4	1.8E-2	1.4E-3
97	2.4E-2	5.5E-6	2.2E-6	7.4E-5	9.2E-4	1.8E-2	1.4E-3
98	2.4E-2	5.5E-6	2.2E-6	7.3E-5	9.2E-4	1.8E-2	1.4E-3
99	2.4E-2	5.4E-6	2.2E-6	7.2E-5	9.1E-4	1.8E-2	1.3E-3
100	2.4E-2	5.4E-6	2.1E-6	7.2E-5	9.0E-4	1.8E-2	1.3E-3
110	2.2E-2	4.9E-6	1.9E-6	6.5E-5	8.3E-4	1.7E-2	1.3E-3
120	2.1E-2	4.5E-6	1.7E-6	5.9E-5	7.6E-4	1.6E-2	1.2E-3
130	2.0E-2	4.1E-6	1.5E-6	5.4E-5	6.9E-4	1.5E-2	1.1E-3
140	1.9E-2	3.8E-6	1.3E-6	4.9E-5	6.4E-4	1.5E-2	1.0E-3
150	1.8E-2	3.4E-6	1.2E-6	4.5E-5	5.9E-4	1.4E-2	9.7E-4
160	1.7E-2	3.2E-6	1.1E-6	4.1E-5	5.4E-4	1.3E-2	9.1E-4
170	1.6E-2	2.9E-6	9.6E-7	3.7E-5	4.9E-4	1.3E-2	8.5E-4
180	1.5E-2	2.7E-6	8.6E-7	3.4E-5	4.5E-4	1.2E-2	7.9E-4
190	1.4E-2	2.5E-6	7.8E-7	3.1E-5	4.2E-4	1.1E-2	7.4E-4
200	1.3E-2	2.3E-6	7.1E-7	2.8E-5	3.8E-4	1.1E-2	7.0E-4
210	1.3E-2	2.1E-6	6.4E-7	2.6E-5	3.5E-4	1.0E-2	6.5E-4
220	1.2E-2	1.9E-6	5.8E-7	2.4E-5	3.3E-4	9.8E-3	6.1E-4
230	1.1E-2	1.8E-6	5.2E-7	2.2E-5	3.0E-4	9.3E-3	5.7E-4
240	1.1E-2	1.6E-6	4.8E-7	2.0E-5	2.8E-4	8.9E-3	5.4E-4
250	1.0E-2	1.5E-6	4.3E-7	1.8E-5	2.5E-4	8.4E-3	5.0E-4
260	9.6E-3	1.4E-6	3.9E-7	1.7E-5	2.3E-4	8.0E-3	4.7E-4
270	9.0E-3	1.3E-6	3.6E-7	1.6E-5	2.2E-4	7.6E-3	4.4E-4
280	8.6E-3	1.2E-6	3.2E-7	1.4E-5	2.0E-4	7.2E-3	4.1E-4
290	8.1E-3	1.1E-6	3.0E-7	1.3E-5	1.8E-4	6.8E-3	3.8E-4
300	7.7E-3	1.0E-6	2.7E-7	1.2E-5	1.7E-4	6.5E-3	3.6E-4
310	7.2E-3	9.5E-7	2.4E-7	1.1E-5	1.6E-4	6.2E-3	3.4E-4
320	6.8E-3	8.8E-7	2.2E-7	1.0E-5	1.4E-4	5.8E-3	3.2E-4
330	6.5E-3	8.2E-7	2.0E-7	9.7E-6	1.3E-4	5.5E-3	2.9E-4
340	6.1E-3	7.6E-7	1.9E-7	8.9E-6	1.2E-4	5.3E-3	2.8E-4
350	5.8E-3	7.1E-7	1.7E-7	8.3E-6	1.1E-4	5.0E-3	2.6E-4
360	5.5E-3	6.6E-7	1.5E-7	7.7E-6	1.0E-4	4.7E-3	2.4E-4
365	5.3E-3	6.4E-7	1.5E-7	7.4E-6	1.0E-4	4.6E-3	2.3E-4
370	5.2E-3	6.1E-7	1.4E-7	7.1E-6	9.7E-5	4.5E-3	2.3E-4
380	4.9E-3	5.7E-7	1.3E-7	6.6E-6	9.0E-5	4.3E-3	2.1E-4
390	4.6E-3	5.3E-7	1.2E-7	6.2E-6	8.3E-5	4.0E-3	2.0E-4
400	4.4E-3	5.0E-7	1.1E-7	5.7E-6	7.7E-5	3.8E-3	1.8E-4
410	4.2E-3	4.6E-7	9.8E-8	5.3E-6	7.1E-5	3.6E-3	1.7E-4
420	3.9E-3	4.3E-7	9.0E-8	5.0E-6	6.6E-5	3.4E-3	1.6E-4
430	3.7E-3	4.0E-7	8.2E-8	4.6E-6	6.1E-5	3.3E-3	1.5E-4
440	3.5E-3	3.8E-7	7.5E-8	4.3E-6	5.6E-5	3.1E-3	1.4E-4
450	3.3E-3	3.5E-7	6.9E-8	4.0E-6	5.2E-5	2.9E-3	1.3E-4
460	3.2E-3	3.3E-7	6.3E-8	3.8E-6	4.8E-5	2.8E-3	1.2E-4
470	3.0E-3	3.1E-7	5.8E-8	3.5E-6	4.5E-5	2.6E-3	1.2E-4
480	2.8E-3	2.9E-7	5.3E-8	3.3E-6	4.1E-5	2.5E-3	1.1E-4
490	2.7E-3	2.7E-7	4.9E-8	3.1E-6	3.8E-5	2.4E-3	1.0E-4
500	2.5E-3	2.5E-7	4.5E-8	2.9E-6	3.5E-5	2.2E-3	9.5E-5
510	2.4E-3	2.4E-7	4.1E-8	2.7E-6	3.3E-5	2.1E-3	8.9E-5
520	2.3E-3	2.2E-7	3.8E-8	2.5E-6	3.0E-5	2.0E-3	8.3E-5
530	2.1E-3	2.1E-7	3.5E-8	2.4E-6	2.8E-5	1.9E-3	7.8E-5
540	2.0E-3	1.9E-7	3.2E-8	2.2E-6	2.6E-5	1.8E-3	7.3E-5
550	1.9E-3	1.8E-7	2.9E-8	2.1E-6	2.4E-5	1.7E-3	6.8E-5
560	1.8E-3	1.7E-7	2.7E-8	2.0E-6	2.2E-5	1.6E-3	6.3E-5
570	1.7E-3	1.6E-7	2.5E-8	1.9E-6	2.1E-5	1.5E-3	5.9E-5
580	1.6E-3	1.5E-7	2.3E-8	1.7E-6	1.9E-5	1.5E-3	5.6E-5
590	1.5E-3	1.4E-7	2.1E-8	1.6E-6	1.8E-5	1.4E-3	5.2E-5
600	1.5E-3	1.3E-7	1.9E-8	1.5E-6	1.7E-5	1.3E-3	4.9E-5
610	1.4E-3	1.2E-7	1.8E-8	1.5E-6	1.5E-5	1.2E-3	4.5E-5
620	1.3E-3	1.2E-7	1.6E-8	1.4E-6	1.4E-5	1.2E-3	4.3E-5
630	1.2E-3	1.1E-7	1.5E-8	1.3E-6	1.3E-5	1.1E-3	4.0E-5
640	1.2E-3	1.0E-7	1.4E-8	1.2E-6	1.2E-5	1.1E-3	3.7E-5
650	1.1E-3	9.7E-8	1.3E-8	1.1E-6	1.1E-5	1.0E-3	3.5E-5
660	1.1E-3	9.2E-8	1.2E-8	1.1E-6	1.1E-5	9.5E-4	3.3E-5
670	9.9E-4	8.6E-8	1.1E-8	1.0E-6	9.9E-6	9.0E-4	3.0E-5
680	9.4E-4	8.1E-8	1.0E-8	9.6E-7	9.2E-6	8.5E-4	2.9E-5
690	8.9E-4	7.6E-8	9.5E-9	9.0E-7	8.6E-6	8.1E-4	2.7E-5
700	8.4E-4	7.2E-8	8.8E-9	8.5E-7	8.0E-6	7.7E-4	2.5E-5
710	8.0E-4	6.7E-8	8.1E-9	8.1E-7	7.4E-6	7.3E-4	2.3E-5
720	7.6E-4	6.3E-8	7.5E-9	7.6E-7	6.9E-6	6.9E-4	2.2E-5
730	7.2E-4	6.0E-8	7.0E-9	7.2E-7	6.4E-6	6.5E-4	2.0E-5
740	6.8E-4	5.6E-8	6.5E-9	6.8E-7	6.0E-6	6.2E-4	1.9E-5
750	6.4E-4	5.3E-8	6.0E-9	6.4E-7	5.5E-6	5.8E-4	1.8E-5
760	6.1E-4	5.0E-8	5.6E-9	6.0E-7	5.2E-6	5.5E-4	1.7E-5
770	5.7E-4	4.7E-8	5.2E-9	5.7E-7	4.8E-6	5.2E-4	1.6E-5
780	5.4E-4	4.4E-8	4.8E-9	5.4E-7	4.5E-6	5.0E-4	1.5E-5
790	5.2E-4	4.2E-8	4.5E-9	5.1E-7	4.2E-6	4.7E-4	1.4E-5
800	4.9E-4	3.9E-8	4.1E-9	4.8E-7	3.9E-6	4.5E-4	1.3E-5
810	4.6E-4	3.7E-8	3.8E-9	4.6E-7	3.6E-6	4.2E-4	1.2E-5
820	4.4E-4	3.5E-8	3.6E-9	4.3E-7	3.3E-6	4.0E-4	1.1E-5
830	4.1E-4	3.3E-8	3.3E-9	4.1E-7	3.1E-6	3.8E-4	1.1E-5
840	3.9E-4	3.1E-8	3.1E-9	3.8E-7	2.9E-6	3.6E-4	9.9E-6
850	3.7E-4	2.9E-8	2.9E-9	3.6E-7	2.7E-6	3.4E-4	9.3E-6
860	3.5E-4	2.8E-8	2.7E-9	3.4E-7	2.5E-6	3.2E-4	8.7E-6
870	3.3E-4	2.6E-8	2.5E-9	3.3E-7	2.3E-6	3.0E-4	8.1E-6
880	3.1E-4	2.4E-8	2.3E-9	3.1E-7	2.2E-6	2.9E-4	7.6E-6
890	3.0E-4	2.3E-8	2.2E-9	2.9E-7	2.0E-6	2.7E-4	7.1E-6
900	2.8E-4	2.2E-8	2.0E-9	2.8E-7	1.9E-6	2.6E-4	6.7E-6
910	2.7E-4	2.1E-8	1.9E-9	2.6E-7	1.8E-6	2.5E-4	6.3E-6
920	2.5E-4	1.9E-8	1.8E-9	2.5E-7	1.6E-6	2.3E-4	5.9E-6
930	2.4E-4	1.8E-8	1.7E-9	2.3E-7	1.5E-6	2.2E-4	5.5E-6
940	2.3E-4	1.7E-8	1.6E-9	2.2E-7	1.4E-6	2.1E-4	5.1E-6
950	2.1E-4	1.6E-8	1.5E-9	2.1E-7	1.3E-6	2.0E-4	4.8E-6
960	2.0E-4	1.5E-8	1.4E-9	2.0E-7	1.2E-6	1.9E-4	4.5E-6
970	1.9E-4	1.4E-8	1.3E-9	1.9E-7	1.2E-6	1.8E-4	4.2E-6
980	1.8E-4	1.4E-8	1.2E-9	1.8E-7	1.1E-6	1.7E-4	4.0E-6
990	1.7E-4	1.3E-8	1.1E-9	1.7E-7	1.0E-6	1.6E-4	3.7E-6
1000	1.6E-4	1.2E-8	1.0E-9	1.6E-7	9.4E-7	1.5E-4	3.5E-6
1010	1.5E-4	1.1E-8	9.8E-10	1.5E-7	8.8E-7	1.4E-4	3.3E-6
1020	1.5E-4	1.1E-8	9.1E-10	1.4E-7	8.2E-7	1.4E-4	3.1E-6
1030	1.4E-4	1.0E-8	8.6E-10	1.3E-7	7.6E-7	1.3E-4	2.9E-6
1040	1.3E-4	9.6E-9	8.0E-10	1.3E-7	7.1E-7	1.2E-4	2.7E-6
1050	1.2E-4	9.1E-9	7.5E-10	1.2E-7	6.6E-7	1.1E-4	2.5E-6
1060	1.2E-4	8.6E-9	7.1E-10	1.1E-7	6.2E-7	1.1E-4	2.4E-6
1070	1.1E-4	8.1E-9	6.6E-10	1.1E-7	5.8E-7	1.0E-4	2.2E-6
1080	1.1E-4	7.6E-9	6.2E-10	1.0E-7	5.4E-7	9.7E-5	2.1E-6
1090	1.0E-4	7.2E-9	5.8E-10	9.7E-8	5.0E-7	9.2E-5	1.9E-6
1095	9.7E-5	7.0E-9	5.7E-10	9.4E-8	4.8E-7	9.0E-5	1.9E-6
1100	9.4E-5	6.8E-9	5.5E-10	9.2E-8	4.7E-7	8.7E-5	1.8E-6
1200	5.5E-5	3.8E-9	2.9E-10	5.3E-8	2.4E-7	5.1E-5	9.6E-7
1300	3.2E-5	2.2E-9	1.6E-10	3.1E-8	1.2E-7	2.9E-5	5.1E-7
1400	1.8E-5	1.2E-9	-	1.8E-8	6.0E-8	1.7E-5	2.7E-7
1500	1.1E-5	6.9E-10	-	1.0E-8	3.1E-8	9.9E-6	1.5E-7
1600	6.2E-6	3.9E-10	-	6.1E-9	1.6E-8	5.8E-6	7.8E-8
1700	3.6E-6	2.2E-10	-	3.5E-9	8.1E-9	3.3E-6	4.2E-8
1800	2.1E-6	1.3E-10	-	2.1E-9	4.2E-9	1.9E-6	2.3E-8
1900	1.2E-6	-	-	1.2E-9	2.2E-9	1.1E-6	1.3E-8
2000	6.9E-7	-	-	7.0E-10	1.1E-9	6.5E-7	7.0E-9
2100	4.0E-7	-	-	4.0E-10	5.9E-10	3.8E-7	3.9E-9
2200	2.3E-7	-	-	2.3E-10	3.1E-10	2.2E-7	2.1E-9
2300	1.4E-7	-	-	1.4E-10	1.6E-10	1.3E-7	1.2E-9
2400	7.8E-8	-	-	-	-	7.4E-8	6.7E-10
2500	4.5E-8	-	-	-	-	4.3E-8	3.8E-10
2600	2.6E-8	-	-	-	-	2.5E-8	2.1E-10
2700	1.5E-8	-	-	-	-	1.4E-8	1.2E-10
2800	8.9E-9	-	-	-	-	8.3E-9	-
2900	5.1E-9	-	-	-	-	4.8E-9	-
3000	3.0E-9	-	-	-	-	2.8E-9	-
3100	1.7E-9	-	-	-	-	1.6E-9	-
3200	1.0E-9	-	-	-	-	9.5E-10	-
3300	5.8E-10	-	-	-	-	5.5E-10	-
3400	3.4E-10	-	-	-	-	3.2E-10	-
3500	2.0E-10	-	-	-	-	1.8E-10	-
3600	1.1E-10	-	-	-	-	1.1E-10	-
