Radionuclide	Tm-170
Route of Intake	Inhalation
Material	Aerosols Dioxide, fA=5E-7
AMTD/AMAD, µm	0.3

Content in an Organ or Excreta Sample per Intake (Reference Bioassay Functions m(t)), Bq per Bq
Time, days	Whole Body	Urine (24-hour sample)	Faeces (24-hour sample)	Alimentary Tract*	Lungs*	Skeleton*	Liver*
0.041667	2.9E-1	-	-	4.3E-2	1.8E-1	3.3E-6	1.1E-6
0.083333	2.9E-1	-	-	4.9E-2	1.8E-1	8.3E-6	1.7E-6
0.125	2.9E-1	-	-	5.4E-2	1.8E-1	1.4E-5	2.2E-6
0.25	2.9E-1	-	-	6.6E-2	1.8E-1	3.0E-5	3.6E-6
0.375	2.8E-1	-	-	7.3E-2	1.8E-1	4.5E-5	5.0E-6
0.5	2.8E-1	-	-	7.9E-2	1.8E-1	6.1E-5	6.4E-6
0.625	2.8E-1	-	-	8.2E-2	1.8E-1	7.6E-5	7.7E-6
0.75	2.7E-1	-	-	8.3E-2	1.7E-1	9.1E-5	9.0E-6
0.875	2.7E-1	-	-	8.3E-2	1.7E-1	1.0E-4	1.0E-5
1	2.6E-1	4.0E-5	1.4E-2	8.1E-2	1.7E-1	1.2E-4	1.2E-5
1.125	2.6E-1	-	-	7.8E-2	1.7E-1	1.3E-4	1.3E-5
1.25	2.5E-1	-	-	7.5E-2	1.7E-1	1.5E-4	1.4E-5
1.375	2.5E-1	-	-	7.0E-2	1.7E-1	1.6E-4	1.5E-5
1.5	2.4E-1	-	-	6.6E-2	1.7E-1	1.7E-4	1.6E-5
1.625	2.3E-1	-	-	6.1E-2	1.7E-1	1.9E-4	1.8E-5
1.75	2.3E-1	-	-	5.6E-2	1.7E-1	2.0E-4	1.9E-5
1.875	2.2E-1	-	-	5.2E-2	1.7E-1	2.1E-4	2.0E-5
2	2.2E-1	3.9E-5	4.4E-2	4.7E-2	1.7E-1	2.2E-4	2.1E-5
2.25	2.1E-1	-	-	3.9E-2	1.7E-1	2.5E-4	2.3E-5
2.5	2.0E-1	-	-	3.1E-2	1.6E-1	2.7E-4	2.5E-5
2.75	1.9E-1	-	-	2.5E-2	1.6E-1	3.0E-4	2.7E-5
3	1.8E-1	3.5E-5	3.1E-2	2.1E-2	1.6E-1	3.2E-4	2.9E-5
3.25	1.8E-1	-	-	1.7E-2	1.6E-1	3.4E-4	3.1E-5
3.5	1.7E-1	-	-	1.4E-2	1.6E-1	3.6E-4	3.3E-5
3.75	1.7E-1	-	-	1.2E-2	1.6E-1	3.8E-4	3.5E-5
4	1.7E-1	3.3E-5	1.4E-2	9.8E-3	1.6E-1	4.0E-4	3.7E-5
4.25	1.7E-1	-	-	8.4E-3	1.6E-1	4.2E-4	3.9E-5
4.5	1.6E-1	-	-	7.4E-3	1.6E-1	4.4E-4	4.1E-5
4.75	1.6E-1	-	-	6.6E-3	1.6E-1	4.7E-4	4.2E-5
5	1.6E-1	3.1E-5	6.4E-3	6.0E-3	1.5E-1	4.9E-4	4.4E-5
5.5	1.6E-1	-	-	5.1E-3	1.5E-1	5.2E-4	4.8E-5
6	1.6E-1	3.1E-5	3.7E-3	4.4E-3	1.5E-1	5.6E-4	5.1E-5
6.5	1.5E-1	-	-	4.0E-3	1.5E-1	6.0E-4	5.5E-5
7	1.5E-1	3.0E-5	2.7E-3	3.6E-3	1.5E-1	6.4E-4	5.8E-5
7.5	1.5E-1	-	-	3.3E-3	1.5E-1	6.8E-4	6.1E-5
8	1.5E-1	2.9E-5	2.1E-3	3.0E-3	1.5E-1	7.1E-4	6.5E-5
8.5	1.5E-1	-	-	2.7E-3	1.4E-1	7.5E-4	6.8E-5
9	1.5E-1	2.9E-5	1.8E-3	2.5E-3	1.4E-1	7.9E-4	7.1E-5
9.5	1.5E-1	-	-	2.3E-3	1.4E-1	8.2E-4	7.4E-5
10	1.5E-1	2.9E-5	1.5E-3	2.1E-3	1.4E-1	8.6E-4	7.7E-5
11	1.4E-1	2.8E-5	1.3E-3	1.8E-3	1.4E-1	9.3E-4	8.3E-5
12	1.4E-1	2.8E-5	1.1E-3	1.6E-3	1.4E-1	1.0E-3	8.9E-5
13	1.4E-1	2.8E-5	9.2E-4	1.4E-3	1.4E-1	1.1E-3	9.5E-5
14	1.4E-1	2.8E-5	8.0E-4	1.2E-3	1.4E-1	1.1E-3	1.0E-4
15	1.4E-1	2.8E-5	7.0E-4	1.0E-3	1.3E-1	1.2E-3	1.1E-4
16	1.4E-1	2.7E-5	6.1E-4	9.4E-4	1.3E-1	1.3E-3	1.1E-4
17	1.3E-1	2.7E-5	5.5E-4	8.4E-4	1.3E-1	1.3E-3	1.2E-4
18	1.3E-1	2.7E-5	4.9E-4	7.7E-4	1.3E-1	1.4E-3	1.2E-4
19	1.3E-1	2.7E-5	4.4E-4	7.0E-4	1.3E-1	1.4E-3	1.3E-4
20	1.3E-1	2.7E-5	4.1E-4	6.5E-4	1.3E-1	1.5E-3	1.3E-4
21	1.3E-1	2.6E-5	3.8E-4	6.1E-4	1.3E-1	1.6E-3	1.4E-4
22	1.3E-1	2.6E-5	3.5E-4	5.7E-4	1.3E-1	1.6E-3	1.4E-4
23	1.3E-1	2.6E-5	3.3E-4	5.4E-4	1.2E-1	1.7E-3	1.5E-4
24	1.3E-1	2.6E-5	3.1E-4	5.2E-4	1.2E-1	1.7E-3	1.5E-4
25	1.3E-1	2.6E-5	3.0E-4	5.0E-4	1.2E-1	1.8E-3	1.6E-4
26	1.2E-1	2.6E-5	2.8E-4	4.8E-4	1.2E-1	1.9E-3	1.6E-4
27	1.2E-1	2.5E-5	2.7E-4	4.7E-4	1.2E-1	1.9E-3	1.7E-4
28	1.2E-1	2.5E-5	2.6E-4	4.5E-4	1.2E-1	2.0E-3	1.7E-4
29	1.2E-1	2.5E-5	2.6E-4	4.4E-4	1.2E-1	2.0E-3	1.8E-4
30	1.2E-1	2.5E-5	2.5E-4	4.3E-4	1.2E-1	2.1E-3	1.8E-4
31	1.2E-1	2.5E-5	2.4E-4	4.3E-4	1.2E-1	2.1E-3	1.9E-4
32	1.2E-1	2.5E-5	2.4E-4	4.2E-4	1.2E-1	2.2E-3	1.9E-4
33	1.2E-1	2.5E-5	2.4E-4	4.1E-4	1.1E-1	2.2E-3	1.9E-4
34	1.2E-1	2.4E-5	2.3E-4	4.1E-4	1.1E-1	2.3E-3	2.0E-4
35	1.2E-1	2.4E-5	2.3E-4	4.0E-4	1.1E-1	2.3E-3	2.0E-4
36	1.2E-1	2.4E-5	2.2E-4	4.0E-4	1.1E-1	2.4E-3	2.1E-4
37	1.1E-1	2.4E-5	2.2E-4	3.9E-4	1.1E-1	2.4E-3	2.1E-4
38	1.1E-1	2.4E-5	2.2E-4	3.9E-4	1.1E-1	2.5E-3	2.1E-4
39	1.1E-1	2.4E-5	2.2E-4	3.8E-4	1.1E-1	2.5E-3	2.2E-4
40	1.1E-1	2.3E-5	2.1E-4	3.8E-4	1.1E-1	2.6E-3	2.2E-4
41	1.1E-1	2.3E-5	2.1E-4	3.7E-4	1.1E-1	2.6E-3	2.3E-4
42	1.1E-1	2.3E-5	2.1E-4	3.7E-4	1.1E-1	2.7E-3	2.3E-4
43	1.1E-1	2.3E-5	2.1E-4	3.7E-4	1.1E-1	2.7E-3	2.3E-4
44	1.1E-1	2.3E-5	2.0E-4	3.6E-4	1.0E-1	2.7E-3	2.4E-4
45	1.1E-1	2.3E-5	2.0E-4	3.6E-4	1.0E-1	2.8E-3	2.4E-4
46	1.1E-1	2.3E-5	2.0E-4	3.6E-4	1.0E-1	2.8E-3	2.4E-4
47	1.1E-1	2.2E-5	2.0E-4	3.5E-4	1.0E-1	2.9E-3	2.5E-4
48	1.1E-1	2.2E-5	2.0E-4	3.5E-4	1.0E-1	2.9E-3	2.5E-4
49	1.0E-1	2.2E-5	1.9E-4	3.5E-4	1.0E-1	3.0E-3	2.5E-4
50	1.0E-1	2.2E-5	1.9E-4	3.5E-4	9.9E-2	3.0E-3	2.6E-4
51	1.0E-1	2.2E-5	1.9E-4	3.4E-4	9.8E-2	3.0E-3	2.6E-4
52	1.0E-1	2.2E-5	1.9E-4	3.4E-4	9.7E-2	3.1E-3	2.6E-4
53	1.0E-1	2.2E-5	1.9E-4	3.4E-4	9.7E-2	3.1E-3	2.7E-4
54	1.0E-1	2.1E-5	1.8E-4	3.3E-4	9.6E-2	3.1E-3	2.7E-4
55	1.0E-1	2.1E-5	1.8E-4	3.3E-4	9.5E-2	3.2E-3	2.7E-4
56	9.9E-2	2.1E-5	1.8E-4	3.3E-4	9.4E-2	3.2E-3	2.7E-4
57	9.8E-2	2.1E-5	1.8E-4	3.3E-4	9.4E-2	3.3E-3	2.8E-4
58	9.8E-2	2.1E-5	1.8E-4	3.2E-4	9.3E-2	3.3E-3	2.8E-4
59	9.7E-2	2.1E-5	1.8E-4	3.2E-4	9.2E-2	3.3E-3	2.8E-4
60	9.6E-2	2.1E-5	1.7E-4	3.2E-4	9.1E-2	3.4E-3	2.9E-4
61	9.5E-2	2.0E-5	1.7E-4	3.1E-4	9.0E-2	3.4E-3	2.9E-4
62	9.5E-2	2.0E-5	1.7E-4	3.1E-4	9.0E-2	3.4E-3	2.9E-4
63	9.4E-2	2.0E-5	1.7E-4	3.1E-4	8.9E-2	3.5E-3	2.9E-4
64	9.3E-2	2.0E-5	1.7E-4	3.1E-4	8.8E-2	3.5E-3	3.0E-4
65	9.3E-2	2.0E-5	1.7E-4	3.0E-4	8.8E-2	3.5E-3	3.0E-4
66	9.2E-2	2.0E-5	1.6E-4	3.0E-4	8.7E-2	3.6E-3	3.0E-4
67	9.1E-2	2.0E-5	1.6E-4	3.0E-4	8.6E-2	3.6E-3	3.0E-4
68	9.1E-2	1.9E-5	1.6E-4	3.0E-4	8.5E-2	3.6E-3	3.0E-4
69	9.0E-2	1.9E-5	1.6E-4	2.9E-4	8.5E-2	3.6E-3	3.1E-4
70	8.9E-2	1.9E-5	1.6E-4	2.9E-4	8.4E-2	3.7E-3	3.1E-4
71	8.9E-2	1.9E-5	1.6E-4	2.9E-4	8.3E-2	3.7E-3	3.1E-4
72	8.8E-2	1.9E-5	1.6E-4	2.9E-4	8.3E-2	3.7E-3	3.1E-4
73	8.7E-2	1.9E-5	1.5E-4	2.8E-4	8.2E-2	3.8E-3	3.1E-4
74	8.7E-2	1.9E-5	1.5E-4	2.8E-4	8.1E-2	3.8E-3	3.2E-4
75	8.6E-2	1.8E-5	1.5E-4	2.8E-4	8.1E-2	3.8E-3	3.2E-4
76	8.5E-2	1.8E-5	1.5E-4	2.8E-4	8.0E-2	3.8E-3	3.2E-4
77	8.5E-2	1.8E-5	1.5E-4	2.7E-4	7.9E-2	3.9E-3	3.2E-4
78	8.4E-2	1.8E-5	1.5E-4	2.7E-4	7.9E-2	3.9E-3	3.2E-4
79	8.4E-2	1.8E-5	1.5E-4	2.7E-4	7.8E-2	3.9E-3	3.3E-4
80	8.3E-2	1.8E-5	1.4E-4	2.7E-4	7.7E-2	3.9E-3	3.3E-4
81	8.2E-2	1.8E-5	1.4E-4	2.7E-4	7.7E-2	4.0E-3	3.3E-4
82	8.2E-2	1.8E-5	1.4E-4	2.6E-4	7.6E-2	4.0E-3	3.3E-4
83	8.1E-2	1.7E-5	1.4E-4	2.6E-4	7.6E-2	4.0E-3	3.3E-4
84	8.1E-2	1.7E-5	1.4E-4	2.6E-4	7.5E-2	4.0E-3	3.3E-4
85	8.0E-2	1.7E-5	1.4E-4	2.6E-4	7.4E-2	4.1E-3	3.4E-4
86	7.9E-2	1.7E-5	1.4E-4	2.5E-4	7.4E-2	4.1E-3	3.4E-4
87	7.9E-2	1.7E-5	1.4E-4	2.5E-4	7.3E-2	4.1E-3	3.4E-4
88	7.8E-2	1.7E-5	1.3E-4	2.5E-4	7.2E-2	4.1E-3	3.4E-4
89	7.8E-2	1.7E-5	1.3E-4	2.5E-4	7.2E-2	4.1E-3	3.4E-4
90	7.7E-2	1.7E-5	1.3E-4	2.5E-4	7.1E-2	4.2E-3	3.4E-4
91	7.7E-2	1.7E-5	1.3E-4	2.4E-4	7.1E-2	4.2E-3	3.4E-4
92	7.6E-2	1.6E-5	1.3E-4	2.4E-4	7.0E-2	4.2E-3	3.4E-4
93	7.5E-2	1.6E-5	1.3E-4	2.4E-4	7.0E-2	4.2E-3	3.5E-4
94	7.5E-2	1.6E-5	1.3E-4	2.4E-4	6.9E-2	4.2E-3	3.5E-4
95	7.4E-2	1.6E-5	1.3E-4	2.4E-4	6.8E-2	4.3E-3	3.5E-4
96	7.4E-2	1.6E-5	1.2E-4	2.3E-4	6.8E-2	4.3E-3	3.5E-4
97	7.3E-2	1.6E-5	1.2E-4	2.3E-4	6.7E-2	4.3E-3	3.5E-4
98	7.3E-2	1.6E-5	1.2E-4	2.3E-4	6.7E-2	4.3E-3	3.5E-4
99	7.2E-2	1.6E-5	1.2E-4	2.3E-4	6.6E-2	4.3E-3	3.5E-4
100	7.2E-2	1.6E-5	1.2E-4	2.3E-4	6.6E-2	4.3E-3	3.5E-4
110	6.7E-2	1.4E-5	1.1E-4	2.1E-4	6.1E-2	4.5E-3	3.6E-4
120	6.2E-2	1.3E-5	1.0E-4	1.9E-4	5.6E-2	4.6E-3	3.7E-4
130	5.8E-2	1.3E-5	9.1E-5	1.8E-4	5.1E-2	4.7E-3	3.7E-4
140	5.4E-2	1.2E-5	8.3E-5	1.6E-4	4.7E-2	4.7E-3	3.7E-4
150	5.0E-2	1.1E-5	7.5E-5	1.5E-4	4.4E-2	4.7E-3	3.7E-4
160	4.7E-2	1.0E-5	6.8E-5	1.4E-4	4.0E-2	4.7E-3	3.7E-4
170	4.3E-2	9.4E-6	6.2E-5	1.3E-4	3.7E-2	4.7E-3	3.6E-4
180	4.0E-2	8.8E-6	5.7E-5	1.2E-4	3.4E-2	4.7E-3	3.6E-4
190	3.8E-2	8.2E-6	5.2E-5	1.1E-4	3.2E-2	4.7E-3	3.5E-4
200	3.5E-2	7.6E-6	4.7E-5	9.8E-5	2.9E-2	4.6E-3	3.4E-4
210	3.3E-2	7.1E-6	4.3E-5	9.0E-5	2.7E-2	4.5E-3	3.3E-4
220	3.1E-2	6.6E-6	3.9E-5	8.3E-5	2.5E-2	4.5E-3	3.3E-4
230	2.9E-2	6.1E-6	3.6E-5	7.6E-5	2.3E-2	4.4E-3	3.2E-4
240	2.7E-2	5.7E-6	3.2E-5	7.0E-5	2.1E-2	4.3E-3	3.1E-4
250	2.5E-2	5.3E-6	2.9E-5	6.5E-5	2.0E-2	4.2E-3	3.0E-4
260	2.3E-2	4.9E-6	2.7E-5	6.0E-5	1.8E-2	4.1E-3	2.9E-4
270	2.2E-2	4.6E-6	2.4E-5	5.5E-5	1.7E-2	4.0E-3	2.8E-4
280	2.0E-2	4.3E-6	2.2E-5	5.1E-5	1.6E-2	3.9E-3	2.7E-4
290	1.9E-2	4.0E-6	2.0E-5	4.7E-5	1.4E-2	3.8E-3	2.6E-4
300	1.8E-2	3.7E-6	1.8E-5	4.3E-5	1.3E-2	3.7E-3	2.5E-4
310	1.7E-2	3.5E-6	1.7E-5	3.9E-5	1.2E-2	3.6E-3	2.4E-4
320	1.6E-2	3.2E-6	1.5E-5	3.6E-5	1.1E-2	3.5E-3	2.3E-4
330	1.5E-2	3.0E-6	1.4E-5	3.4E-5	1.1E-2	3.3E-3	2.2E-4
340	1.4E-2	2.8E-6	1.3E-5	3.1E-5	9.8E-3	3.2E-3	2.1E-4
350	1.3E-2	2.6E-6	1.2E-5	2.8E-5	9.1E-3	3.1E-3	2.0E-4
360	1.2E-2	2.4E-6	1.1E-5	2.6E-5	8.4E-3	3.0E-3	1.9E-4
365	1.2E-2	2.4E-6	1.0E-5	2.5E-5	8.1E-3	3.0E-3	1.9E-4
370	1.1E-2	2.3E-6	9.6E-6	2.4E-5	7.8E-3	2.9E-3	1.8E-4
380	1.1E-2	2.1E-6	8.7E-6	2.2E-5	7.2E-3	2.8E-3	1.8E-4
390	1.0E-2	2.0E-6	8.0E-6	2.1E-5	6.7E-3	2.7E-3	1.7E-4
400	9.3E-3	1.8E-6	7.2E-6	1.9E-5	6.2E-3	2.6E-3	1.6E-4
410	8.8E-3	1.7E-6	6.6E-6	1.8E-5	5.8E-3	2.5E-3	1.5E-4
420	8.2E-3	1.6E-6	6.0E-6	1.6E-5	5.4E-3	2.4E-3	1.5E-4
430	7.7E-3	1.5E-6	5.5E-6	1.5E-5	5.0E-3	2.3E-3	1.4E-4
440	7.3E-3	1.4E-6	5.0E-6	1.4E-5	4.6E-3	2.2E-3	1.3E-4
450	6.8E-3	1.3E-6	4.5E-6	1.3E-5	4.3E-3	2.1E-3	1.3E-4
460	6.4E-3	1.2E-6	4.1E-6	1.2E-5	4.0E-3	2.1E-3	1.2E-4
470	6.0E-3	1.1E-6	3.8E-6	1.1E-5	3.7E-3	2.0E-3	1.1E-4
480	5.7E-3	1.1E-6	3.4E-6	1.0E-5	3.4E-3	1.9E-3	1.1E-4
490	5.3E-3	1.0E-6	3.1E-6	9.3E-6	3.2E-3	1.8E-3	1.0E-4
500	5.0E-3	9.3E-7	2.8E-6	8.6E-6	3.0E-3	1.7E-3	9.8E-5
510	4.7E-3	8.7E-7	2.6E-6	8.0E-6	2.8E-3	1.7E-3	9.3E-5
520	4.4E-3	8.1E-7	2.4E-6	7.4E-6	2.6E-3	1.6E-3	8.9E-5
530	4.2E-3	7.6E-7	2.2E-6	6.9E-6	2.4E-3	1.5E-3	8.4E-5
540	3.9E-3	7.1E-7	2.0E-6	6.4E-6	2.2E-3	1.5E-3	8.0E-5
550	3.7E-3	6.7E-7	1.8E-6	5.9E-6	2.1E-3	1.4E-3	7.6E-5
560	3.5E-3	6.2E-7	1.6E-6	5.5E-6	1.9E-3	1.3E-3	7.2E-5
570	3.3E-3	5.8E-7	1.5E-6	5.1E-6	1.8E-3	1.3E-3	6.8E-5
580	3.1E-3	5.5E-7	1.4E-6	4.7E-6	1.7E-3	1.2E-3	6.5E-5
590	2.9E-3	5.1E-7	1.2E-6	4.4E-6	1.5E-3	1.2E-3	6.1E-5
600	2.7E-3	4.8E-7	1.1E-6	4.1E-6	1.4E-3	1.1E-3	5.8E-5
610	2.6E-3	4.5E-7	1.0E-6	3.8E-6	1.3E-3	1.1E-3	5.5E-5
620	2.4E-3	4.2E-7	9.3E-7	3.5E-6	1.2E-3	1.0E-3	5.2E-5
630	2.3E-3	3.9E-7	8.5E-7	3.3E-6	1.2E-3	9.8E-4	4.9E-5
640	2.2E-3	3.7E-7	7.7E-7	3.0E-6	1.1E-3	9.4E-4	4.7E-5
650	2.0E-3	3.4E-7	7.0E-7	2.8E-6	1.0E-3	8.9E-4	4.4E-5
660	1.9E-3	3.2E-7	6.4E-7	2.6E-6	9.4E-4	8.5E-4	4.2E-5
670	1.8E-3	3.0E-7	5.8E-7	2.4E-6	8.8E-4	8.1E-4	3.9E-5
680	1.7E-3	2.8E-7	5.3E-7	2.3E-6	8.2E-4	7.8E-4	3.7E-5
690	1.6E-3	2.7E-7	4.9E-7	2.1E-6	7.6E-4	7.4E-4	3.5E-5
700	1.5E-3	2.5E-7	4.4E-7	2.0E-6	7.1E-4	7.1E-4	3.3E-5
710	1.4E-3	2.3E-7	4.0E-7	1.8E-6	6.6E-4	6.7E-4	3.2E-5
720	1.3E-3	2.2E-7	3.7E-7	1.7E-6	6.2E-4	6.4E-4	3.0E-5
730	1.3E-3	2.0E-7	3.4E-7	1.6E-6	5.8E-4	6.1E-4	2.8E-5
740	1.2E-3	1.9E-7	3.1E-7	1.5E-6	5.4E-4	5.8E-4	2.7E-5
750	1.1E-3	1.8E-7	2.8E-7	1.4E-6	5.0E-4	5.6E-4	2.5E-5
760	1.1E-3	1.7E-7	2.5E-7	1.3E-6	4.7E-4	5.3E-4	2.4E-5
770	1.0E-3	1.6E-7	2.3E-7	1.2E-6	4.4E-4	5.1E-4	2.2E-5
780	9.5E-4	1.5E-7	2.1E-7	1.1E-6	4.1E-4	4.8E-4	2.1E-5
790	9.0E-4	1.4E-7	1.9E-7	1.1E-6	3.8E-4	4.6E-4	2.0E-5
800	8.5E-4	1.3E-7	1.8E-7	9.9E-7	3.6E-4	4.4E-4	1.9E-5
810	8.0E-4	1.2E-7	1.6E-7	9.2E-7	3.3E-4	4.2E-4	1.8E-5
820	7.5E-4	1.2E-7	1.5E-7	8.6E-7	3.1E-4	4.0E-4	1.7E-5
830	7.1E-4	1.1E-7	1.3E-7	8.1E-7	2.9E-4	3.8E-4	1.6E-5
840	6.7E-4	1.0E-7	1.2E-7	7.6E-7	2.7E-4	3.6E-4	1.5E-5
850	6.4E-4	9.5E-8	1.1E-7	7.1E-7	2.5E-4	3.4E-4	1.4E-5
860	6.0E-4	9.0E-8	1.0E-7	6.6E-7	2.4E-4	3.3E-4	1.3E-5
870	5.7E-4	8.4E-8	9.2E-8	6.2E-7	2.2E-4	3.1E-4	1.3E-5
880	5.4E-4	7.9E-8	8.4E-8	5.8E-7	2.1E-4	3.0E-4	1.2E-5
890	5.1E-4	7.4E-8	7.7E-8	5.5E-7	1.9E-4	2.8E-4	1.1E-5
900	4.8E-4	7.0E-8	7.0E-8	5.1E-7	1.8E-4	2.7E-4	1.1E-5
910	4.5E-4	6.5E-8	6.4E-8	4.8E-7	1.7E-4	2.5E-4	1.0E-5
920	4.3E-4	6.1E-8	5.8E-8	4.5E-7	1.6E-4	2.4E-4	9.5E-6
930	4.0E-4	5.8E-8	5.3E-8	4.2E-7	1.5E-4	2.3E-4	8.9E-6
940	3.8E-4	5.4E-8	4.8E-8	4.0E-7	1.4E-4	2.2E-4	8.4E-6
950	3.6E-4	5.1E-8	4.4E-8	3.7E-7	1.3E-4	2.1E-4	8.0E-6
960	3.4E-4	4.8E-8	4.0E-8	3.5E-7	1.2E-4	2.0E-4	7.5E-6
970	3.2E-4	4.5E-8	3.7E-8	3.3E-7	1.1E-4	1.9E-4	7.1E-6
980	3.0E-4	4.2E-8	3.4E-8	3.1E-7	1.1E-4	1.8E-4	6.7E-6
990	2.9E-4	4.0E-8	3.1E-8	2.9E-7	9.8E-5	1.7E-4	6.3E-6
1000	2.7E-4	3.7E-8	2.8E-8	2.7E-7	9.2E-5	1.6E-4	5.9E-6
1010	2.6E-4	3.5E-8	2.6E-8	2.6E-7	8.6E-5	1.5E-4	5.6E-6
1020	2.4E-4	3.3E-8	2.3E-8	2.4E-7	8.1E-5	1.5E-4	5.3E-6
1030	2.3E-4	3.1E-8	2.1E-8	2.3E-7	7.5E-5	1.4E-4	5.0E-6
1040	2.2E-4	2.9E-8	2.0E-8	2.1E-7	7.1E-5	1.3E-4	4.7E-6
1050	2.1E-4	2.8E-8	1.8E-8	2.0E-7	6.6E-5	1.3E-4	4.4E-6
1060	1.9E-4	2.6E-8	1.6E-8	1.9E-7	6.2E-5	1.2E-4	4.2E-6
1070	1.8E-4	2.4E-8	1.5E-8	1.8E-7	5.8E-5	1.1E-4	3.9E-6
1080	1.7E-4	2.3E-8	1.4E-8	1.7E-7	5.4E-5	1.1E-4	3.7E-6
1090	1.6E-4	2.2E-8	1.2E-8	1.6E-7	5.1E-5	1.0E-4	3.5E-6
1095	1.6E-4	2.1E-8	1.2E-8	1.5E-7	4.9E-5	1.0E-4	3.4E-6
1100	1.6E-4	2.0E-8	1.1E-8	1.5E-7	4.7E-5	9.8E-5	3.3E-6
1200	8.9E-5	1.1E-8	4.7E-9	8.3E-8	2.5E-5	5.8E-5	1.8E-6
1300	5.1E-5	6.0E-9	1.9E-9	4.7E-8	1.3E-5	3.5E-5	1.0E-6
1400	2.9E-5	3.3E-9	8.3E-10	2.7E-8	6.7E-6	2.1E-5	5.6E-7
1500	1.7E-5	1.8E-9	3.6E-10	1.5E-8	3.5E-6	1.2E-5	3.1E-7
1600	9.7E-6	1.0E-9	1.6E-10	8.9E-9	1.8E-6	7.3E-6	1.7E-7
1700	5.6E-6	5.6E-10	-	5.1E-9	9.7E-7	4.3E-6	9.4E-8
1800	3.2E-6	3.1E-10	-	3.0E-9	5.1E-7	2.5E-6	5.2E-8
1900	1.9E-6	1.7E-10	-	1.7E-9	2.7E-7	1.5E-6	2.9E-8
2000	1.1E-6	-	-	1.0E-9	1.4E-7	8.7E-7	1.6E-8
2100	6.2E-7	-	-	5.8E-10	7.4E-8	5.1E-7	8.8E-9
2200	3.6E-7	-	-	3.4E-10	3.9E-8	3.0E-7	4.9E-9
2300	2.1E-7	-	-	2.0E-10	2.1E-8	1.7E-7	2.7E-9
2400	1.2E-7	-	-	1.1E-10	1.1E-8	1.0E-7	1.5E-9
2500	6.9E-8	-	-	-	5.8E-9	6.0E-8	8.4E-10
2600	4.0E-8	-	-	-	3.0E-9	3.5E-8	4.7E-10
2700	2.3E-8	-	-	-	1.6E-9	2.0E-8	2.6E-10
2800	1.3E-8	-	-	-	8.5E-10	1.2E-8	1.5E-10
2900	7.8E-9	-	-	-	4.5E-10	6.9E-9	-
3000	4.5E-9	-	-	-	2.4E-10	4.0E-9	-
3100	2.6E-9	-	-	-	1.2E-10	2.3E-9	-
3200	1.5E-9	-	-	-	-	1.4E-9	-
3300	8.8E-10	-	-	-	-	7.9E-10	-
3400	5.1E-10	-	-	-	-	4.6E-10	-
3500	2.9E-10	-	-	-	-	2.7E-10	-
3600	1.7E-10	-	-	-	-	1.6E-10	-
3650	1.3E-10	-	-	-	-	1.2E-10	-
