Radionuclide	Tm-165
Route of Intake	Inhalation
Material	Aerosols Dioxide, fA=5E-7
AMTD/AMAD, µm	0.001

Content in an Organ or Excreta Sample per Intake (Reference Bioassay Functions m(t)), Bq per Bq
Time, days	Whole Body	Urine (24-hour sample)	Faeces (24-hour sample)	Alimentary Tract*	Lungs*	Skeleton*	Liver*
0.041667	9.5E-1	-	-	3.1E-1	1.5E-1	4.5E-6	1.3E-6
0.083333	9.2E-1	-	-	3.6E-1	1.3E-1	9.3E-6	1.7E-6
0.125	8.9E-1	-	-	3.9E-1	1.1E-1	1.3E-5	1.9E-6
0.25	8.0E-1	-	-	4.4E-1	9.1E-2	2.3E-5	2.6E-6
0.375	7.3E-1	-	-	4.6E-1	7.9E-2	3.0E-5	3.2E-6
0.5	6.6E-1	-	-	4.5E-1	7.1E-2	3.5E-5	3.6E-6
0.625	6.0E-1	-	-	4.4E-1	6.4E-2	3.9E-5	3.9E-6
0.75	5.4E-1	-	-	4.1E-1	5.9E-2	4.2E-5	4.1E-6
0.875	4.9E-1	-	-	3.8E-1	5.3E-2	4.5E-5	4.3E-6
1	4.3E-1	1.6E-5	6.0E-2	3.5E-1	4.9E-2	4.6E-5	4.4E-6
1.125	3.8E-1	-	-	3.1E-1	4.4E-2	4.7E-5	4.5E-6
1.25	3.3E-1	-	-	2.7E-1	4.0E-2	4.8E-5	4.5E-6
1.375	2.9E-1	-	-	2.4E-1	3.7E-2	4.8E-5	4.5E-6
1.5	2.5E-1	-	-	2.1E-1	3.3E-2	4.8E-5	4.5E-6
1.625	2.2E-1	-	-	1.8E-1	3.1E-2	4.7E-5	4.4E-6
1.75	1.9E-1	-	-	1.5E-1	2.8E-2	4.7E-5	4.3E-6
1.875	1.6E-1	-	-	1.3E-1	2.5E-2	4.6E-5	4.2E-6
2	1.3E-1	6.8E-6	1.1E-1	1.1E-1	2.3E-2	4.5E-5	4.1E-6
2.25	9.6E-2	-	-	7.6E-2	1.9E-2	4.2E-5	3.9E-6
2.5	6.9E-2	-	-	5.2E-2	1.6E-2	3.9E-5	3.6E-6
2.75	4.9E-2	-	-	3.5E-2	1.3E-2	3.7E-5	3.4E-6
3	3.5E-2	3.0E-6	4.2E-2	2.4E-2	1.1E-2	3.4E-5	3.1E-6
3.25	2.6E-2	-	-	1.6E-2	9.1E-3	3.1E-5	2.8E-6
3.5	1.9E-2	-	-	1.1E-2	7.6E-3	2.8E-5	2.6E-6
3.75	1.4E-2	-	-	7.5E-3	6.3E-3	2.5E-5	2.3E-6
4	1.1E-2	1.4E-6	9.7E-3	5.1E-3	5.2E-3	2.3E-5	2.1E-6
4.25	8.1E-3	-	-	3.6E-3	4.4E-3	2.1E-5	1.9E-6
4.5	6.3E-3	-	-	2.6E-3	3.6E-3	1.9E-5	1.7E-6
4.75	5.0E-3	-	-	1.9E-3	3.0E-3	1.7E-5	1.5E-6
5	4.0E-3	6.6E-7	2.1E-3	1.4E-3	2.5E-3	1.5E-5	1.4E-6
5.5	2.6E-3	-	-	8.2E-4	1.7E-3	1.2E-5	1.1E-6
6	1.8E-3	3.2E-7	5.3E-4	5.1E-4	1.2E-3	9.4E-6	8.5E-7
6.5	1.2E-3	-	-	3.4E-4	8.4E-4	7.4E-6	6.7E-7
7	8.3E-4	1.5E-7	1.8E-4	2.2E-4	5.8E-4	5.8E-6	5.2E-7
7.5	5.7E-4	-	-	1.5E-4	4.1E-4	4.5E-6	4.1E-7
8	4.0E-4	7.5E-8	7.8E-5	1.0E-4	2.8E-4	3.5E-6	3.2E-7
8.5	2.8E-4	-	-	7.0E-5	2.0E-4	2.7E-6	2.4E-7
9	1.9E-4	3.7E-8	3.6E-5	4.8E-5	1.4E-4	2.1E-6	1.9E-7
9.5	1.3E-4	-	-	3.3E-5	9.6E-5	1.6E-6	1.5E-7
10	9.4E-5	1.8E-8	1.7E-5	2.3E-5	6.8E-5	1.3E-6	1.1E-7
11	4.6E-5	9.3E-9	7.8E-6	1.1E-5	3.3E-5	7.5E-7	6.7E-8
12	2.3E-5	4.7E-9	3.7E-6	5.0E-6	1.7E-5	4.4E-7	3.9E-8
13	1.2E-5	2.4E-9	1.7E-6	2.4E-6	8.3E-6	2.6E-7	2.3E-8
14	5.8E-6	1.2E-9	8.1E-7	1.1E-6	4.2E-6	1.5E-7	1.3E-8
15	3.0E-6	6.3E-10	3.8E-7	5.2E-7	2.2E-6	8.9E-8	7.8E-9
16	1.5E-6	3.3E-10	1.8E-7	2.5E-7	1.1E-6	5.2E-8	4.6E-9
17	7.9E-7	1.7E-10	8.5E-8	1.2E-7	5.8E-7	3.0E-8	2.7E-9
18	4.1E-7	-	4.0E-8	5.5E-8	3.1E-7	1.8E-8	1.5E-9
19	2.2E-7	-	1.9E-8	2.6E-8	1.6E-7	1.0E-8	9.0E-10
20	1.2E-7	-	8.9E-9	1.2E-8	8.7E-8	5.9E-9	5.2E-10
21	6.3E-8	-	4.2E-9	5.8E-9	4.7E-8	3.4E-9	3.0E-10
22	3.4E-8	-	2.0E-9	2.7E-9	2.6E-8	2.0E-9	1.7E-10
23	1.9E-8	-	9.3E-10	1.3E-9	1.4E-8	1.2E-9	1.0E-10
24	1.0E-8	-	4.4E-10	6.1E-10	7.8E-9	6.7E-10	-
25	5.7E-9	-	2.1E-10	2.9E-10	4.3E-9	3.9E-10	-
26	3.2E-9	-	-	1.4E-10	2.4E-9	2.2E-10	-
27	1.8E-9	-	-	-	1.4E-9	1.3E-10	-
28	1.0E-9	-	-	-	7.6E-10	-	-
29	5.7E-10	-	-	-	4.3E-10	-	-
30	3.2E-10	-	-	-	2.4E-10	-	-
31	1.8E-10	-	-	-	1.4E-10	-	-
32	1.0E-10	-	-	-	-	-	-
