Radionuclide	U-230
Route of Intake	Inhalation
Material	Aerosols Uranium aluminide, fA=2E-3
AMTD/AMAD, µm	0.1

Content in an Organ or Excreta Sample per Intake (Reference Bioassay Functions m(t)), Bq per Bq
Time, days	Whole Body	Urine (24-hour sample)	Faeces (24-hour sample)	Alimentary Tract*	Lungs*	Skeleton*	Liver*
0.041667	3.2E-1	-	-	2.6E-2	2.6E-1	2.9E-7	2.3E-7
0.083333	3.2E-1	-	-	3.1E-2	2.6E-1	1.1E-6	5.9E-7
0.125	3.2E-1	-	-	3.4E-2	2.5E-1	2.2E-6	8.8E-7
0.25	3.2E-1	-	-	4.2E-2	2.5E-1	5.9E-6	1.4E-6
0.375	3.2E-1	-	-	4.7E-2	2.5E-1	9.4E-6	1.7E-6
0.5	3.1E-1	-	-	5.1E-2	2.5E-1	1.2E-5	1.9E-6
0.625	3.1E-1	-	-	5.3E-2	2.4E-1	1.5E-5	2.0E-6
0.75	3.0E-1	-	-	5.4E-2	2.4E-1	1.7E-5	2.1E-6
0.875	3.0E-1	-	-	5.4E-2	2.4E-1	1.8E-5	2.3E-6
1	3.0E-1	8.0E-5	8.4E-3	5.3E-2	2.4E-1	2.0E-5	2.3E-6
1.125	2.9E-1	-	-	5.1E-2	2.4E-1	2.1E-5	2.4E-6
1.25	2.9E-1	-	-	4.9E-2	2.3E-1	2.2E-5	2.5E-6
1.375	2.8E-1	-	-	4.7E-2	2.3E-1	2.3E-5	2.6E-6
1.5	2.8E-1	-	-	4.4E-2	2.3E-1	2.3E-5	2.6E-6
1.625	2.7E-1	-	-	4.2E-2	2.3E-1	2.4E-5	2.7E-6
1.75	2.7E-1	-	-	3.9E-2	2.3E-1	2.5E-5	2.7E-6
1.875	2.6E-1	-	-	3.6E-2	2.3E-1	2.6E-5	2.8E-6
2	2.6E-1	4.0E-5	2.8E-2	3.3E-2	2.2E-1	2.6E-5	2.8E-6
2.25	2.5E-1	-	-	2.8E-2	2.2E-1	2.7E-5	2.9E-6
2.5	2.4E-1	-	-	2.4E-2	2.2E-1	2.8E-5	3.0E-6
2.75	2.3E-1	-	-	2.0E-2	2.1E-1	2.9E-5	3.1E-6
3	2.3E-1	3.1E-5	2.1E-2	1.7E-2	2.1E-1	3.0E-5	3.2E-6
3.25	2.2E-1	-	-	1.5E-2	2.1E-1	3.1E-5	3.3E-6
3.5	2.2E-1	-	-	1.3E-2	2.1E-1	3.2E-5	3.3E-6
3.75	2.1E-1	-	-	1.2E-2	2.0E-1	3.3E-5	3.4E-6
4	2.1E-1	3.0E-5	1.1E-2	1.0E-2	2.0E-1	3.4E-5	3.5E-6
4.25	2.1E-1	-	-	9.3E-3	2.0E-1	3.5E-5	3.5E-6
4.5	2.0E-1	-	-	8.5E-3	1.9E-1	3.6E-5	3.6E-6
4.75	2.0E-1	-	-	7.8E-3	1.9E-1	3.7E-5	3.6E-6
5	2.0E-1	2.9E-5	6.2E-3	7.2E-3	1.9E-1	3.7E-5	3.7E-6
5.5	1.9E-1	-	-	6.3E-3	1.9E-1	3.9E-5	3.8E-6
6	1.9E-1	3.0E-5	4.2E-3	5.6E-3	1.8E-1	4.0E-5	3.9E-6
6.5	1.8E-1	-	-	5.0E-3	1.8E-1	4.2E-5	4.0E-6
7	1.8E-1	3.0E-5	3.2E-3	4.4E-3	1.7E-1	4.3E-5	4.1E-6
7.5	1.7E-1	-	-	4.0E-3	1.7E-1	4.5E-5	4.2E-6
8	1.7E-1	3.0E-5	2.6E-3	3.6E-3	1.6E-1	4.6E-5	4.3E-6
8.5	1.6E-1	-	-	3.3E-3	1.6E-1	4.7E-5	4.4E-6
9	1.6E-1	3.0E-5	2.1E-3	2.9E-3	1.6E-1	4.9E-5	4.5E-6
9.5	1.6E-1	-	-	2.7E-3	1.5E-1	5.0E-5	4.5E-6
10	1.5E-1	3.0E-5	1.7E-3	2.4E-3	1.5E-1	5.1E-5	4.6E-6
11	1.5E-1	3.1E-5	1.4E-3	2.0E-3	1.5E-1	5.4E-5	4.7E-6
12	1.4E-1	3.1E-5	1.2E-3	1.7E-3	1.4E-1	5.6E-5	4.9E-6
13	1.4E-1	3.1E-5	9.6E-4	1.4E-3	1.3E-1	5.8E-5	5.0E-6
14	1.3E-1	3.1E-5	8.1E-4	1.2E-3	1.3E-1	6.0E-5	5.1E-6
15	1.3E-1	3.2E-5	6.8E-4	1.0E-3	1.2E-1	6.3E-5	5.2E-6
16	1.2E-1	3.2E-5	5.8E-4	8.8E-4	1.2E-1	6.5E-5	5.3E-6
17	1.2E-1	3.2E-5	5.0E-4	7.6E-4	1.2E-1	6.6E-5	5.4E-6
18	1.1E-1	3.2E-5	4.4E-4	6.7E-4	1.1E-1	6.8E-5	5.4E-6
19	1.1E-1	3.2E-5	3.8E-4	6.0E-4	1.1E-1	7.0E-5	5.5E-6
20	1.0E-1	3.2E-5	3.4E-4	5.4E-4	1.0E-1	7.2E-5	5.6E-6
21	1.0E-1	3.2E-5	3.0E-4	4.8E-4	1.0E-1	7.3E-5	5.6E-6
22	9.7E-2	3.2E-5	2.7E-4	4.4E-4	9.6E-2	7.5E-5	5.7E-6
23	9.3E-2	3.2E-5	2.5E-4	4.1E-4	9.3E-2	7.6E-5	5.7E-6
24	9.0E-2	3.2E-5	2.3E-4	3.7E-4	8.9E-2	7.7E-5	5.8E-6
25	8.7E-2	3.2E-5	2.1E-4	3.5E-4	8.6E-2	7.9E-5	5.8E-6
26	8.4E-2	3.1E-5	2.0E-4	3.3E-4	8.3E-2	8.0E-5	5.8E-6
27	8.1E-2	3.1E-5	1.8E-4	3.1E-4	8.0E-2	8.1E-5	5.8E-6
28	7.8E-2	3.1E-5	1.7E-4	2.9E-4	7.7E-2	8.2E-5	5.8E-6
29	7.5E-2	3.1E-5	1.6E-4	2.7E-4	7.5E-2	8.3E-5	5.8E-6
30	7.2E-2	3.0E-5	1.5E-4	2.6E-4	7.2E-2	8.3E-5	5.8E-6
31	7.0E-2	3.0E-5	1.5E-4	2.5E-4	6.9E-2	8.4E-5	5.8E-6
32	6.7E-2	3.0E-5	1.4E-4	2.4E-4	6.7E-2	8.5E-5	5.8E-6
33	6.5E-2	2.9E-5	1.3E-4	2.3E-4	6.5E-2	8.5E-5	5.8E-6
34	6.3E-2	2.9E-5	1.3E-4	2.2E-4	6.2E-2	8.6E-5	5.8E-6
35	6.1E-2	2.9E-5	1.2E-4	2.1E-4	6.0E-2	8.6E-5	5.7E-6
36	5.8E-2	2.8E-5	1.2E-4	2.0E-4	5.8E-2	8.6E-5	5.7E-6
37	5.6E-2	2.8E-5	1.1E-4	1.9E-4	5.6E-2	8.6E-5	5.7E-6
38	5.4E-2	2.8E-5	1.1E-4	1.8E-4	5.4E-2	8.7E-5	5.6E-6
39	5.3E-2	2.7E-5	1.0E-4	1.8E-4	5.2E-2	8.7E-5	5.6E-6
40	5.1E-2	2.7E-5	9.9E-5	1.7E-4	5.0E-2	8.7E-5	5.5E-6
41	4.9E-2	2.6E-5	9.5E-5	1.6E-4	4.9E-2	8.7E-5	5.5E-6
42	4.7E-2	2.6E-5	9.2E-5	1.6E-4	4.7E-2	8.6E-5	5.4E-6
43	4.5E-2	2.5E-5	8.8E-5	1.5E-4	4.5E-2	8.6E-5	5.4E-6
44	4.4E-2	2.5E-5	8.5E-5	1.5E-4	4.4E-2	8.6E-5	5.3E-6
45	4.2E-2	2.5E-5	8.2E-5	1.4E-4	4.2E-2	8.6E-5	5.3E-6
46	4.1E-2	2.4E-5	7.9E-5	1.4E-4	4.1E-2	8.5E-5	5.2E-6
47	3.9E-2	2.4E-5	7.6E-5	1.3E-4	3.9E-2	8.5E-5	5.2E-6
48	3.8E-2	2.3E-5	7.3E-5	1.3E-4	3.8E-2	8.5E-5	5.1E-6
49	3.7E-2	2.3E-5	7.0E-5	1.2E-4	3.6E-2	8.4E-5	5.0E-6
50	3.5E-2	2.2E-5	6.8E-5	1.2E-4	3.5E-2	8.4E-5	5.0E-6
51	3.4E-2	2.2E-5	6.5E-5	1.1E-4	3.4E-2	8.3E-5	4.9E-6
52	3.3E-2	2.1E-5	6.3E-5	1.1E-4	3.3E-2	8.2E-5	4.8E-6
53	3.2E-2	2.1E-5	6.1E-5	1.0E-4	3.2E-2	8.2E-5	4.7E-6
54	3.1E-2	2.1E-5	5.8E-5	1.0E-4	3.0E-2	8.1E-5	4.7E-6
55	3.0E-2	2.0E-5	5.6E-5	9.7E-5	2.9E-2	8.0E-5	4.6E-6
56	2.9E-2	2.0E-5	5.4E-5	9.3E-5	2.8E-2	8.0E-5	4.5E-6
57	2.8E-2	1.9E-5	5.2E-5	9.0E-5	2.7E-2	7.9E-5	4.5E-6
58	2.7E-2	1.9E-5	5.0E-5	8.7E-5	2.6E-2	7.8E-5	4.4E-6
59	2.6E-2	1.8E-5	4.8E-5	8.3E-5	2.5E-2	7.7E-5	4.3E-6
60	2.5E-2	1.8E-5	4.7E-5	8.0E-5	2.4E-2	7.6E-5	4.2E-6
61	2.4E-2	1.8E-5	4.5E-5	7.8E-5	2.4E-2	7.6E-5	4.2E-6
62	2.3E-2	1.7E-5	4.3E-5	7.5E-5	2.3E-2	7.5E-5	4.1E-6
63	2.2E-2	1.7E-5	4.2E-5	7.2E-5	2.2E-2	7.4E-5	4.0E-6
64	2.1E-2	1.6E-5	4.0E-5	6.9E-5	2.1E-2	7.3E-5	3.9E-6
65	2.1E-2	1.6E-5	3.9E-5	6.7E-5	2.0E-2	7.2E-5	3.9E-6
66	2.0E-2	1.6E-5	3.7E-5	6.4E-5	2.0E-2	7.1E-5	3.8E-6
67	1.9E-2	1.5E-5	3.6E-5	6.2E-5	1.9E-2	7.0E-5	3.7E-6
68	1.9E-2	1.5E-5	3.5E-5	6.0E-5	1.8E-2	6.9E-5	3.6E-6
69	1.8E-2	1.5E-5	3.3E-5	5.8E-5	1.8E-2	6.8E-5	3.6E-6
70	1.7E-2	1.4E-5	3.2E-5	5.6E-5	1.7E-2	6.7E-5	3.5E-6
71	1.7E-2	1.4E-5	3.1E-5	5.4E-5	1.6E-2	6.6E-5	3.4E-6
72	1.6E-2	1.4E-5	3.0E-5	5.2E-5	1.6E-2	6.5E-5	3.4E-6
73	1.5E-2	1.3E-5	2.9E-5	5.0E-5	1.5E-2	6.4E-5	3.3E-6
74	1.5E-2	1.3E-5	2.8E-5	4.8E-5	1.5E-2	6.3E-5	3.2E-6
75	1.4E-2	1.3E-5	2.7E-5	4.6E-5	1.4E-2	6.2E-5	3.2E-6
76	1.4E-2	1.2E-5	2.6E-5	4.4E-5	1.4E-2	6.1E-5	3.1E-6
77	1.3E-2	1.2E-5	2.5E-5	4.3E-5	1.3E-2	6.0E-5	3.0E-6
78	1.3E-2	1.2E-5	2.4E-5	4.1E-5	1.3E-2	5.9E-5	3.0E-6
79	1.2E-2	1.1E-5	2.3E-5	4.0E-5	1.2E-2	5.8E-5	2.9E-6
80	1.2E-2	1.1E-5	2.2E-5	3.8E-5	1.2E-2	5.7E-5	2.8E-6
81	1.2E-2	1.1E-5	2.1E-5	3.7E-5	1.1E-2	5.6E-5	2.8E-6
82	1.1E-2	1.0E-5	2.1E-5	3.6E-5	1.1E-2	5.5E-5	2.7E-6
83	1.1E-2	1.0E-5	2.0E-5	3.4E-5	1.1E-2	5.4E-5	2.7E-6
84	1.0E-2	9.9E-6	1.9E-5	3.3E-5	1.0E-2	5.3E-5	2.6E-6
85	1.0E-2	9.6E-6	1.8E-5	3.2E-5	9.9E-3	5.2E-5	2.5E-6
86	9.7E-3	9.3E-6	1.8E-5	3.1E-5	9.6E-3	5.1E-5	2.5E-6
87	9.3E-3	9.1E-6	1.7E-5	3.0E-5	9.2E-3	5.1E-5	2.4E-6
88	9.0E-3	8.8E-6	1.6E-5	2.9E-5	8.9E-3	5.0E-5	2.4E-6
89	8.7E-3	8.6E-6	1.6E-5	2.7E-5	8.6E-3	4.9E-5	2.3E-6
90	8.4E-3	8.4E-6	1.5E-5	2.6E-5	8.3E-3	4.8E-5	2.3E-6
91	8.1E-3	8.1E-6	1.5E-5	2.5E-5	8.0E-3	4.7E-5	2.2E-6
92	7.8E-3	7.9E-6	1.4E-5	2.5E-5	7.7E-3	4.6E-5	2.2E-6
93	7.5E-3	7.7E-6	1.4E-5	2.4E-5	7.4E-3	4.5E-5	2.1E-6
94	7.3E-3	7.5E-6	1.3E-5	2.3E-5	7.2E-3	4.4E-5	2.0E-6
95	7.0E-3	7.3E-6	1.3E-5	2.2E-5	6.9E-3	4.3E-5	2.0E-6
96	6.7E-3	7.1E-6	1.2E-5	2.1E-5	6.7E-3	4.2E-5	2.0E-6
97	6.5E-3	6.9E-6	1.2E-5	2.0E-5	6.4E-3	4.2E-5	1.9E-6
98	6.3E-3	6.7E-6	1.1E-5	2.0E-5	6.2E-3	4.1E-5	1.9E-6
99	6.1E-3	6.5E-6	1.1E-5	1.9E-5	6.0E-3	4.0E-5	1.8E-6
100	5.8E-3	6.3E-6	1.0E-5	1.8E-5	5.8E-3	3.9E-5	1.8E-6
110	4.1E-3	4.7E-6	7.2E-6	1.3E-5	4.0E-3	3.1E-5	1.4E-6
120	2.8E-3	3.5E-6	4.9E-6	8.6E-6	2.8E-3	2.5E-5	1.1E-6
130	2.0E-3	2.5E-6	3.4E-6	5.9E-6	1.9E-3	2.0E-5	8.1E-7
140	1.4E-3	1.9E-6	2.3E-6	4.1E-6	1.3E-3	1.5E-5	6.1E-7
150	9.5E-4	1.3E-6	1.6E-6	2.8E-6	9.3E-4	1.2E-5	4.6E-7
160	6.6E-4	9.8E-7	1.1E-6	1.9E-6	6.4E-4	9.0E-6	3.5E-7
170	4.6E-4	7.0E-7	7.5E-7	1.3E-6	4.5E-4	6.8E-6	2.6E-7
180	3.2E-4	5.0E-7	5.1E-7	9.0E-7	3.1E-4	5.2E-6	1.9E-7
190	2.2E-4	3.6E-7	3.5E-7	6.2E-7	2.1E-4	3.9E-6	1.4E-7
200	1.5E-4	2.6E-7	2.4E-7	4.2E-7	1.5E-4	2.9E-6	1.1E-7
210	1.1E-4	1.8E-7	1.6E-7	2.9E-7	1.0E-4	2.2E-6	7.8E-8
220	7.4E-5	1.3E-7	1.1E-7	2.0E-7	7.1E-5	1.6E-6	5.8E-8
230	5.1E-5	9.3E-8	7.6E-8	1.4E-7	4.9E-5	1.2E-6	4.3E-8
240	3.5E-5	6.6E-8	5.2E-8	9.3E-8	3.4E-5	8.9E-7	3.1E-8
250	2.5E-5	4.6E-8	3.5E-8	6.4E-8	2.4E-5	6.6E-7	2.3E-8
260	1.7E-5	3.3E-8	2.4E-8	4.3E-8	1.6E-5	4.9E-7	1.7E-8
270	1.2E-5	2.3E-8	1.6E-8	3.0E-8	1.1E-5	3.6E-7	1.2E-8
280	8.2E-6	1.6E-8	1.1E-8	2.0E-8	7.8E-6	2.6E-7	8.9E-9
290	5.7E-6	1.1E-8	7.6E-9	1.4E-8	5.4E-6	1.9E-7	6.5E-9
300	3.9E-6	8.1E-9	5.2E-9	9.5E-9	3.7E-6	1.4E-7	4.8E-9
310	2.7E-6	5.7E-9	3.5E-9	6.5E-9	2.6E-6	1.0E-7	3.5E-9
320	1.9E-6	4.0E-9	2.4E-9	4.4E-9	1.8E-6	7.5E-8	2.5E-9
330	1.3E-6	2.8E-9	1.6E-9	3.0E-9	1.2E-6	5.4E-8	1.8E-9
340	9.1E-7	2.0E-9	1.1E-9	2.1E-9	8.5E-7	3.9E-8	1.3E-9
350	6.3E-7	1.4E-9	7.5E-10	1.4E-9	5.9E-7	2.9E-8	9.6E-10
360	4.3E-7	9.6E-10	5.1E-10	9.5E-10	4.1E-7	2.1E-8	7.0E-10
365	3.6E-7	8.0E-10	4.2E-10	7.9E-10	3.4E-7	1.8E-8	5.9E-10
370	3.0E-7	6.7E-10	3.5E-10	6.5E-10	2.8E-7	1.5E-8	5.1E-10
380	2.1E-7	4.7E-10	2.3E-10	4.4E-10	1.9E-7	1.1E-8	3.7E-10
390	1.4E-7	3.3E-10	1.6E-10	3.0E-10	1.3E-7	7.9E-9	2.6E-10
400	1.0E-7	2.3E-10	1.1E-10	2.1E-10	9.3E-8	5.7E-9	1.9E-10
410	6.9E-8	1.6E-10	-	1.4E-10	6.4E-8	4.1E-9	1.4E-10
420	4.8E-8	1.1E-10	-	-	4.4E-8	3.0E-9	1.0E-10
430	3.3E-8	-	-	-	3.1E-8	2.2E-9	-
440	2.3E-8	-	-	-	2.1E-8	1.6E-9	-
450	1.6E-8	-	-	-	1.5E-8	1.1E-9	-
460	1.1E-8	-	-	-	1.0E-8	8.1E-10	-
470	7.7E-9	-	-	-	6.9E-9	5.8E-10	-
480	5.3E-9	-	-	-	4.8E-9	4.2E-10	-
490	3.7E-9	-	-	-	3.3E-9	3.0E-10	-
500	2.6E-9	-	-	-	2.3E-9	2.2E-10	-
510	1.8E-9	-	-	-	1.6E-9	1.6E-10	-
520	1.2E-9	-	-	-	1.1E-9	1.1E-10	-
530	8.6E-10	-	-	-	7.6E-10	-	-
540	6.0E-10	-	-	-	5.2E-10	-	-
550	4.1E-10	-	-	-	3.6E-10	-	-
560	2.9E-10	-	-	-	2.5E-10	-	-
570	2.0E-10	-	-	-	1.7E-10	-	-
580	1.4E-10	-	-	-	1.2E-10	-	-
