Radionuclide	Rh-101m
Route of Intake	Inhalation
Material	Aerosols Type M, fA=1E-2
AMTD/AMAD, µm	0.001

Content in an Organ or Excreta Sample per Intake (Reference Bioassay Functions m(t)), Bq per Bq
Time, days	Whole Body	Urine (24-hour sample)	Faeces (24-hour sample)	Alimentary Tract*	Lungs*	Skeleton*	Liver*
0.041667	9.7E-1	-	-	3.2E-1	1.5E-1	5.6E-4	8.2E-4
0.083333	9.5E-1	-	-	3.7E-1	1.3E-1	9.3E-4	1.4E-3
0.125	9.3E-1	-	-	4.0E-1	1.1E-1	1.2E-3	1.8E-3
0.25	8.8E-1	-	-	4.8E-1	9.0E-2	1.9E-3	2.8E-3
0.375	8.4E-1	-	-	5.2E-1	8.0E-2	2.3E-3	3.4E-3
0.5	8.1E-1	-	-	5.4E-1	7.4E-2	2.5E-3	3.7E-3
0.625	7.7E-1	-	-	5.5E-1	6.9E-2	2.7E-3	3.9E-3
0.75	7.2E-1	-	-	5.4E-1	6.5E-2	2.8E-3	4.0E-3
0.875	6.8E-1	-	-	5.2E-1	6.2E-2	2.8E-3	4.1E-3
1	6.4E-1	5.5E-3	8.7E-2	5.0E-1	5.9E-2	2.8E-3	4.1E-3
1.125	5.9E-1	-	-	4.7E-1	5.6E-2	2.8E-3	4.1E-3
1.25	5.4E-1	-	-	4.4E-1	5.4E-2	2.8E-3	4.0E-3
1.375	5.0E-1	-	-	4.0E-1	5.1E-2	2.8E-3	3.9E-3
1.5	4.5E-1	-	-	3.7E-1	4.9E-2	2.7E-3	3.9E-3
1.625	4.1E-1	-	-	3.3E-1	4.7E-2	2.7E-3	3.8E-3
1.75	3.7E-1	-	-	2.9E-1	4.5E-2	2.7E-3	3.7E-3
1.875	3.3E-1	-	-	2.6E-1	4.3E-2	2.6E-3	3.6E-3
2	3.0E-1	1.3E-3	2.3E-1	2.3E-1	4.1E-2	2.6E-3	3.6E-3
2.25	2.4E-1	-	-	1.8E-1	3.7E-2	2.5E-3	3.4E-3
2.5	1.9E-1	-	-	1.3E-1	3.4E-2	2.4E-3	3.2E-3
2.75	1.5E-1	-	-	1.0E-1	3.1E-2	2.3E-3	3.1E-3
3	1.2E-1	7.3E-4	1.3E-1	7.4E-2	2.9E-2	2.2E-3	2.9E-3
3.25	9.6E-2	-	-	5.5E-2	2.6E-2	2.1E-3	2.8E-3
3.5	7.9E-2	-	-	4.1E-2	2.4E-2	2.0E-3	2.6E-3
3.75	6.5E-2	-	-	3.0E-2	2.2E-2	1.9E-3	2.5E-3
4	5.5E-2	5.2E-4	4.5E-2	2.3E-2	2.0E-2	1.8E-3	2.4E-3
4.25	4.8E-2	-	-	1.7E-2	1.8E-2	1.8E-3	2.2E-3
4.5	4.2E-2	-	-	1.4E-2	1.7E-2	1.7E-3	2.1E-3
4.75	3.7E-2	-	-	1.1E-2	1.6E-2	1.6E-3	2.0E-3
5	3.3E-2	3.9E-4	1.4E-2	8.8E-3	1.4E-2	1.6E-3	1.9E-3
5.5	2.7E-2	-	-	6.1E-3	1.2E-2	1.4E-3	1.7E-3
6	2.3E-2	2.9E-4	4.9E-3	4.6E-3	1.0E-2	1.3E-3	1.5E-3
6.5	2.0E-2	-	-	3.6E-3	8.5E-3	1.2E-3	1.4E-3
7	1.7E-2	2.3E-4	2.4E-3	2.9E-3	7.2E-3	1.1E-3	1.2E-3
7.5	1.5E-2	-	-	2.4E-3	6.1E-3	9.9E-4	1.1E-3
8	1.3E-2	1.8E-4	1.5E-3	2.0E-3	5.2E-3	9.0E-4	9.9E-4
8.5	1.1E-2	-	-	1.7E-3	4.4E-3	8.2E-4	8.8E-4
9	9.9E-3	1.4E-4	1.0E-3	1.4E-3	3.7E-3	7.5E-4	7.9E-4
9.5	8.7E-3	-	-	1.2E-3	3.2E-3	6.9E-4	7.1E-4
10	7.6E-3	1.1E-4	6.9E-4	9.9E-4	2.7E-3	6.3E-4	6.4E-4
11	6.0E-3	8.8E-5	4.8E-4	7.0E-4	2.0E-3	5.2E-4	5.1E-4
12	4.7E-3	7.0E-5	3.4E-4	5.0E-4	1.5E-3	4.3E-4	4.1E-4
13	3.7E-3	5.6E-5	2.4E-4	3.5E-4	1.1E-3	3.6E-4	3.3E-4
14	2.9E-3	4.5E-5	1.7E-4	2.5E-4	8.1E-4	3.0E-4	2.7E-4
15	2.3E-3	3.6E-5	1.2E-4	1.8E-4	6.1E-4	2.5E-4	2.2E-4
16	1.9E-3	2.9E-5	8.2E-5	1.3E-4	4.7E-4	2.1E-4	1.7E-4
17	1.5E-3	2.3E-5	5.8E-5	9.5E-5	3.6E-4	1.7E-4	1.4E-4
18	1.2E-3	1.8E-5	4.1E-5	6.9E-5	2.8E-4	1.5E-4	1.1E-4
19	1.0E-3	1.5E-5	2.9E-5	5.1E-5	2.2E-4	1.2E-4	9.3E-5
20	8.3E-4	1.2E-5	2.1E-5	3.8E-5	1.7E-4	1.0E-4	7.6E-5
21	6.9E-4	9.6E-6	1.5E-5	2.8E-5	1.4E-4	8.5E-5	6.2E-5
22	5.7E-4	7.7E-6	1.1E-5	2.1E-5	1.1E-4	7.1E-5	5.0E-5
23	4.7E-4	6.2E-6	7.6E-6	1.6E-5	9.1E-5	5.9E-5	4.1E-5
24	3.9E-4	5.0E-6	5.5E-6	1.2E-5	7.5E-5	5.0E-5	3.4E-5
25	3.2E-4	4.1E-6	4.0E-6	9.3E-6	6.1E-5	4.2E-5	2.8E-5
26	2.7E-4	3.3E-6	2.9E-6	7.2E-6	5.0E-5	3.5E-5	2.3E-5
27	2.3E-4	2.7E-6	2.1E-6	5.6E-6	4.2E-5	2.9E-5	1.9E-5
28	1.9E-4	2.2E-6	1.6E-6	4.4E-6	3.5E-5	2.5E-5	1.5E-5
29	1.6E-4	1.8E-6	1.2E-6	3.5E-6	2.9E-5	2.1E-5	1.3E-5
30	1.3E-4	1.4E-6	8.7E-7	2.8E-6	2.4E-5	1.7E-5	1.0E-5
31	1.1E-4	1.2E-6	6.6E-7	2.2E-6	2.0E-5	1.5E-5	8.6E-6
32	9.3E-5	9.4E-7	5.0E-7	1.8E-6	1.7E-5	1.2E-5	7.1E-6
33	7.8E-5	7.7E-7	3.8E-7	1.5E-6	1.4E-5	1.0E-5	5.9E-6
34	6.6E-5	6.2E-7	2.9E-7	1.2E-6	1.2E-5	8.7E-6	4.9E-6
35	5.5E-5	5.1E-7	2.3E-7	9.8E-7	1.0E-5	7.4E-6	4.1E-6
36	4.7E-5	4.1E-7	1.8E-7	8.1E-7	8.5E-6	6.2E-6	3.4E-6
37	3.9E-5	3.4E-7	1.4E-7	6.7E-7	7.2E-6	5.2E-6	2.8E-6
38	3.3E-5	2.8E-7	1.1E-7	5.5E-7	6.1E-6	4.4E-6	2.3E-6
39	2.8E-5	2.3E-7	8.6E-8	4.6E-7	5.1E-6	3.7E-6	1.9E-6
40	2.3E-5	1.8E-7	6.8E-8	3.8E-7	4.3E-6	3.2E-6	1.6E-6
41	2.0E-5	1.5E-7	5.4E-8	3.1E-7	3.7E-6	2.7E-6	1.4E-6
42	1.7E-5	1.2E-7	4.4E-8	2.6E-7	3.1E-6	2.3E-6	1.1E-6
43	1.4E-5	1.0E-7	3.5E-8	2.2E-7	2.6E-6	1.9E-6	9.4E-7
44	1.2E-5	8.3E-8	2.8E-8	1.8E-7	2.2E-6	1.6E-6	7.9E-7
45	1.0E-5	6.8E-8	2.3E-8	1.5E-7	1.9E-6	1.4E-6	6.6E-7
46	8.5E-6	5.6E-8	1.9E-8	1.3E-7	1.6E-6	1.2E-6	5.5E-7
47	7.2E-6	4.6E-8	1.5E-8	1.1E-7	1.3E-6	9.9E-7	4.6E-7
48	6.1E-6	3.8E-8	1.2E-8	9.0E-8	1.1E-6	8.4E-7	3.9E-7
49	5.1E-6	3.1E-8	1.0E-8	7.6E-8	9.6E-7	7.1E-7	3.3E-7
50	4.3E-6	2.6E-8	8.4E-9	6.4E-8	8.1E-7	6.0E-7	2.7E-7
51	3.7E-6	2.1E-8	6.9E-9	5.4E-8	6.9E-7	5.1E-7	2.3E-7
52	3.1E-6	1.8E-8	5.6E-9	4.5E-8	5.8E-7	4.3E-7	1.9E-7
53	2.6E-6	1.4E-8	4.7E-9	3.8E-8	4.9E-7	3.7E-7	1.6E-7
54	2.2E-6	1.2E-8	3.8E-9	3.2E-8	4.2E-7	3.1E-7	1.4E-7
55	1.9E-6	9.9E-9	3.2E-9	2.7E-8	3.5E-7	2.6E-7	1.1E-7
56	1.6E-6	8.2E-9	2.6E-9	2.3E-8	3.0E-7	2.3E-7	9.7E-8
57	1.4E-6	6.7E-9	2.2E-9	1.9E-8	2.5E-7	1.9E-7	8.1E-8
58	1.1E-6	5.6E-9	1.8E-9	1.6E-8	2.1E-7	1.6E-7	6.9E-8
59	9.7E-7	4.6E-9	1.5E-9	1.4E-8	1.8E-7	1.4E-7	5.8E-8
60	8.2E-7	3.8E-9	1.2E-9	1.1E-8	1.5E-7	1.2E-7	4.9E-8
61	7.0E-7	3.2E-9	1.0E-9	9.7E-9	1.3E-7	1.0E-7	4.1E-8
62	5.9E-7	2.6E-9	8.5E-10	8.2E-9	1.1E-7	8.5E-8	3.5E-8
63	5.0E-7	2.2E-9	7.1E-10	6.9E-9	9.3E-8	7.2E-8	2.9E-8
64	4.2E-7	1.8E-9	5.9E-10	5.8E-9	7.9E-8	6.1E-8	2.5E-8
65	3.6E-7	1.5E-9	4.9E-10	4.9E-9	6.7E-8	5.2E-8	2.1E-8
66	3.0E-7	1.3E-9	4.1E-10	4.2E-9	5.7E-8	4.4E-8	1.8E-8
67	2.6E-7	1.0E-9	3.4E-10	3.5E-9	4.8E-8	3.8E-8	1.5E-8
68	2.2E-7	8.7E-10	2.8E-10	3.0E-9	4.1E-8	3.2E-8	1.3E-8
69	1.9E-7	7.2E-10	2.4E-10	2.5E-9	3.4E-8	2.7E-8	1.1E-8
70	1.6E-7	6.0E-10	2.0E-10	2.1E-9	2.9E-8	2.3E-8	9.0E-9
71	1.3E-7	5.0E-10	1.6E-10	1.8E-9	2.5E-8	2.0E-8	7.6E-9
72	1.1E-7	4.2E-10	1.4E-10	1.5E-9	2.1E-8	1.7E-8	6.4E-9
73	9.6E-8	3.5E-10	1.2E-10	1.3E-9	1.8E-8	1.4E-8	5.5E-9
74	8.2E-8	2.9E-10	-	1.1E-9	1.5E-8	1.2E-8	4.6E-9
75	6.9E-8	2.4E-10	-	9.2E-10	1.3E-8	1.0E-8	3.9E-9
76	5.9E-8	2.0E-10	-	7.8E-10	1.1E-8	8.9E-9	3.3E-9
77	5.0E-8	1.7E-10	-	6.6E-10	9.1E-9	7.6E-9	2.8E-9
78	4.2E-8	1.4E-10	-	5.6E-10	7.7E-9	6.4E-9	2.4E-9
79	3.6E-8	1.2E-10	-	4.8E-10	6.5E-9	5.5E-9	2.0E-9
80	3.0E-8	-	-	4.0E-10	5.5E-9	4.7E-9	1.7E-9
81	2.6E-8	-	-	3.4E-10	4.7E-9	4.0E-9	1.4E-9
82	2.2E-8	-	-	2.9E-10	3.9E-9	3.4E-9	1.2E-9
83	1.9E-8	-	-	2.4E-10	3.3E-9	2.9E-9	1.0E-9
84	1.6E-8	-	-	2.1E-10	2.8E-9	2.5E-9	8.8E-10
85	1.3E-8	-	-	1.8E-10	2.4E-9	2.1E-9	7.4E-10
86	1.1E-8	-	-	1.5E-10	2.0E-9	1.8E-9	6.3E-10
87	9.7E-9	-	-	1.3E-10	1.7E-9	1.5E-9	5.3E-10
88	8.2E-9	-	-	1.1E-10	1.5E-9	1.3E-9	4.5E-10
89	7.0E-9	-	-	-	1.2E-9	1.1E-9	3.8E-10
90	5.9E-9	-	-	-	1.0E-9	9.4E-10	3.2E-10
91	5.0E-9	-	-	-	8.8E-10	8.0E-10	2.8E-10
92	4.3E-9	-	-	-	7.5E-10	6.8E-10	2.3E-10
93	3.6E-9	-	-	-	6.3E-10	5.8E-10	2.0E-10
94	3.1E-9	-	-	-	5.4E-10	5.0E-10	1.7E-10
95	2.6E-9	-	-	-	4.5E-10	4.2E-10	1.4E-10
96	2.2E-9	-	-	-	3.8E-10	3.6E-10	1.2E-10
97	1.9E-9	-	-	-	3.3E-10	3.1E-10	1.0E-10
98	1.6E-9	-	-	-	2.8E-10	2.6E-10	-
99	1.4E-9	-	-	-	2.3E-10	2.2E-10	-
100	1.2E-9	-	-	-	2.0E-10	1.9E-10	-
110	2.3E-10	-	-	-	-	-	-
