Radionuclide	Os-191
Route of Intake	Inhalation
Material	Aerosols Type S, fA=1E-4
AMTD/AMAD, µm	5

Content in an Organ or Excreta Sample per Intake (Reference Bioassay Functions m(t)), Bq per Bq
Time, days	Whole Body	Urine (24-hour sample)	Faeces (24-hour sample)	Alimentary Tract*	Lungs*	Skeleton*	Liver*
0.041667	8.1E-1	-	-	2.8E-1	7.6E-2	1.1E-5	2.5E-5
0.083333	7.9E-1	-	-	3.1E-1	7.1E-2	1.6E-5	3.8E-5
0.125	7.8E-1	-	-	3.4E-1	6.9E-2	2.0E-5	5.0E-5
0.25	7.5E-1	-	-	4.0E-1	6.4E-2	3.0E-5	7.5E-5
0.375	7.3E-1	-	-	4.5E-1	6.3E-2	3.7E-5	9.2E-5
0.5	7.0E-1	-	-	4.8E-1	6.2E-2	4.1E-5	1.0E-4
0.625	6.8E-1	-	-	4.9E-1	6.1E-2	4.4E-5	1.1E-4
0.75	6.5E-1	-	-	4.9E-1	6.0E-2	4.6E-5	1.2E-4
0.875	6.2E-1	-	-	4.9E-1	6.0E-2	4.7E-5	1.2E-4
1	5.9E-1	2.2E-4	8.1E-2	4.7E-1	5.9E-2	4.8E-5	1.2E-4
1.125	5.5E-1	-	-	4.5E-1	5.9E-2	4.8E-5	1.2E-4
1.25	5.1E-1	-	-	4.2E-1	5.8E-2	4.8E-5	1.2E-4
1.375	4.8E-1	-	-	3.9E-1	5.7E-2	4.8E-5	1.2E-4
1.5	4.4E-1	-	-	3.6E-1	5.7E-2	4.8E-5	1.2E-4
1.625	4.0E-1	-	-	3.3E-1	5.6E-2	4.7E-5	1.2E-4
1.75	3.7E-1	-	-	3.0E-1	5.6E-2	4.7E-5	1.2E-4
1.875	3.3E-1	-	-	2.7E-1	5.5E-2	4.7E-5	1.2E-4
2	3.0E-1	5.5E-5	2.5E-1	2.4E-1	5.5E-2	4.6E-5	1.2E-4
2.25	2.5E-1	-	-	1.9E-1	5.4E-2	4.5E-5	1.2E-4
2.5	2.0E-1	-	-	1.4E-1	5.3E-2	4.4E-5	1.1E-4
2.75	1.6E-1	-	-	1.1E-1	5.2E-2	4.4E-5	1.1E-4
3	1.3E-1	3.5E-5	1.5E-1	8.1E-2	5.1E-2	4.3E-5	1.1E-4
3.25	1.1E-1	-	-	5.9E-2	5.0E-2	4.2E-5	1.0E-4
3.5	9.4E-2	-	-	4.3E-2	5.0E-2	4.1E-5	1.0E-4
3.75	8.1E-2	-	-	3.1E-2	4.9E-2	4.0E-5	9.9E-5
4	7.1E-2	2.8E-5	5.6E-2	2.2E-2	4.8E-2	3.9E-5	9.7E-5
4.25	6.4E-2	-	-	1.6E-2	4.7E-2	3.9E-5	9.4E-5
4.5	5.9E-2	-	-	1.2E-2	4.7E-2	3.8E-5	9.2E-5
4.75	5.5E-2	-	-	8.4E-3	4.6E-2	3.7E-5	8.9E-5
5	5.2E-2	2.3E-5	1.6E-2	6.2E-3	4.5E-2	3.7E-5	8.7E-5
5.5	4.8E-2	-	-	3.5E-3	4.4E-2	3.5E-5	8.2E-5
6	4.6E-2	2.0E-5	4.4E-3	2.2E-3	4.3E-2	3.4E-5	7.8E-5
6.5	4.4E-2	-	-	1.5E-3	4.1E-2	3.3E-5	7.4E-5
7	4.2E-2	1.7E-5	1.4E-3	1.2E-3	4.0E-2	3.1E-5	7.0E-5
7.5	4.1E-2	-	-	9.5E-4	3.9E-2	3.0E-5	6.6E-5
8	3.9E-2	1.5E-5	6.9E-4	8.1E-4	3.8E-2	2.9E-5	6.3E-5
8.5	3.8E-2	-	-	7.2E-4	3.7E-2	2.8E-5	5.9E-5
9	3.7E-2	1.3E-5	4.7E-4	6.4E-4	3.6E-2	2.7E-5	5.6E-5
9.5	3.6E-2	-	-	5.7E-4	3.5E-2	2.6E-5	5.3E-5
10	3.5E-2	1.2E-5	3.6E-4	5.2E-4	3.4E-2	2.5E-5	5.0E-5
11	3.3E-2	1.1E-5	2.9E-4	4.2E-4	3.2E-2	2.4E-5	4.5E-5
12	3.2E-2	9.5E-6	2.4E-4	3.5E-4	3.1E-2	2.2E-5	4.1E-5
13	3.0E-2	8.6E-6	2.0E-4	2.9E-4	2.9E-2	2.1E-5	3.7E-5
14	2.9E-2	7.8E-6	1.7E-4	2.5E-4	2.8E-2	1.9E-5	3.4E-5
15	2.7E-2	7.0E-6	1.4E-4	2.1E-4	2.7E-2	1.8E-5	3.1E-5
16	2.6E-2	6.4E-6	1.2E-4	1.8E-4	2.5E-2	1.7E-5	2.8E-5
17	2.5E-2	5.8E-6	1.0E-4	1.6E-4	2.4E-2	1.6E-5	2.5E-5
18	2.3E-2	5.3E-6	8.7E-5	1.4E-4	2.3E-2	1.5E-5	2.3E-5
19	2.2E-2	4.8E-6	7.6E-5	1.2E-4	2.2E-2	1.4E-5	2.1E-5
20	2.1E-2	4.4E-6	6.7E-5	1.1E-4	2.1E-2	1.3E-5	2.0E-5
21	2.0E-2	4.0E-6	6.0E-5	9.7E-5	2.0E-2	1.2E-5	1.8E-5
22	1.9E-2	3.7E-6	5.3E-5	8.7E-5	1.9E-2	1.2E-5	1.7E-5
23	1.8E-2	3.4E-6	4.8E-5	8.0E-5	1.8E-2	1.1E-5	1.5E-5
24	1.8E-2	3.1E-6	4.4E-5	7.3E-5	1.7E-2	1.0E-5	1.4E-5
25	1.7E-2	2.9E-6	4.0E-5	6.7E-5	1.6E-2	9.7E-6	1.3E-5
26	1.6E-2	2.6E-6	3.7E-5	6.2E-5	1.6E-2	9.2E-6	1.2E-5
27	1.5E-2	2.4E-6	3.4E-5	5.8E-5	1.5E-2	8.7E-6	1.1E-5
28	1.5E-2	2.3E-6	3.2E-5	5.4E-5	1.4E-2	8.2E-6	1.1E-5
29	1.4E-2	2.1E-6	3.0E-5	5.1E-5	1.4E-2	7.8E-6	9.9E-6
30	1.3E-2	1.9E-6	2.8E-5	4.8E-5	1.3E-2	7.4E-6	9.2E-6
31	1.3E-2	1.8E-6	2.6E-5	4.5E-5	1.2E-2	7.0E-6	8.6E-6
32	1.2E-2	1.7E-6	2.5E-5	4.3E-5	1.2E-2	6.6E-6	8.1E-6
33	1.1E-2	1.6E-6	2.3E-5	4.0E-5	1.1E-2	6.3E-6	7.6E-6
34	1.1E-2	1.4E-6	2.2E-5	3.8E-5	1.1E-2	6.0E-6	7.1E-6
35	1.0E-2	1.3E-6	2.1E-5	3.6E-5	1.0E-2	5.7E-6	6.7E-6
36	1.0E-2	1.3E-6	2.0E-5	3.4E-5	9.8E-3	5.4E-6	6.3E-6
37	9.5E-3	1.2E-6	1.9E-5	3.2E-5	9.3E-3	5.1E-6	5.9E-6
38	9.1E-3	1.1E-6	1.8E-5	3.1E-5	8.9E-3	4.9E-6	5.5E-6
39	8.6E-3	1.0E-6	1.7E-5	2.9E-5	8.5E-3	4.6E-6	5.2E-6
40	8.2E-3	9.6E-7	1.6E-5	2.8E-5	8.1E-3	4.4E-6	4.9E-6
41	7.9E-3	9.0E-7	1.5E-5	2.7E-5	7.7E-3	4.2E-6	4.7E-6
42	7.5E-3	8.5E-7	1.5E-5	2.5E-5	7.4E-3	4.0E-6	4.4E-6
43	7.2E-3	8.0E-7	1.4E-5	2.4E-5	7.0E-3	3.8E-6	4.2E-6
44	6.8E-3	7.5E-7	1.3E-5	2.3E-5	6.7E-3	3.7E-6	3.9E-6
45	6.5E-3	7.0E-7	1.3E-5	2.2E-5	6.4E-3	3.5E-6	3.7E-6
46	6.2E-3	6.6E-7	1.2E-5	2.1E-5	6.1E-3	3.3E-6	3.5E-6
47	5.9E-3	6.2E-7	1.1E-5	2.0E-5	5.8E-3	3.2E-6	3.4E-6
48	5.7E-3	5.9E-7	1.1E-5	1.9E-5	5.6E-3	3.0E-6	3.2E-6
49	5.4E-3	5.5E-7	1.0E-5	1.8E-5	5.3E-3	2.9E-6	3.0E-6
50	5.2E-3	5.2E-7	9.8E-6	1.7E-5	5.1E-3	2.8E-6	2.9E-6
51	4.9E-3	4.9E-7	9.4E-6	1.6E-5	4.8E-3	2.6E-6	2.7E-6
52	4.7E-3	4.7E-7	8.9E-6	1.5E-5	4.6E-3	2.5E-6	2.6E-6
53	4.5E-3	4.4E-7	8.5E-6	1.5E-5	4.4E-3	2.4E-6	2.5E-6
54	4.3E-3	4.2E-7	8.1E-6	1.4E-5	4.2E-3	2.3E-6	2.3E-6
55	4.1E-3	3.9E-7	7.7E-6	1.3E-5	4.0E-3	2.2E-6	2.2E-6
56	3.9E-3	3.7E-7	7.4E-6	1.3E-5	3.8E-3	2.1E-6	2.1E-6
57	3.7E-3	3.5E-7	7.0E-6	1.2E-5	3.6E-3	2.0E-6	2.0E-6
58	3.5E-3	3.3E-7	6.7E-6	1.2E-5	3.5E-3	1.9E-6	1.9E-6
59	3.4E-3	3.2E-7	6.4E-6	1.1E-5	3.3E-3	1.8E-6	1.8E-6
60	3.2E-3	3.0E-7	6.1E-6	1.1E-5	3.2E-3	1.8E-6	1.7E-6
61	3.1E-3	2.9E-7	5.8E-6	1.0E-5	3.0E-3	1.7E-6	1.7E-6
62	2.9E-3	2.7E-7	5.5E-6	9.6E-6	2.9E-3	1.6E-6	1.6E-6
63	2.8E-3	2.6E-7	5.2E-6	9.1E-6	2.7E-3	1.6E-6	1.5E-6
64	2.7E-3	2.4E-7	5.0E-6	8.7E-6	2.6E-3	1.5E-6	1.4E-6
65	2.5E-3	2.3E-7	4.8E-6	8.3E-6	2.5E-3	1.4E-6	1.4E-6
66	2.4E-3	2.2E-7	4.5E-6	7.9E-6	2.4E-3	1.4E-6	1.3E-6
67	2.3E-3	2.1E-7	4.3E-6	7.5E-6	2.3E-3	1.3E-6	1.2E-6
68	2.2E-3	2.0E-7	4.1E-6	7.2E-6	2.2E-3	1.2E-6	1.2E-6
69	2.1E-3	1.9E-7	3.9E-6	6.8E-6	2.1E-3	1.2E-6	1.1E-6
70	2.0E-3	1.8E-7	3.7E-6	6.5E-6	2.0E-3	1.1E-6	1.1E-6
71	1.9E-3	1.7E-7	3.6E-6	6.2E-6	1.9E-3	1.1E-6	1.0E-6
72	1.8E-3	1.6E-7	3.4E-6	5.9E-6	1.8E-3	1.1E-6	9.8E-7
73	1.7E-3	1.5E-7	3.2E-6	5.6E-6	1.7E-3	1.0E-6	9.3E-7
74	1.7E-3	1.5E-7	3.1E-6	5.4E-6	1.6E-3	9.6E-7	8.9E-7
75	1.6E-3	1.4E-7	2.9E-6	5.1E-6	1.6E-3	9.2E-7	8.5E-7
76	1.5E-3	1.3E-7	2.8E-6	4.9E-6	1.5E-3	8.8E-7	8.1E-7
77	1.4E-3	1.3E-7	2.7E-6	4.6E-6	1.4E-3	8.5E-7	7.7E-7
78	1.4E-3	1.2E-7	2.5E-6	4.4E-6	1.4E-3	8.1E-7	7.4E-7
79	1.3E-3	1.1E-7	2.4E-6	4.2E-6	1.3E-3	7.8E-7	7.1E-7
80	1.3E-3	1.1E-7	2.3E-6	4.0E-6	1.2E-3	7.5E-7	6.7E-7
81	1.2E-3	1.0E-7	2.2E-6	3.8E-6	1.2E-3	7.1E-7	6.4E-7
82	1.1E-3	9.9E-8	2.1E-6	3.7E-6	1.1E-3	6.8E-7	6.1E-7
83	1.1E-3	9.4E-8	2.0E-6	3.5E-6	1.1E-3	6.6E-7	5.9E-7
84	1.0E-3	8.9E-8	1.9E-6	3.3E-6	1.0E-3	6.3E-7	5.6E-7
85	1.0E-3	8.5E-8	1.8E-6	3.2E-6	9.8E-4	6.0E-7	5.3E-7
86	9.5E-4	8.1E-8	1.7E-6	3.0E-6	9.3E-4	5.8E-7	5.1E-7
87	9.1E-4	7.7E-8	1.7E-6	2.9E-6	8.9E-4	5.5E-7	4.9E-7
88	8.7E-4	7.4E-8	1.6E-6	2.7E-6	8.5E-4	5.3E-7	4.7E-7
89	8.3E-4	7.0E-8	1.5E-6	2.6E-6	8.1E-4	5.1E-7	4.4E-7
90	7.9E-4	6.7E-8	1.4E-6	2.5E-6	7.7E-4	4.9E-7	4.3E-7
91	7.5E-4	6.4E-8	1.4E-6	2.4E-6	7.4E-4	4.7E-7	4.1E-7
92	7.2E-4	6.1E-8	1.3E-6	2.3E-6	7.0E-4	4.5E-7	3.9E-7
93	6.8E-4	5.8E-8	1.2E-6	2.2E-6	6.7E-4	4.3E-7	3.7E-7
94	6.5E-4	5.5E-8	1.2E-6	2.1E-6	6.4E-4	4.1E-7	3.5E-7
95	6.2E-4	5.3E-8	1.1E-6	2.0E-6	6.1E-4	3.9E-7	3.4E-7
96	5.9E-4	5.0E-8	1.1E-6	1.9E-6	5.8E-4	3.8E-7	3.2E-7
97	5.7E-4	4.8E-8	1.0E-6	1.8E-6	5.6E-4	3.6E-7	3.1E-7
98	5.4E-4	4.5E-8	9.7E-7	1.7E-6	5.3E-4	3.5E-7	2.9E-7
99	5.2E-4	4.3E-8	9.3E-7	1.6E-6	5.1E-4	3.3E-7	2.8E-7
100	4.9E-4	4.1E-8	8.8E-7	1.5E-6	4.8E-4	3.2E-7	2.7E-7
110	3.1E-4	2.6E-8	5.5E-7	9.5E-7	3.0E-4	2.1E-7	1.7E-7
120	1.9E-4	1.6E-8	3.4E-7	5.9E-7	1.9E-4	1.3E-7	1.1E-7
130	1.2E-4	1.0E-8	2.1E-7	3.6E-7	1.2E-4	8.8E-8	6.8E-8
140	7.6E-5	6.2E-9	1.3E-7	2.3E-7	7.4E-5	5.7E-8	4.3E-8
150	4.7E-5	3.9E-9	8.0E-8	1.4E-7	4.6E-5	3.7E-8	2.8E-8
160	3.0E-5	2.4E-9	4.9E-8	8.6E-8	2.9E-5	2.4E-8	1.7E-8
170	1.9E-5	1.5E-9	3.0E-8	5.3E-8	1.8E-5	1.6E-8	1.1E-8
180	1.2E-5	9.6E-10	1.9E-8	3.3E-8	1.1E-5	1.0E-8	7.0E-9
190	7.3E-6	6.0E-10	1.2E-8	2.0E-8	7.2E-6	6.6E-9	4.4E-9
200	4.6E-6	3.8E-10	7.2E-9	1.3E-8	4.5E-6	4.3E-9	2.8E-9
210	2.9E-6	2.4E-10	4.5E-9	7.8E-9	2.8E-6	2.8E-9	1.8E-9
220	1.8E-6	1.5E-10	2.8E-9	4.8E-9	1.8E-6	1.8E-9	1.1E-9
230	1.1E-6	-	1.7E-9	3.0E-9	1.1E-6	1.2E-9	7.2E-10
240	7.1E-7	-	1.1E-9	1.9E-9	6.9E-7	7.5E-10	4.5E-10
250	4.5E-7	-	6.5E-10	1.1E-9	4.4E-7	4.8E-10	2.9E-10
260	2.8E-7	-	4.0E-10	7.1E-10	2.7E-7	3.1E-10	1.8E-10
270	1.8E-7	-	2.5E-10	4.4E-10	1.7E-7	2.0E-10	1.1E-10
280	1.1E-7	-	1.5E-10	2.7E-10	1.1E-7	1.3E-10	-
290	6.9E-8	-	-	1.7E-10	6.8E-8	-	-
300	4.4E-8	-	-	1.0E-10	4.3E-8	-	-
310	2.7E-8	-	-	-	2.7E-8	-	-
320	1.7E-8	-	-	-	1.7E-8	-	-
330	1.1E-8	-	-	-	1.1E-8	-	-
340	6.8E-9	-	-	-	6.7E-9	-	-
350	4.3E-9	-	-	-	4.2E-9	-	-
360	2.7E-9	-	-	-	2.6E-9	-	-
365	2.1E-9	-	-	-	2.1E-9	-	-
370	1.7E-9	-	-	-	1.7E-9	-	-
380	1.1E-9	-	-	-	1.0E-9	-	-
390	6.7E-10	-	-	-	6.6E-10	-	-
400	4.2E-10	-	-	-	4.1E-10	-	-
410	2.7E-10	-	-	-	2.6E-10	-	-
420	1.7E-10	-	-	-	1.6E-10	-	-
430	1.1E-10	-	-	-	1.0E-10	-	-
