Radionuclide	U-238
Route of Intake	Inhalation
Material	Aerosols Type S, fA=2E-4
AMTD/AMAD, µm	1

Content in an Organ or Excreta Sample per Intake (Reference Bioassay Functions m(t)), Bq per Bq
Time, days	Whole Body (Th-234)	Urine (24-hour sample)	Faeces (24-hour sample)	Alimentary Tract* (Th-234)	Lungs* (Th-234)	Skeleton* (Th-234)	Liver* (Th-234)
0.041667	6.0E-4	-	-	1.7E-4	1.6E-4	2.3E-8	1.9E-8
0.083333	1.2E-3	-	-	3.9E-4	3.1E-4	9.3E-8	5.7E-8
0.125	1.8E-3	-	-	6.4E-4	4.5E-4	2.1E-7	1.0E-7
0.25	3.5E-3	-	-	1.5E-3	8.8E-4	8.3E-7	2.8E-7
0.375	5.1E-3	-	-	2.5E-3	1.3E-3	1.8E-6	4.6E-7
0.5	6.6E-3	-	-	3.6E-3	1.7E-3	3.0E-6	6.2E-7
0.625	8.0E-3	-	-	4.7E-3	2.1E-3	4.3E-6	7.5E-7
0.75	9.3E-3	-	-	5.6E-3	2.6E-3	5.6E-6	8.7E-7
0.875	1.0E-2	-	-	6.5E-3	3.0E-3	7.0E-6	9.7E-7
1	1.2E-2	8.2E-4	4.4E-2	7.2E-3	3.4E-3	8.3E-6	1.1E-6
1.125	1.2E-2	-	-	7.8E-3	3.8E-3	9.6E-6	1.1E-6
1.25	1.3E-2	-	-	8.2E-3	4.2E-3	1.1E-5	1.2E-6
1.375	1.4E-2	-	-	8.4E-3	4.6E-3	1.2E-5	1.3E-6
1.5	1.4E-2	-	-	8.5E-3	5.0E-3	1.3E-5	1.4E-6
1.625	1.4E-2	-	-	8.5E-3	5.4E-3	1.4E-5	1.4E-6
1.75	1.4E-2	-	-	8.3E-3	5.8E-3	1.5E-5	1.5E-6
1.875	1.4E-2	-	-	8.0E-3	6.1E-3	1.6E-5	1.6E-6
2	1.4E-2	1.2E-4	1.4E-1	7.7E-3	6.5E-3	1.7E-5	1.7E-6
2.25	1.4E-2	-	-	6.9E-3	7.3E-3	1.9E-5	1.8E-6
2.5	1.4E-2	-	-	5.9E-3	8.0E-3	2.1E-5	2.0E-6
2.75	1.4E-2	-	-	5.0E-3	8.7E-3	2.3E-5	2.1E-6
3	1.4E-2	4.0E-5	9.2E-2	4.1E-3	9.5E-3	2.5E-5	2.3E-6
3.25	1.4E-2	-	-	3.4E-3	1.0E-2	2.7E-5	2.4E-6
3.5	1.4E-2	-	-	2.7E-3	1.1E-2	2.9E-5	2.6E-6
3.75	1.4E-2	-	-	2.2E-3	1.2E-2	3.0E-5	2.7E-6
4	1.4E-2	3.2E-5	3.6E-2	1.7E-3	1.2E-2	3.2E-5	2.9E-6
4.25	1.4E-2	-	-	1.4E-3	1.3E-2	3.4E-5	3.0E-6
4.5	1.5E-2	-	-	1.1E-3	1.4E-2	3.6E-5	3.2E-6
4.75	1.5E-2	-	-	9.3E-4	1.4E-2	3.7E-5	3.3E-6
5	1.6E-2	3.0E-5	1.2E-2	7.8E-4	1.5E-2	3.9E-5	3.5E-6
5.5	1.7E-2	-	-	5.9E-4	1.6E-2	4.2E-5	3.7E-6
6	1.8E-2	2.8E-5	4.0E-3	4.8E-4	1.7E-2	4.6E-5	4.0E-6
6.5	1.9E-2	-	-	4.3E-4	1.9E-2	4.9E-5	4.3E-6
7	2.0E-2	2.6E-5	1.9E-3	3.9E-4	2.0E-2	5.2E-5	4.5E-6
7.5	2.2E-2	-	-	3.7E-4	2.1E-2	5.5E-5	4.8E-6
8	2.3E-2	2.5E-5	1.3E-3	3.6E-4	2.2E-2	5.8E-5	5.0E-6
8.5	2.4E-2	-	-	3.5E-4	2.3E-2	6.1E-5	5.2E-6
9	2.5E-2	2.3E-5	1.0E-3	3.4E-4	2.4E-2	6.4E-5	5.4E-6
9.5	2.6E-2	-	-	3.3E-4	2.6E-2	6.7E-5	5.7E-6
10	2.7E-2	2.2E-5	8.8E-4	3.2E-4	2.7E-2	7.0E-5	5.9E-6
11	2.9E-2	2.1E-5	7.6E-4	3.0E-4	2.9E-2	7.6E-5	6.3E-6
12	3.1E-2	2.0E-5	6.6E-4	2.8E-4	3.1E-2	8.2E-5	6.7E-6
13	3.3E-2	1.9E-5	5.7E-4	2.7E-4	3.3E-2	8.8E-5	7.0E-6
14	3.5E-2	1.8E-5	5.1E-4	2.5E-4	3.5E-2	9.3E-5	7.4E-6
15	3.7E-2	1.8E-5	4.5E-4	2.4E-4	3.6E-2	9.9E-5	7.7E-6
16	3.9E-2	1.7E-5	4.1E-4	2.3E-4	3.8E-2	1.0E-4	8.0E-6
17	4.1E-2	1.7E-5	3.7E-4	2.2E-4	4.0E-2	1.1E-4	8.3E-6
18	4.2E-2	1.6E-5	3.4E-4	2.2E-4	4.2E-2	1.1E-4	8.6E-6
19	4.4E-2	1.5E-5	3.1E-4	2.1E-4	4.3E-2	1.2E-4	8.9E-6
20	4.5E-2	1.5E-5	2.9E-4	2.1E-4	4.5E-2	1.3E-4	9.1E-6
21	4.7E-2	1.5E-5	2.8E-4	2.0E-4	4.6E-2	1.3E-4	9.4E-6
22	4.8E-2	1.4E-5	2.6E-4	2.0E-4	4.8E-2	1.4E-4	9.6E-6
23	5.0E-2	1.4E-5	2.5E-4	2.0E-4	4.9E-2	1.4E-4	9.9E-6
24	5.1E-2	1.4E-5	2.4E-4	2.0E-4	5.1E-2	1.4E-4	1.0E-5
25	5.3E-2	1.3E-5	2.3E-4	2.0E-4	5.2E-2	1.5E-4	1.0E-5
26	5.4E-2	1.3E-5	2.3E-4	2.0E-4	5.3E-2	1.5E-4	1.1E-5
27	5.5E-2	1.3E-5	2.2E-4	2.0E-4	5.5E-2	1.6E-4	1.1E-5
28	5.6E-2	1.3E-5	2.2E-4	2.0E-4	5.6E-2	1.6E-4	1.1E-5
29	5.7E-2	1.2E-5	2.1E-4	2.0E-4	5.7E-2	1.7E-4	1.1E-5
30	5.9E-2	1.2E-5	2.1E-4	2.0E-4	5.8E-2	1.7E-4	1.1E-5
31	6.0E-2	1.2E-5	2.1E-4	2.1E-4	5.9E-2	1.8E-4	1.2E-5
32	6.1E-2	1.2E-5	2.0E-4	2.1E-4	6.0E-2	1.8E-4	1.2E-5
33	6.2E-2	1.2E-5	2.0E-4	2.1E-4	6.1E-2	1.8E-4	1.2E-5
34	6.3E-2	1.2E-5	2.0E-4	2.1E-4	6.2E-2	1.9E-4	1.2E-5
35	6.4E-2	1.2E-5	2.0E-4	2.1E-4	6.3E-2	1.9E-4	1.2E-5
36	6.5E-2	1.1E-5	2.0E-4	2.2E-4	6.4E-2	2.0E-4	1.2E-5
37	6.5E-2	1.1E-5	2.0E-4	2.2E-4	6.5E-2	2.0E-4	1.3E-5
38	6.6E-2	1.1E-5	1.9E-4	2.2E-4	6.6E-2	2.0E-4	1.3E-5
39	6.7E-2	1.1E-5	1.9E-4	2.2E-4	6.6E-2	2.1E-4	1.3E-5
40	6.8E-2	1.1E-5	1.9E-4	2.3E-4	6.7E-2	2.1E-4	1.3E-5
41	6.9E-2	1.1E-5	1.9E-4	2.3E-4	6.8E-2	2.2E-4	1.3E-5
42	6.9E-2	1.1E-5	1.9E-4	2.3E-4	6.9E-2	2.2E-4	1.3E-5
43	7.0E-2	1.1E-5	1.9E-4	2.3E-4	6.9E-2	2.2E-4	1.4E-5
44	7.1E-2	1.1E-5	1.9E-4	2.3E-4	7.0E-2	2.3E-4	1.4E-5
45	7.1E-2	1.1E-5	1.9E-4	2.3E-4	7.1E-2	2.3E-4	1.4E-5
46	7.2E-2	1.1E-5	1.9E-4	2.4E-4	7.1E-2	2.3E-4	1.4E-5
47	7.3E-2	1.0E-5	1.9E-4	2.4E-4	7.2E-2	2.4E-4	1.4E-5
48	7.3E-2	1.0E-5	1.9E-4	2.4E-4	7.2E-2	2.4E-4	1.4E-5
49	7.4E-2	1.0E-5	1.9E-4	2.4E-4	7.3E-2	2.4E-4	1.4E-5
50	7.4E-2	1.0E-5	1.9E-4	2.4E-4	7.3E-2	2.5E-4	1.5E-5
51	7.5E-2	1.0E-5	1.8E-4	2.4E-4	7.4E-2	2.5E-4	1.5E-5
52	7.5E-2	1.0E-5	1.8E-4	2.4E-4	7.4E-2	2.5E-4	1.5E-5
53	7.6E-2	1.0E-5	1.8E-4	2.5E-4	7.5E-2	2.5E-4	1.5E-5
54	7.6E-2	1.0E-5	1.8E-4	2.5E-4	7.5E-2	2.6E-4	1.5E-5
55	7.6E-2	1.0E-5	1.8E-4	2.5E-4	7.6E-2	2.6E-4	1.5E-5
56	7.7E-2	1.0E-5	1.8E-4	2.5E-4	7.6E-2	2.6E-4	1.5E-5
57	7.7E-2	1.0E-5	1.8E-4	2.5E-4	7.6E-2	2.7E-4	1.5E-5
58	7.8E-2	9.9E-6	1.8E-4	2.5E-4	7.7E-2	2.7E-4	1.6E-5
59	7.8E-2	9.9E-6	1.8E-4	2.5E-4	7.7E-2	2.7E-4	1.6E-5
60	7.8E-2	9.8E-6	1.8E-4	2.5E-4	7.8E-2	2.7E-4	1.6E-5
61	7.9E-2	9.8E-6	1.8E-4	2.5E-4	7.8E-2	2.8E-4	1.6E-5
62	7.9E-2	9.8E-6	1.8E-4	2.5E-4	7.8E-2	2.8E-4	1.6E-5
63	7.9E-2	9.7E-6	1.8E-4	2.6E-4	7.8E-2	2.8E-4	1.6E-5
64	8.0E-2	9.7E-6	1.8E-4	2.6E-4	7.9E-2	2.8E-4	1.6E-5
65	8.0E-2	9.7E-6	1.8E-4	2.6E-4	7.9E-2	2.9E-4	1.6E-5
66	8.0E-2	9.6E-6	1.8E-4	2.6E-4	7.9E-2	2.9E-4	1.6E-5
67	8.0E-2	9.6E-6	1.8E-4	2.6E-4	8.0E-2	2.9E-4	1.7E-5
68	8.1E-2	9.6E-6	1.7E-4	2.6E-4	8.0E-2	2.9E-4	1.7E-5
69	8.1E-2	9.5E-6	1.7E-4	2.6E-4	8.0E-2	2.9E-4	1.7E-5
70	8.1E-2	9.5E-6	1.7E-4	2.6E-4	8.0E-2	3.0E-4	1.7E-5
71	8.1E-2	9.5E-6	1.7E-4	2.6E-4	8.0E-2	3.0E-4	1.7E-5
72	8.1E-2	9.4E-6	1.7E-4	2.6E-4	8.1E-2	3.0E-4	1.7E-5
73	8.2E-2	9.4E-6	1.7E-4	2.6E-4	8.1E-2	3.0E-4	1.7E-5
74	8.2E-2	9.4E-6	1.7E-4	2.6E-4	8.1E-2	3.0E-4	1.7E-5
75	8.2E-2	9.4E-6	1.7E-4	2.6E-4	8.1E-2	3.1E-4	1.7E-5
76	8.2E-2	9.3E-6	1.7E-4	2.6E-4	8.1E-2	3.1E-4	1.7E-5
77	8.2E-2	9.3E-6	1.7E-4	2.6E-4	8.1E-2	3.1E-4	1.7E-5
78	8.2E-2	9.3E-6	1.7E-4	2.6E-4	8.1E-2	3.1E-4	1.7E-5
79	8.2E-2	9.2E-6	1.7E-4	2.6E-4	8.2E-2	3.1E-4	1.8E-5
80	8.3E-2	9.2E-6	1.7E-4	2.6E-4	8.2E-2	3.1E-4	1.8E-5
81	8.3E-2	9.2E-6	1.7E-4	2.6E-4	8.2E-2	3.2E-4	1.8E-5
82	8.3E-2	9.2E-6	1.7E-4	2.6E-4	8.2E-2	3.2E-4	1.8E-5
83	8.3E-2	9.1E-6	1.7E-4	2.6E-4	8.2E-2	3.2E-4	1.8E-5
84	8.3E-2	9.1E-6	1.7E-4	2.6E-4	8.2E-2	3.2E-4	1.8E-5
85	8.3E-2	9.1E-6	1.7E-4	2.6E-4	8.2E-2	3.2E-4	1.8E-5
86	8.3E-2	9.1E-6	1.7E-4	2.6E-4	8.2E-2	3.2E-4	1.8E-5
87	8.3E-2	9.0E-6	1.6E-4	2.6E-4	8.2E-2	3.2E-4	1.8E-5
88	8.3E-2	9.0E-6	1.6E-4	2.6E-4	8.2E-2	3.3E-4	1.8E-5
89	8.3E-2	9.0E-6	1.6E-4	2.6E-4	8.2E-2	3.3E-4	1.8E-5
90	8.3E-2	9.0E-6	1.6E-4	2.6E-4	8.2E-2	3.3E-4	1.8E-5
91	8.3E-2	9.0E-6	1.6E-4	2.6E-4	8.2E-2	3.3E-4	1.8E-5
92	8.3E-2	8.9E-6	1.6E-4	2.6E-4	8.2E-2	3.3E-4	1.8E-5
93	8.3E-2	8.9E-6	1.6E-4	2.6E-4	8.2E-2	3.3E-4	1.8E-5
94	8.3E-2	8.9E-6	1.6E-4	2.6E-4	8.2E-2	3.3E-4	1.8E-5
95	8.3E-2	8.9E-6	1.6E-4	2.6E-4	8.2E-2	3.3E-4	1.9E-5
96	8.3E-2	8.8E-6	1.6E-4	2.6E-4	8.2E-2	3.3E-4	1.9E-5
97	8.3E-2	8.8E-6	1.6E-4	2.6E-4	8.2E-2	3.4E-4	1.9E-5
98	8.3E-2	8.8E-6	1.6E-4	2.6E-4	8.2E-2	3.4E-4	1.9E-5
99	8.3E-2	8.8E-6	1.6E-4	2.6E-4	8.2E-2	3.4E-4	1.9E-5
100	8.3E-2	8.8E-6	1.6E-4	2.6E-4	8.2E-2	3.4E-4	1.9E-5
110	8.3E-2	8.6E-6	1.5E-4	2.5E-4	8.2E-2	3.5E-4	1.9E-5
120	8.2E-2	8.4E-6	1.5E-4	2.5E-4	8.1E-2	3.5E-4	1.9E-5
130	8.2E-2	8.2E-6	1.4E-4	2.4E-4	8.1E-2	3.6E-4	2.0E-5
140	8.1E-2	8.0E-6	1.4E-4	2.4E-4	8.0E-2	3.6E-4	2.0E-5
150	7.9E-2	7.9E-6	1.4E-4	2.3E-4	7.9E-2	3.6E-4	2.0E-5
160	7.8E-2	7.7E-6	1.3E-4	2.2E-4	7.7E-2	3.6E-4	2.0E-5
170	7.7E-2	7.6E-6	1.3E-4	2.2E-4	7.6E-2	3.6E-4	2.0E-5
180	7.6E-2	7.4E-6	1.2E-4	2.1E-4	7.5E-2	3.6E-4	2.0E-5
190	7.5E-2	7.3E-6	1.2E-4	2.1E-4	7.4E-2	3.6E-4	2.0E-5
200	7.4E-2	7.2E-6	1.2E-4	2.0E-4	7.3E-2	3.6E-4	1.9E-5
210	7.2E-2	7.1E-6	1.1E-4	1.9E-4	7.2E-2	3.6E-4	1.9E-5
220	7.1E-2	6.9E-6	1.1E-4	1.9E-4	7.0E-2	3.6E-4	1.9E-5
230	7.0E-2	6.8E-6	1.1E-4	1.8E-4	6.9E-2	3.6E-4	1.9E-5
240	6.9E-2	6.7E-6	1.0E-4	1.8E-4	6.8E-2	3.6E-4	1.9E-5
250	6.8E-2	6.6E-6	9.9E-5	1.7E-4	6.7E-2	3.6E-4	1.9E-5
260	6.7E-2	6.5E-6	9.6E-5	1.7E-4	6.6E-2	3.6E-4	1.9E-5
270	6.6E-2	6.4E-6	9.3E-5	1.6E-4	6.5E-2	3.5E-4	1.9E-5
280	6.5E-2	6.3E-6	9.1E-5	1.6E-4	6.4E-2	3.5E-4	1.9E-5
290	6.4E-2	6.2E-6	8.8E-5	1.5E-4	6.3E-2	3.5E-4	1.8E-5
300	6.3E-2	6.1E-6	8.5E-5	1.5E-4	6.2E-2	3.5E-4	1.8E-5
310	6.2E-2	6.0E-6	8.3E-5	1.4E-4	6.1E-2	3.5E-4	1.8E-5
320	6.1E-2	5.9E-6	8.0E-5	1.4E-4	6.1E-2	3.5E-4	1.8E-5
330	6.1E-2	5.9E-6	7.8E-5	1.3E-4	6.0E-2	3.5E-4	1.8E-5
340	6.0E-2	5.8E-6	7.5E-5	1.3E-4	5.9E-2	3.5E-4	1.8E-5
350	5.9E-2	5.7E-6	7.3E-5	1.3E-4	5.8E-2	3.5E-4	1.8E-5
360	5.8E-2	5.6E-6	7.1E-5	1.2E-4	5.7E-2	3.5E-4	1.8E-5
365	5.8E-2	5.6E-6	7.0E-5	1.2E-4	5.7E-2	3.5E-4	1.8E-5
370	5.7E-2	5.6E-6	6.9E-5	1.2E-4	5.7E-2	3.5E-4	1.8E-5
380	5.7E-2	5.5E-6	6.6E-5	1.1E-4	5.6E-2	3.5E-4	1.8E-5
390	5.6E-2	5.4E-6	6.4E-5	1.1E-4	5.5E-2	3.4E-4	1.8E-5
400	5.5E-2	5.3E-6	6.2E-5	1.1E-4	5.5E-2	3.4E-4	1.7E-5
410	5.5E-2	5.3E-6	6.1E-5	1.0E-4	5.4E-2	3.4E-4	1.7E-5
420	5.4E-2	5.2E-6	5.9E-5	1.0E-4	5.3E-2	3.4E-4	1.7E-5
430	5.3E-2	5.2E-6	5.7E-5	9.8E-5	5.3E-2	3.4E-4	1.7E-5
440	5.3E-2	5.1E-6	5.5E-5	9.5E-5	5.2E-2	3.4E-4	1.7E-5
450	5.2E-2	5.0E-6	5.4E-5	9.2E-5	5.1E-2	3.4E-4	1.7E-5
460	5.2E-2	5.0E-6	5.2E-5	9.0E-5	5.1E-2	3.4E-4	1.7E-5
470	5.1E-2	4.9E-6	5.0E-5	8.7E-5	5.0E-2	3.4E-4	1.7E-5
480	5.0E-2	4.9E-6	4.9E-5	8.4E-5	5.0E-2	3.4E-4	1.7E-5
490	5.0E-2	4.8E-6	4.7E-5	8.2E-5	4.9E-2	3.4E-4	1.7E-5
500	4.9E-2	4.8E-6	4.6E-5	7.9E-5	4.9E-2	3.4E-4	1.7E-5
510	4.9E-2	4.7E-6	4.4E-5	7.7E-5	4.8E-2	3.4E-4	1.7E-5
520	4.8E-2	4.7E-6	4.3E-5	7.5E-5	4.8E-2	3.4E-4	1.7E-5
530	4.8E-2	4.6E-6	4.2E-5	7.2E-5	4.7E-2	3.4E-4	1.7E-5
540	4.7E-2	4.6E-6	4.0E-5	7.0E-5	4.7E-2	3.4E-4	1.7E-5
550	4.7E-2	4.5E-6	3.9E-5	6.8E-5	4.6E-2	3.4E-4	1.7E-5
560	4.7E-2	4.5E-6	3.8E-5	6.6E-5	4.6E-2	3.4E-4	1.7E-5
570	4.6E-2	4.5E-6	3.7E-5	6.4E-5	4.5E-2	3.4E-4	1.7E-5
580	4.6E-2	4.4E-6	3.6E-5	6.2E-5	4.5E-2	3.4E-4	1.7E-5
590	4.5E-2	4.4E-6	3.5E-5	6.0E-5	4.5E-2	3.4E-4	1.7E-5
600	4.5E-2	4.3E-6	3.4E-5	5.8E-5	4.4E-2	3.4E-4	1.7E-5
610	4.5E-2	4.3E-6	3.3E-5	5.7E-5	4.4E-2	3.4E-4	1.7E-5
620	4.4E-2	4.3E-6	3.2E-5	5.5E-5	4.4E-2	3.4E-4	1.7E-5
630	4.4E-2	4.2E-6	3.1E-5	5.3E-5	4.3E-2	3.4E-4	1.7E-5
640	4.4E-2	4.2E-6	3.0E-5	5.2E-5	4.3E-2	3.4E-4	1.6E-5
650	4.3E-2	4.2E-6	2.9E-5	5.0E-5	4.3E-2	3.4E-4	1.6E-5
660	4.3E-2	4.1E-6	2.8E-5	4.9E-5	4.2E-2	3.4E-4	1.6E-5
670	4.3E-2	4.1E-6	2.7E-5	4.7E-5	4.2E-2	3.4E-4	1.6E-5
680	4.2E-2	4.1E-6	2.6E-5	4.6E-5	4.2E-2	3.4E-4	1.6E-5
690	4.2E-2	4.0E-6	2.5E-5	4.4E-5	4.1E-2	3.4E-4	1.6E-5
700	4.2E-2	4.0E-6	2.5E-5	4.3E-5	4.1E-2	3.4E-4	1.6E-5
710	4.1E-2	4.0E-6	2.4E-5	4.2E-5	4.1E-2	3.4E-4	1.6E-5
720	4.1E-2	4.0E-6	2.3E-5	4.0E-5	4.0E-2	3.4E-4	1.6E-5
730	4.1E-2	3.9E-6	2.2E-5	3.9E-5	4.0E-2	3.4E-4	1.6E-5
740	4.1E-2	3.9E-6	2.2E-5	3.8E-5	4.0E-2	3.4E-4	1.6E-5
750	4.0E-2	3.9E-6	2.1E-5	3.7E-5	4.0E-2	3.4E-4	1.6E-5
760	4.0E-2	3.9E-6	2.0E-5	3.6E-5	3.9E-2	3.4E-4	1.6E-5
770	4.0E-2	3.8E-6	2.0E-5	3.5E-5	3.9E-2	3.4E-4	1.6E-5
780	4.0E-2	3.8E-6	1.9E-5	3.4E-5	3.9E-2	3.4E-4	1.6E-5
790	3.9E-2	3.8E-6	1.9E-5	3.3E-5	3.9E-2	3.4E-4	1.6E-5
800	3.9E-2	3.8E-6	1.8E-5	3.2E-5	3.9E-2	3.4E-4	1.6E-5
810	3.9E-2	3.7E-6	1.8E-5	3.1E-5	3.8E-2	3.4E-4	1.6E-5
820	3.9E-2	3.7E-6	1.7E-5	3.0E-5	3.8E-2	3.4E-4	1.6E-5
830	3.9E-2	3.7E-6	1.6E-5	2.9E-5	3.8E-2	3.4E-4	1.6E-5
840	3.8E-2	3.7E-6	1.6E-5	2.8E-5	3.8E-2	3.4E-4	1.6E-5
850	3.8E-2	3.7E-6	1.6E-5	2.7E-5	3.7E-2	3.4E-4	1.6E-5
860	3.8E-2	3.6E-6	1.5E-5	2.6E-5	3.7E-2	3.5E-4	1.6E-5
870	3.8E-2	3.6E-6	1.5E-5	2.6E-5	3.7E-2	3.5E-4	1.6E-5
880	3.8E-2	3.6E-6	1.4E-5	2.5E-5	3.7E-2	3.5E-4	1.6E-5
890	3.7E-2	3.6E-6	1.4E-5	2.4E-5	3.7E-2	3.5E-4	1.6E-5
900	3.7E-2	3.6E-6	1.3E-5	2.3E-5	3.7E-2	3.5E-4	1.6E-5
910	3.7E-2	3.6E-6	1.3E-5	2.3E-5	3.6E-2	3.5E-4	1.6E-5
920	3.7E-2	3.5E-6	1.2E-5	2.2E-5	3.6E-2	3.5E-4	1.6E-5
930	3.7E-2	3.5E-6	1.2E-5	2.1E-5	3.6E-2	3.5E-4	1.6E-5
940	3.7E-2	3.5E-6	1.2E-5	2.1E-5	3.6E-2	3.5E-4	1.6E-5
950	3.6E-2	3.5E-6	1.1E-5	2.0E-5	3.6E-2	3.5E-4	1.6E-5
960	3.6E-2	3.5E-6	1.1E-5	2.0E-5	3.6E-2	3.5E-4	1.6E-5
970	3.6E-2	3.5E-6	1.1E-5	1.9E-5	3.6E-2	3.5E-4	1.6E-5
980	3.6E-2	3.5E-6	1.0E-5	1.8E-5	3.5E-2	3.5E-4	1.6E-5
990	3.6E-2	3.4E-6	1.0E-5	1.8E-5	3.5E-2	3.5E-4	1.6E-5
1000	3.6E-2	3.4E-6	9.7E-6	1.7E-5	3.5E-2	3.5E-4	1.6E-5
1010	3.6E-2	3.4E-6	9.4E-6	1.7E-5	3.5E-2	3.5E-4	1.6E-5
1020	3.6E-2	3.4E-6	9.2E-6	1.6E-5	3.5E-2	3.5E-4	1.6E-5
1030	3.5E-2	3.4E-6	8.9E-6	1.6E-5	3.5E-2	3.5E-4	1.6E-5
1040	3.5E-2	3.4E-6	8.6E-6	1.5E-5	3.5E-2	3.5E-4	1.7E-5
1050	3.5E-2	3.4E-6	8.3E-6	1.5E-5	3.4E-2	3.5E-4	1.7E-5
1060	3.5E-2	3.4E-6	8.1E-6	1.5E-5	3.4E-2	3.5E-4	1.7E-5
1070	3.5E-2	3.4E-6	7.8E-6	1.4E-5	3.4E-2	3.5E-4	1.7E-5
1080	3.5E-2	3.3E-6	7.6E-6	1.4E-5	3.4E-2	3.5E-4	1.7E-5
1090	3.5E-2	3.3E-6	7.4E-6	1.3E-5	3.4E-2	3.5E-4	1.7E-5
1095	3.5E-2	3.3E-6	7.3E-6	1.3E-5	3.4E-2	3.5E-4	1.7E-5
1100	3.5E-2	3.3E-6	7.2E-6	1.3E-5	3.4E-2	3.5E-4	1.7E-5
1200	3.4E-2	3.2E-6	5.3E-6	9.7E-6	3.3E-2	3.6E-4	1.7E-5
1300	3.3E-2	3.2E-6	3.9E-6	7.3E-6	3.2E-2	3.6E-4	1.7E-5
1400	3.2E-2	3.1E-6	2.8E-6	5.5E-6	3.2E-2	3.7E-4	1.7E-5
1500	3.2E-2	3.0E-6	2.1E-6	4.2E-6	3.1E-2	3.7E-4	1.7E-5
1600	3.1E-2	3.0E-6	1.5E-6	3.3E-6	3.1E-2	3.8E-4	1.7E-5
1700	3.1E-2	3.0E-6	1.1E-6	2.6E-6	3.0E-2	3.8E-4	1.8E-5
1800	3.0E-2	2.9E-6	8.3E-7	2.1E-6	3.0E-2	3.9E-4	1.8E-5
1900	3.0E-2	2.9E-6	6.2E-7	1.7E-6	2.9E-2	3.9E-4	1.8E-5
2000	3.0E-2	2.8E-6	4.6E-7	1.4E-6	2.9E-2	3.9E-4	1.8E-5
2100	2.9E-2	2.8E-6	3.4E-7	1.2E-6	2.9E-2	4.0E-4	1.8E-5
2200	2.9E-2	2.8E-6	2.5E-7	1.1E-6	2.8E-2	4.0E-4	1.9E-5
2300	2.9E-2	2.8E-6	1.9E-7	9.9E-7	2.8E-2	4.1E-4	1.9E-5
2400	2.8E-2	2.7E-6	1.4E-7	9.2E-7	2.8E-2	4.1E-4	1.9E-5
2500	2.8E-2	2.7E-6	1.1E-7	8.6E-7	2.7E-2	4.1E-4	1.9E-5
2600	2.8E-2	2.7E-6	8.6E-8	8.2E-7	2.7E-2	4.2E-4	1.9E-5
2700	2.8E-2	2.7E-6	6.8E-8	7.9E-7	2.7E-2	4.2E-4	1.9E-5
2800	2.7E-2	2.6E-6	5.4E-8	7.6E-7	2.7E-2	4.2E-4	1.9E-5
2900	2.7E-2	2.6E-6	4.4E-8	7.5E-7	2.6E-2	4.2E-4	2.0E-5
3000	2.7E-2	2.6E-6	3.7E-8	7.4E-7	2.6E-2	4.3E-4	2.0E-5
3100	2.7E-2	2.6E-6	3.1E-8	7.3E-7	2.6E-2	4.3E-4	2.0E-5
3200	2.6E-2	2.5E-6	2.7E-8	7.2E-7	2.6E-2	4.3E-4	2.0E-5
3300	2.6E-2	2.5E-6	2.4E-8	7.2E-7	2.5E-2	4.3E-4	2.0E-5
3400	2.6E-2	2.5E-6	2.2E-8	7.2E-7	2.5E-2	4.4E-4	2.0E-5
3500	2.6E-2	2.5E-6	2.0E-8	7.1E-7	2.5E-2	4.4E-4	2.0E-5
3600	2.5E-2	2.4E-6	1.9E-8	7.1E-7	2.5E-2	4.4E-4	2.0E-5
3650	2.5E-2	2.4E-6	1.9E-8	7.1E-7	2.4E-2	4.4E-4	2.0E-5
4000	2.4E-2	2.3E-6	1.6E-8	7.1E-7	2.4E-2	4.5E-4	2.1E-5
5000	2.2E-2	2.1E-6	1.4E-8	7.1E-7	2.1E-2	4.6E-4	2.1E-5
6000	2.0E-2	1.9E-6	1.3E-8	7.1E-7	1.9E-2	4.7E-4	2.1E-5
7000	1.8E-2	1.7E-6	1.2E-8	7.1E-7	1.7E-2	4.7E-4	2.1E-5
8000	1.6E-2	1.6E-6	1.1E-8	7.1E-7	1.6E-2	4.7E-4	2.1E-5
9000	1.5E-2	1.4E-6	9.5E-9	7.1E-7	1.4E-2	4.6E-4	2.0E-5
10000	1.4E-2	1.3E-6	8.7E-9	7.1E-7	1.3E-2	4.5E-4	1.9E-5
11000	1.2E-2	1.2E-6	7.8E-9	7.0E-7	1.2E-2	4.4E-4	1.9E-5
12000	1.1E-2	1.1E-6	7.1E-9	7.0E-7	1.1E-2	4.3E-4	1.8E-5
13000	1.0E-2	9.7E-7	6.5E-9	6.9E-7	9.6E-3	4.2E-4	1.7E-5
14000	9.2E-3	8.8E-7	5.8E-9	6.8E-7	8.7E-3	4.1E-4	1.6E-5
15000	8.4E-3	8.0E-7	5.3E-9	6.8E-7	7.9E-3	4.0E-4	1.6E-5
16000	7.6E-3	7.2E-7	4.8E-9	6.7E-7	7.1E-3	3.8E-4	1.5E-5
17000	6.9E-3	6.6E-7	4.4E-9	6.6E-7	6.4E-3	3.7E-4	1.4E-5
18000	6.3E-3	6.0E-7	4.0E-9	6.6E-7	5.8E-3	3.6E-4	1.3E-5
18250	6.1E-3	5.8E-7	3.9E-9	6.5E-7	5.7E-3	3.5E-4	1.3E-5
