Radionuclide	Re-186
Route of Intake	Inhalation
Material	Aerosols Type S, fA=9E-3
AMTD/AMAD, µm	10

Content in an Organ or Excreta Sample per Intake (Reference Bioassay Functions m(t)), Bq per Bq
Time, days	Whole Body	Urine (24-hour sample)	Faeces (24-hour sample)	Alimentary Tract*	Lungs*	Thyroid*	Skeleton*	Liver*
0.041667	7.6E-1	-	-	2.7E-1	3.8E-2	5.7E-6	8.7E-6	2.0E-5
0.083333	7.4E-1	-	-	3.0E-1	3.5E-2	1.3E-5	2.1E-5	5.3E-5
0.125	7.3E-1	-	-	3.3E-1	3.3E-2	2.1E-5	3.5E-5	9.5E-5
0.25	6.8E-1	-	-	3.8E-1	2.9E-2	3.6E-5	7.9E-5	2.1E-4
0.375	6.5E-1	-	-	4.1E-1	2.8E-2	4.2E-5	1.2E-4	2.8E-4
0.5	6.2E-1	-	-	4.3E-1	2.7E-2	4.4E-5	1.5E-4	3.0E-4
0.625	5.8E-1	-	-	4.4E-1	2.6E-2	4.3E-5	1.8E-4	2.9E-4
0.75	5.5E-1	-	-	4.3E-1	2.5E-2	4.0E-5	2.0E-4	2.7E-4
0.875	5.1E-1	-	-	4.2E-1	2.5E-2	3.8E-5	2.1E-4	2.4E-4
1	4.7E-1	7.4E-4	6.9E-2	4.0E-1	2.4E-2	3.4E-5	2.2E-4	2.1E-4
1.125	4.4E-1	-	-	3.7E-1	2.3E-2	3.1E-5	2.2E-4	1.8E-4
1.25	4.0E-1	-	-	3.5E-1	2.3E-2	2.9E-5	2.2E-4	1.6E-4
1.375	3.6E-1	-	-	3.2E-1	2.2E-2	2.6E-5	2.1E-4	1.4E-4
1.5	3.3E-1	-	-	2.9E-1	2.1E-2	2.3E-5	2.1E-4	1.2E-4
1.625	2.9E-1	-	-	2.6E-1	2.1E-2	2.1E-5	2.0E-4	1.0E-4
1.75	2.6E-1	-	-	2.3E-1	2.0E-2	1.9E-5	2.0E-4	9.1E-5
1.875	2.3E-1	-	-	2.0E-1	2.0E-2	1.7E-5	1.9E-4	8.1E-5
2	2.0E-1	3.7E-4	1.8E-1	1.8E-1	1.9E-2	1.6E-5	1.8E-4	7.3E-5
2.25	1.6E-1	-	-	1.3E-1	1.8E-2	1.3E-5	1.7E-4	6.0E-5
2.5	1.2E-1	-	-	9.9E-2	1.7E-2	1.1E-5	1.5E-4	5.1E-5
2.75	9.0E-2	-	-	7.2E-2	1.6E-2	8.9E-6	1.3E-4	4.5E-5
3	6.9E-2	1.2E-4	9.8E-2	5.2E-2	1.5E-2	7.5E-6	1.2E-4	4.0E-5
3.25	5.2E-2	-	-	3.7E-2	1.5E-2	6.3E-6	1.1E-4	3.6E-5
3.5	4.1E-2	-	-	2.6E-2	1.4E-2	5.4E-6	9.7E-5	3.3E-5
3.75	3.2E-2	-	-	1.8E-2	1.3E-2	4.6E-6	8.7E-5	3.0E-5
4	2.6E-2	6.1E-5	3.1E-2	1.2E-2	1.2E-2	4.0E-6	7.8E-5	2.8E-5
4.25	2.1E-2	-	-	8.6E-3	1.2E-2	3.5E-6	6.9E-5	2.6E-5
4.5	1.8E-2	-	-	5.9E-3	1.1E-2	3.0E-6	6.2E-5	2.4E-5
4.75	1.5E-2	-	-	4.1E-3	1.1E-2	2.6E-6	5.6E-5	2.2E-5
5	1.4E-2	3.7E-5	7.7E-3	2.9E-3	1.0E-2	2.3E-6	5.0E-5	2.1E-5
5.5	1.1E-2	-	-	1.5E-3	9.1E-3	1.8E-6	4.0E-5	1.8E-5
6	9.5E-3	2.3E-5	1.8E-3	8.1E-4	8.3E-3	1.4E-6	3.2E-5	1.6E-5
6.5	8.3E-3	-	-	5.0E-4	7.5E-3	1.1E-6	2.6E-5	1.4E-5
7	7.4E-3	1.5E-5	4.6E-4	3.4E-4	6.7E-3	8.7E-7	2.1E-5	1.2E-5
7.5	6.6E-3	-	-	2.5E-4	6.1E-3	6.9E-7	1.7E-5	1.0E-5
8	6.0E-3	9.4E-6	1.7E-4	1.9E-4	5.5E-3	5.5E-7	1.3E-5	9.1E-6
8.5	5.4E-3	-	-	1.6E-4	5.0E-3	4.4E-7	1.1E-5	8.1E-6
9	4.8E-3	6.1E-6	9.4E-5	1.3E-4	4.5E-3	3.5E-7	8.8E-6	7.1E-6
9.5	4.4E-3	-	-	1.0E-4	4.1E-3	2.8E-7	7.2E-6	6.3E-6
10	4.0E-3	3.9E-6	6.0E-5	8.6E-5	3.7E-3	2.3E-7	5.9E-6	5.6E-6
11	3.2E-3	2.6E-6	4.1E-5	6.0E-5	3.1E-3	1.5E-7	4.0E-6	4.4E-6
12	2.7E-3	1.7E-6	2.8E-5	4.2E-5	2.5E-3	9.9E-8	2.7E-6	3.4E-6
13	2.2E-3	1.1E-6	2.0E-5	3.0E-5	2.1E-3	6.6E-8	1.9E-6	2.7E-6
14	1.8E-3	7.7E-7	1.4E-5	2.1E-5	1.7E-3	4.5E-8	1.3E-6	2.2E-6
15	1.5E-3	5.3E-7	1.0E-5	1.5E-5	1.4E-3	3.0E-8	9.6E-7	1.7E-6
16	1.2E-3	3.7E-7	7.2E-6	1.1E-5	1.2E-3	2.1E-8	7.1E-7	1.4E-6
17	1.0E-3	2.6E-7	5.2E-6	8.1E-6	9.7E-4	1.5E-8	5.3E-7	1.1E-6
18	8.3E-4	1.9E-7	3.8E-6	6.0E-6	8.0E-4	1.1E-8	4.0E-7	8.8E-7
19	6.9E-4	1.4E-7	2.8E-6	4.5E-6	6.6E-4	7.8E-9	3.1E-7	7.1E-7
20	5.7E-4	1.0E-7	2.1E-6	3.4E-6	5.5E-4	5.8E-9	2.4E-7	5.7E-7
21	4.7E-4	7.5E-8	1.6E-6	2.6E-6	4.5E-4	4.4E-9	1.9E-7	4.5E-7
22	3.9E-4	5.7E-8	1.2E-6	2.0E-6	3.8E-4	3.3E-9	1.5E-7	3.6E-7
23	3.2E-4	4.4E-8	9.6E-7	1.6E-6	3.1E-4	2.6E-9	1.2E-7	2.9E-7
24	2.7E-4	3.4E-8	7.5E-7	1.3E-6	2.6E-4	2.0E-9	1.0E-7	2.4E-7
25	2.2E-4	2.7E-8	5.9E-7	1.0E-6	2.1E-4	1.6E-9	8.1E-8	1.9E-7
26	1.8E-4	2.1E-8	4.7E-7	8.0E-7	1.8E-4	1.2E-9	6.6E-8	1.5E-7
27	1.5E-4	1.7E-8	3.7E-7	6.4E-7	1.5E-4	9.8E-10	5.4E-8	1.2E-7
28	1.3E-4	1.3E-8	3.0E-7	5.1E-7	1.2E-4	7.8E-10	4.4E-8	9.8E-8
29	1.0E-4	1.1E-8	2.4E-7	4.2E-7	1.0E-4	6.3E-10	3.6E-8	7.9E-8
30	8.6E-5	8.7E-9	1.9E-7	3.4E-7	8.3E-5	5.0E-10	3.0E-8	6.3E-8
31	7.1E-5	7.0E-9	1.6E-7	2.8E-7	6.9E-5	4.1E-10	2.5E-8	5.1E-8
32	5.9E-5	5.7E-9	1.3E-7	2.2E-7	5.7E-5	3.3E-10	2.0E-8	4.1E-8
33	4.9E-5	4.6E-9	1.1E-7	1.8E-7	4.7E-5	2.7E-10	1.7E-8	3.3E-8
34	4.0E-5	3.7E-9	8.6E-8	1.5E-7	3.9E-5	2.2E-10	1.4E-8	2.6E-8
35	3.3E-5	3.0E-9	7.0E-8	1.2E-7	3.2E-5	1.8E-10	1.2E-8	2.1E-8
36	2.8E-5	2.5E-9	5.8E-8	1.0E-7	2.7E-5	1.4E-10	9.5E-9	1.7E-8
37	2.3E-5	2.0E-9	4.8E-8	8.3E-8	2.2E-5	1.2E-10	7.9E-9	1.4E-8
38	1.9E-5	1.6E-9	3.9E-8	6.9E-8	1.8E-5	-	6.5E-9	1.1E-8
39	1.6E-5	1.3E-9	3.2E-8	5.7E-8	1.5E-5	-	5.4E-9	8.9E-9
40	1.3E-5	1.1E-9	2.7E-8	4.7E-8	1.3E-5	-	4.5E-9	7.2E-9
41	1.1E-5	8.8E-10	2.2E-8	3.8E-8	1.0E-5	-	3.7E-9	5.8E-9
42	8.9E-6	7.2E-10	1.8E-8	3.2E-8	8.7E-6	-	3.1E-9	4.6E-9
43	7.4E-6	5.9E-10	1.5E-8	2.6E-8	7.2E-6	-	2.5E-9	3.7E-9
44	6.1E-6	4.8E-10	1.2E-8	2.2E-8	5.9E-6	-	2.1E-9	3.0E-9
45	5.1E-6	3.9E-10	1.0E-8	1.8E-8	4.9E-6	-	1.7E-9	2.4E-9
46	4.2E-6	3.2E-10	8.4E-9	1.5E-8	4.1E-6	-	1.4E-9	1.9E-9
47	3.5E-6	2.6E-10	6.9E-9	1.2E-8	3.4E-6	-	1.2E-9	1.6E-9
48	2.9E-6	2.1E-10	5.7E-9	1.0E-8	2.8E-6	-	9.9E-10	1.3E-9
49	2.4E-6	1.7E-10	4.7E-9	8.3E-9	2.3E-6	-	8.2E-10	1.0E-9
50	2.0E-6	1.4E-10	3.9E-9	6.8E-9	1.9E-6	-	6.8E-10	8.1E-10
51	1.6E-6	1.2E-10	3.2E-9	5.7E-9	1.6E-6	-	5.6E-10	6.6E-10
52	1.4E-6	-	2.7E-9	4.7E-9	1.3E-6	-	4.7E-10	5.3E-10
53	1.1E-6	-	2.2E-9	3.9E-9	1.1E-6	-	3.9E-10	4.3E-10
54	9.3E-7	-	1.8E-9	3.2E-9	9.0E-7	-	3.2E-10	3.4E-10
55	7.7E-7	-	1.5E-9	2.6E-9	7.5E-7	-	2.6E-10	2.8E-10
56	6.4E-7	-	1.2E-9	2.2E-9	6.2E-7	-	2.2E-10	2.2E-10
57	5.3E-7	-	1.0E-9	1.8E-9	5.1E-7	-	1.8E-10	1.8E-10
58	4.4E-7	-	8.5E-10	1.5E-9	4.2E-7	-	1.5E-10	1.4E-10
59	3.6E-7	-	7.0E-10	1.2E-9	3.5E-7	-	1.2E-10	1.2E-10
60	3.0E-7	-	5.8E-10	1.0E-9	2.9E-7	-	1.0E-10	-
61	2.5E-7	-	4.8E-10	8.4E-10	2.4E-7	-	-	-
62	2.1E-7	-	4.0E-10	6.9E-10	2.0E-7	-	-	-
63	1.7E-7	-	3.3E-10	5.7E-10	1.7E-7	-	-	-
64	1.4E-7	-	2.7E-10	4.7E-10	1.4E-7	-	-	-
65	1.2E-7	-	2.2E-10	3.9E-10	1.1E-7	-	-	-
66	9.7E-8	-	1.9E-10	3.2E-10	9.4E-8	-	-	-
67	8.0E-8	-	1.5E-10	2.7E-10	7.8E-8	-	-	-
68	6.6E-8	-	1.3E-10	2.2E-10	6.5E-8	-	-	-
69	5.5E-8	-	1.1E-10	1.8E-10	5.3E-8	-	-	-
70	4.6E-8	-	-	1.5E-10	4.4E-8	-	-	-
71	3.8E-8	-	-	1.3E-10	3.7E-8	-	-	-
72	3.1E-8	-	-	1.0E-10	3.0E-8	-	-	-
73	2.6E-8	-	-	-	2.5E-8	-	-	-
74	2.1E-8	-	-	-	2.1E-8	-	-	-
75	1.8E-8	-	-	-	1.7E-8	-	-	-
76	1.5E-8	-	-	-	1.4E-8	-	-	-
77	1.2E-8	-	-	-	1.2E-8	-	-	-
78	1.0E-8	-	-	-	9.8E-9	-	-	-
79	8.4E-9	-	-	-	8.1E-9	-	-	-
80	6.9E-9	-	-	-	6.7E-9	-	-	-
81	5.7E-9	-	-	-	5.6E-9	-	-	-
82	4.8E-9	-	-	-	4.6E-9	-	-	-
83	3.9E-9	-	-	-	3.8E-9	-	-	-
84	3.3E-9	-	-	-	3.2E-9	-	-	-
85	2.7E-9	-	-	-	2.6E-9	-	-	-
86	2.2E-9	-	-	-	2.2E-9	-	-	-
87	1.9E-9	-	-	-	1.8E-9	-	-	-
88	1.5E-9	-	-	-	1.5E-9	-	-	-
89	1.3E-9	-	-	-	1.2E-9	-	-	-
90	1.1E-9	-	-	-	1.0E-9	-	-	-
91	8.7E-10	-	-	-	8.5E-10	-	-	-
92	7.2E-10	-	-	-	7.0E-10	-	-	-
93	6.0E-10	-	-	-	5.8E-10	-	-	-
94	5.0E-10	-	-	-	4.8E-10	-	-	-
95	4.1E-10	-	-	-	4.0E-10	-	-	-
96	3.4E-10	-	-	-	3.3E-10	-	-	-
97	2.8E-10	-	-	-	2.7E-10	-	-	-
98	2.3E-10	-	-	-	2.3E-10	-	-	-
99	1.9E-10	-	-	-	1.9E-10	-	-	-
100	1.6E-10	-	-	-	1.6E-10	-	-	-
