Radionuclide	Eu-145
Route of Intake	Inhalation
Material	Aerosols Water soluble forms, including chloride and citrate, fA=2.5E-4
AMTD/AMAD, µm	5

Content in an Organ or Excreta Sample per Intake (Reference Bioassay Functions m(t)), Bq per Bq
Time, days	Whole Body	Urine (24-hour sample)	Faeces (24-hour sample)	Alimentary Tract*	Lungs*	Skeleton*	Liver*
0.041667	8.0E-1	-	-	2.8E-1	7.4E-2	4.6E-4	4.0E-4
0.083333	7.9E-1	-	-	3.1E-1	6.9E-2	8.8E-4	6.8E-4
0.125	7.8E-1	-	-	3.4E-1	6.5E-2	1.2E-3	9.4E-4
0.25	7.4E-1	-	-	3.9E-1	5.7E-2	2.2E-3	1.6E-3
0.375	7.1E-1	-	-	4.3E-1	5.2E-2	3.0E-3	2.2E-3
0.5	6.8E-1	-	-	4.6E-1	4.9E-2	3.7E-3	2.7E-3
0.625	6.5E-1	-	-	4.7E-1	4.6E-2	4.3E-3	3.1E-3
0.75	6.1E-1	-	-	4.6E-1	4.3E-2	4.9E-3	3.5E-3
0.875	5.8E-1	-	-	4.5E-1	4.1E-2	5.3E-3	3.8E-3
1	5.4E-1	3.1E-3	7.5E-2	4.3E-1	3.9E-2	5.8E-3	4.1E-3
1.125	5.1E-1	-	-	4.1E-1	3.7E-2	6.1E-3	4.4E-3
1.25	4.7E-1	-	-	3.8E-1	3.6E-2	6.4E-3	4.6E-3
1.375	4.3E-1	-	-	3.5E-1	3.4E-2	6.7E-3	4.8E-3
1.5	3.9E-1	-	-	3.2E-1	3.3E-2	6.9E-3	4.9E-3
1.625	3.6E-1	-	-	2.9E-1	3.2E-2	7.1E-3	5.0E-3
1.75	3.2E-1	-	-	2.6E-1	3.0E-2	7.2E-3	5.2E-3
1.875	2.9E-1	-	-	2.3E-1	2.9E-2	7.4E-3	5.2E-3
2	2.6E-1	1.5E-3	2.1E-1	2.1E-1	2.9E-2	7.4E-3	5.3E-3
2.25	2.1E-1	-	-	1.6E-1	2.7E-2	7.6E-3	5.4E-3
2.5	1.7E-1	-	-	1.2E-1	2.5E-2	7.6E-3	5.4E-3
2.75	1.3E-1	-	-	8.8E-2	2.4E-2	7.6E-3	5.4E-3
3	1.1E-1	6.2E-4	1.2E-1	6.4E-2	2.3E-2	7.6E-3	5.4E-3
3.25	8.6E-2	-	-	4.6E-2	2.2E-2	7.5E-3	5.3E-3
3.5	7.2E-2	-	-	3.3E-2	2.1E-2	7.4E-3	5.3E-3
3.75	6.1E-2	-	-	2.3E-2	2.0E-2	7.3E-3	5.2E-3
4	5.2E-2	2.7E-4	4.1E-2	1.6E-2	2.0E-2	7.1E-3	5.1E-3
4.25	4.6E-2	-	-	1.1E-2	1.9E-2	7.0E-3	5.0E-3
4.5	4.2E-2	-	-	7.9E-3	1.8E-2	6.8E-3	4.8E-3
4.75	3.8E-2	-	-	5.5E-3	1.8E-2	6.7E-3	4.7E-3
5	3.6E-2	1.2E-4	1.1E-2	3.9E-3	1.7E-2	6.5E-3	4.6E-3
5.5	3.2E-2	-	-	2.0E-3	1.6E-2	6.2E-3	4.4E-3
6	2.9E-2	6.1E-5	2.6E-3	1.1E-3	1.5E-2	5.9E-3	4.1E-3
6.5	2.7E-2	-	-	6.8E-4	1.4E-2	5.6E-3	3.9E-3
7	2.5E-2	3.6E-5	6.7E-4	4.7E-4	1.3E-2	5.3E-3	3.7E-3
7.5	2.4E-2	-	-	3.6E-4	1.2E-2	5.0E-3	3.5E-3
8	2.2E-2	2.4E-5	2.4E-4	3.0E-4	1.1E-2	4.7E-3	3.3E-3
8.5	2.1E-2	-	-	2.5E-4	1.1E-2	4.5E-3	3.1E-3
9	2.0E-2	1.8E-5	1.4E-4	2.2E-4	1.0E-2	4.2E-3	2.9E-3
9.5	1.8E-2	-	-	1.9E-4	9.4E-3	4.0E-3	2.8E-3
10	1.7E-2	1.5E-5	9.5E-5	1.7E-4	8.8E-3	3.8E-3	2.6E-3
11	1.5E-2	1.2E-5	7.1E-5	1.4E-4	7.8E-3	3.4E-3	2.3E-3
12	1.4E-2	1.0E-5	5.4E-5	1.1E-4	6.8E-3	3.0E-3	2.1E-3
13	1.2E-2	8.6E-6	4.2E-5	8.8E-5	6.0E-3	2.7E-3	1.9E-3
14	1.1E-2	7.4E-6	3.3E-5	7.2E-5	5.3E-3	2.4E-3	1.7E-3
15	9.4E-3	6.3E-6	2.6E-5	6.0E-5	4.7E-3	2.1E-3	1.5E-3
16	8.4E-3	5.4E-6	2.1E-5	5.0E-5	4.2E-3	1.9E-3	1.3E-3
17	7.4E-3	4.6E-6	1.7E-5	4.2E-5	3.7E-3	1.7E-3	1.2E-3
18	6.6E-3	4.0E-6	1.4E-5	3.5E-5	3.3E-3	1.5E-3	1.0E-3
19	5.8E-3	3.4E-6	1.1E-5	3.0E-5	2.9E-3	1.3E-3	9.3E-4
20	5.2E-3	2.9E-6	9.2E-6	2.6E-5	2.6E-3	1.2E-3	8.2E-4
21	4.6E-3	2.5E-6	7.7E-6	2.2E-5	2.3E-3	1.1E-3	7.3E-4
22	4.1E-3	2.2E-6	6.4E-6	1.9E-5	2.0E-3	9.6E-4	6.5E-4
23	3.6E-3	1.9E-6	5.4E-6	1.7E-5	1.8E-3	8.5E-4	5.8E-4
24	3.2E-3	1.7E-6	4.6E-6	1.4E-5	1.6E-3	7.6E-4	5.2E-4
25	2.9E-3	1.4E-6	4.0E-6	1.3E-5	1.4E-3	6.8E-4	4.6E-4
26	2.5E-3	1.3E-6	3.4E-6	1.1E-5	1.2E-3	6.1E-4	4.1E-4
27	2.3E-3	1.1E-6	2.9E-6	9.7E-6	1.1E-3	5.4E-4	3.7E-4
28	2.0E-3	9.5E-7	2.5E-6	8.5E-6	9.7E-4	4.8E-4	3.3E-4
29	1.8E-3	8.3E-7	2.2E-6	7.5E-6	8.6E-4	4.3E-4	2.9E-4
30	1.6E-3	7.3E-7	1.9E-6	6.6E-6	7.6E-4	3.8E-4	2.6E-4
31	1.4E-3	6.4E-7	1.7E-6	5.8E-6	6.7E-4	3.4E-4	2.3E-4
32	1.2E-3	5.6E-7	1.5E-6	5.1E-6	6.0E-4	3.1E-4	2.0E-4
33	1.1E-3	4.9E-7	1.3E-6	4.5E-6	5.3E-4	2.7E-4	1.8E-4
34	9.9E-4	4.3E-7	1.1E-6	4.0E-6	4.7E-4	2.4E-4	1.6E-4
35	8.8E-4	3.8E-7	1.0E-6	3.5E-6	4.2E-4	2.2E-4	1.4E-4
36	7.8E-4	3.3E-7	8.8E-7	3.1E-6	3.7E-4	1.9E-4	1.3E-4
37	6.9E-4	2.9E-7	7.7E-7	2.8E-6	3.3E-4	1.7E-4	1.1E-4
38	6.1E-4	2.6E-7	6.8E-7	2.4E-6	2.9E-4	1.5E-4	1.0E-4
39	5.4E-4	2.3E-7	6.0E-7	2.2E-6	2.6E-4	1.4E-4	9.1E-5
40	4.8E-4	2.0E-7	5.3E-7	1.9E-6	2.3E-4	1.2E-4	8.1E-5
41	4.3E-4	1.8E-7	4.7E-7	1.7E-6	2.0E-4	1.1E-4	7.2E-5
42	3.8E-4	1.6E-7	4.1E-7	1.5E-6	1.8E-4	9.7E-5	6.4E-5
43	3.4E-4	1.4E-7	3.6E-7	1.3E-6	1.6E-4	8.7E-5	5.7E-5
44	3.0E-4	1.2E-7	3.2E-7	1.2E-6	1.4E-4	7.7E-5	5.1E-5
45	2.7E-4	1.1E-7	2.8E-7	1.0E-6	1.2E-4	6.9E-5	4.5E-5
46	2.4E-4	9.4E-8	2.5E-7	9.2E-7	1.1E-4	6.2E-5	4.0E-5
47	2.1E-4	8.3E-8	2.2E-7	8.2E-7	9.8E-5	5.5E-5	3.6E-5
48	1.9E-4	7.4E-8	2.0E-7	7.2E-7	8.6E-5	4.9E-5	3.2E-5
49	1.7E-4	6.5E-8	1.7E-7	6.4E-7	7.7E-5	4.4E-5	2.8E-5
50	1.5E-4	5.8E-8	1.5E-7	5.7E-7	6.8E-5	3.9E-5	2.5E-5
51	1.3E-4	5.1E-8	1.4E-7	5.0E-7	6.0E-5	3.5E-5	2.2E-5
52	1.2E-4	4.5E-8	1.2E-7	4.4E-7	5.3E-5	3.1E-5	2.0E-5
53	1.0E-4	4.0E-8	1.1E-7	3.9E-7	4.7E-5	2.8E-5	1.8E-5
54	9.2E-5	3.5E-8	9.3E-8	3.5E-7	4.2E-5	2.5E-5	1.6E-5
55	8.2E-5	3.1E-8	8.2E-8	3.1E-7	3.7E-5	2.2E-5	1.4E-5
56	7.3E-5	2.8E-8	7.3E-8	2.7E-7	3.3E-5	2.0E-5	1.3E-5
57	6.5E-5	2.4E-8	6.4E-8	2.4E-7	2.9E-5	1.7E-5	1.1E-5
58	5.8E-5	2.2E-8	5.7E-8	2.1E-7	2.6E-5	1.6E-5	9.9E-6
59	5.1E-5	1.9E-8	5.0E-8	1.9E-7	2.3E-5	1.4E-5	8.8E-6
60	4.5E-5	1.7E-8	4.5E-8	1.7E-7	2.0E-5	1.2E-5	7.9E-6
61	4.0E-5	1.5E-8	3.9E-8	1.5E-7	1.8E-5	1.1E-5	7.0E-6
62	3.6E-5	1.3E-8	3.5E-8	1.3E-7	1.6E-5	9.8E-6	6.2E-6
63	3.2E-5	1.2E-8	3.1E-8	1.2E-7	1.4E-5	8.8E-6	5.6E-6
64	2.8E-5	1.0E-8	2.7E-8	1.0E-7	1.3E-5	7.8E-6	4.9E-6
65	2.5E-5	9.2E-9	2.4E-8	9.2E-8	1.1E-5	7.0E-6	4.4E-6
66	2.2E-5	8.2E-9	2.1E-8	8.2E-8	9.9E-6	6.2E-6	3.9E-6
67	2.0E-5	7.2E-9	1.9E-8	7.2E-8	8.7E-6	5.5E-6	3.5E-6
68	1.8E-5	6.4E-9	1.7E-8	6.4E-8	7.7E-6	4.9E-6	3.1E-6
69	1.6E-5	5.7E-9	1.5E-8	5.7E-8	6.9E-6	4.4E-6	2.8E-6
70	1.4E-5	5.0E-9	1.3E-8	5.0E-8	6.1E-6	3.9E-6	2.5E-6
71	1.2E-5	4.5E-9	1.2E-8	4.5E-8	5.4E-6	3.5E-6	2.2E-6
72	1.1E-5	4.0E-9	1.0E-8	3.9E-8	4.8E-6	3.1E-6	1.9E-6
73	9.8E-6	3.5E-9	9.0E-9	3.5E-8	4.2E-6	2.8E-6	1.7E-6
74	8.7E-6	3.1E-9	8.0E-9	3.1E-8	3.8E-6	2.5E-6	1.5E-6
75	7.7E-6	2.8E-9	7.1E-9	2.7E-8	3.3E-6	2.2E-6	1.4E-6
76	6.9E-6	2.4E-9	6.2E-9	2.4E-8	3.0E-6	2.0E-6	1.2E-6
77	6.1E-6	2.2E-9	5.5E-9	2.2E-8	2.6E-6	1.8E-6	1.1E-6
78	5.4E-6	1.9E-9	4.9E-9	1.9E-8	2.3E-6	1.6E-6	9.7E-7
79	4.8E-6	1.7E-9	4.3E-9	1.7E-8	2.1E-6	1.4E-6	8.6E-7
80	4.3E-6	1.5E-9	3.8E-9	1.5E-8	1.8E-6	1.2E-6	7.7E-7
81	3.8E-6	1.3E-9	3.4E-9	1.3E-8	1.6E-6	1.1E-6	6.8E-7
82	3.4E-6	1.2E-9	3.0E-9	1.2E-8	1.4E-6	9.9E-7	6.1E-7
83	3.0E-6	1.0E-9	2.6E-9	1.0E-8	1.3E-6	8.8E-7	5.4E-7
84	2.7E-6	9.3E-10	2.3E-9	9.2E-9	1.1E-6	7.8E-7	4.8E-7
85	2.4E-6	8.2E-10	2.1E-9	8.2E-9	1.0E-6	7.0E-7	4.3E-7
86	2.1E-6	7.3E-10	1.8E-9	7.3E-9	8.8E-7	6.2E-7	3.8E-7
87	1.9E-6	6.5E-10	1.6E-9	6.4E-9	7.8E-7	5.5E-7	3.4E-7
88	1.7E-6	5.7E-10	1.4E-9	5.7E-9	6.9E-7	4.9E-7	3.0E-7
89	1.5E-6	5.1E-10	1.3E-9	5.1E-9	6.2E-7	4.4E-7	2.7E-7
90	1.3E-6	4.5E-10	1.1E-9	4.5E-9	5.5E-7	3.9E-7	2.4E-7
91	1.2E-6	4.0E-10	1.0E-9	4.0E-9	4.8E-7	3.5E-7	2.1E-7
92	1.0E-6	3.6E-10	8.8E-10	3.5E-9	4.3E-7	3.1E-7	1.9E-7
93	9.2E-7	3.1E-10	7.8E-10	3.1E-9	3.8E-7	2.8E-7	1.7E-7
94	8.2E-7	2.8E-10	6.9E-10	2.8E-9	3.4E-7	2.5E-7	1.5E-7
95	7.3E-7	2.5E-10	6.1E-10	2.4E-9	3.0E-7	2.2E-7	1.3E-7
96	6.5E-7	2.2E-10	5.4E-10	2.2E-9	2.7E-7	2.0E-7	1.2E-7
97	5.7E-7	1.9E-10	4.8E-10	1.9E-9	2.4E-7	1.8E-7	1.1E-7
98	5.1E-7	1.7E-10	4.2E-10	1.7E-9	2.1E-7	1.6E-7	9.4E-8
99	4.5E-7	1.5E-10	3.7E-10	1.5E-9	1.8E-7	1.4E-7	8.3E-8
100	4.0E-7	1.4E-10	3.3E-10	1.3E-9	1.6E-7	1.2E-7	7.4E-8
110	1.2E-7	-	-	4.0E-10	4.9E-8	3.9E-8	2.3E-8
120	3.8E-8	-	-	1.2E-10	1.5E-8	1.2E-8	7.2E-9
130	1.2E-8	-	-	-	4.4E-9	3.9E-9	2.2E-9
140	3.6E-9	-	-	-	1.3E-9	1.2E-9	6.9E-10
150	1.1E-9	-	-	-	4.0E-10	3.9E-10	2.1E-10
160	3.4E-10	-	-	-	1.2E-10	1.2E-10	-
170	1.0E-10	-	-	-	-	-	-
