Radionuclide	U-237
Route of Intake	Inhalation
Material	Aerosols Type M, Uranyl acetylacetonate; depleted uranium aerosols from use of kinetic energy penetrators; vaporised uranium metal; all unspecified forms, fA=4E-3
AMTD/AMAD, µm	0.001

Content in an Organ or Excreta Sample per Intake (Reference Bioassay Functions m(t)), Bq per Bq
Time, days	Whole Body	Urine (24-hour sample)	Faeces (24-hour sample)	Alimentary Tract*	Lungs*	Skeleton*	Liver*
0.041667	9.7E-1	-	-	3.2E-1	1.5E-1	5.3E-4	3.2E-4
0.083333	9.5E-1	-	-	3.7E-1	1.3E-1	9.5E-4	3.5E-4
0.125	9.4E-1	-	-	4.1E-1	1.1E-1	1.3E-3	3.6E-4
0.25	8.9E-1	-	-	4.8E-1	9.1E-2	2.2E-3	3.9E-4
0.375	8.6E-1	-	-	5.3E-1	8.1E-2	2.8E-3	4.1E-4
0.5	8.2E-1	-	-	5.6E-1	7.5E-2	3.2E-3	4.2E-4
0.625	7.8E-1	-	-	5.7E-1	7.1E-2	3.4E-3	4.2E-4
0.75	7.5E-1	-	-	5.7E-1	6.7E-2	3.6E-3	4.2E-4
0.875	7.1E-1	-	-	5.5E-1	6.4E-2	3.7E-3	4.2E-4
1	6.6E-1	1.6E-2	9.2E-2	5.3E-1	6.2E-2	3.8E-3	4.1E-4
1.125	6.2E-1	-	-	5.0E-1	5.9E-2	3.8E-3	4.0E-4
1.25	5.7E-1	-	-	4.7E-1	5.7E-2	3.7E-3	4.0E-4
1.375	5.3E-1	-	-	4.4E-1	5.5E-2	3.7E-3	3.9E-4
1.5	4.8E-1	-	-	4.0E-1	5.3E-2	3.7E-3	3.8E-4
1.625	4.4E-1	-	-	3.6E-1	5.1E-2	3.6E-3	3.7E-4
1.75	4.0E-1	-	-	3.3E-1	4.9E-2	3.6E-3	3.7E-4
1.875	3.6E-1	-	-	2.9E-1	4.7E-2	3.5E-3	3.6E-4
2	3.2E-1	2.0E-3	2.6E-1	2.6E-1	4.5E-2	3.5E-3	3.5E-4
2.25	2.6E-1	-	-	2.0E-1	4.2E-2	3.4E-3	3.4E-4
2.5	2.0E-1	-	-	1.6E-1	3.9E-2	3.3E-3	3.2E-4
2.75	1.6E-1	-	-	1.2E-1	3.6E-2	3.2E-3	3.1E-4
3	1.3E-1	6.4E-4	1.6E-1	8.8E-2	3.4E-2	3.0E-3	3.0E-4
3.25	1.1E-1	-	-	6.6E-2	3.1E-2	2.9E-3	2.8E-4
3.5	8.6E-2	-	-	4.9E-2	2.9E-2	2.8E-3	2.7E-4
3.75	7.1E-2	-	-	3.7E-2	2.7E-2	2.8E-3	2.6E-4
4	6.0E-2	4.6E-4	5.7E-2	2.8E-2	2.5E-2	2.7E-3	2.5E-4
4.25	5.2E-2	-	-	2.2E-2	2.3E-2	2.6E-3	2.4E-4
4.5	4.5E-2	-	-	1.7E-2	2.2E-2	2.5E-3	2.3E-4
4.75	4.0E-2	-	-	1.4E-2	2.0E-2	2.4E-3	2.2E-4
5	3.6E-2	3.7E-4	1.8E-2	1.1E-2	1.9E-2	2.3E-3	2.1E-4
5.5	3.0E-2	-	-	8.1E-3	1.6E-2	2.2E-3	1.9E-4
6	2.5E-2	3.0E-4	6.8E-3	6.2E-3	1.4E-2	2.0E-3	1.8E-4
6.5	2.2E-2	-	-	5.0E-3	1.2E-2	1.9E-3	1.6E-4
7	1.9E-2	2.4E-4	3.5E-3	4.1E-3	1.1E-2	1.8E-3	1.5E-4
7.5	1.7E-2	-	-	3.5E-3	9.3E-3	1.7E-3	1.4E-4
8	1.5E-2	2.0E-4	2.3E-3	3.0E-3	8.1E-3	1.6E-3	1.2E-4
8.5	1.3E-2	-	-	2.5E-3	7.0E-3	1.5E-3	1.1E-4
9	1.2E-2	1.6E-4	1.6E-3	2.2E-3	6.2E-3	1.4E-3	1.0E-4
9.5	1.0E-2	-	-	1.9E-3	5.4E-3	1.3E-3	9.6E-5
10	9.1E-3	1.3E-4	1.2E-3	1.6E-3	4.7E-3	1.2E-3	8.8E-5
11	7.2E-3	1.1E-4	8.6E-4	1.2E-3	3.6E-3	1.1E-3	7.4E-5
12	5.8E-3	9.1E-5	6.3E-4	8.7E-4	2.8E-3	9.6E-4	6.3E-5
13	4.7E-3	7.5E-5	4.6E-4	6.4E-4	2.2E-3	8.5E-4	5.3E-5
14	3.8E-3	6.3E-5	3.4E-4	4.7E-4	1.8E-3	7.5E-4	4.5E-5
15	3.2E-3	5.2E-5	2.5E-4	3.5E-4	1.4E-3	6.7E-4	3.8E-5
16	2.6E-3	4.4E-5	1.8E-4	2.6E-4	1.1E-3	5.9E-4	3.2E-5
17	2.2E-3	3.6E-5	1.4E-4	1.9E-4	9.3E-4	5.3E-4	2.7E-5
18	1.9E-3	3.1E-5	1.0E-4	1.4E-4	7.6E-4	4.7E-4	2.3E-5
19	1.6E-3	2.6E-5	7.4E-5	1.0E-4	6.3E-4	4.2E-4	2.0E-5
20	1.3E-3	2.2E-5	5.4E-5	7.8E-5	5.3E-4	3.7E-4	1.7E-5
21	1.2E-3	1.8E-5	4.0E-5	5.8E-5	4.5E-4	3.3E-4	1.5E-5
22	9.9E-4	1.5E-5	3.0E-5	4.3E-5	3.8E-4	3.0E-4	1.2E-5
23	8.6E-4	1.3E-5	2.2E-5	3.2E-5	3.3E-4	2.7E-4	1.1E-5
24	7.5E-4	1.1E-5	1.6E-5	2.4E-5	2.8E-4	2.4E-4	9.2E-6
25	6.6E-4	9.5E-6	1.2E-5	1.8E-5	2.5E-4	2.1E-4	7.9E-6
26	5.8E-4	8.1E-6	8.8E-6	1.4E-5	2.2E-4	1.9E-4	6.8E-6
27	5.1E-4	6.9E-6	6.6E-6	1.1E-5	1.9E-4	1.7E-4	5.9E-6
28	4.5E-4	5.9E-6	4.9E-6	8.1E-6	1.7E-4	1.5E-4	5.1E-6
29	3.9E-4	5.1E-6	3.6E-6	6.2E-6	1.5E-4	1.4E-4	4.4E-6
30	3.5E-4	4.4E-6	2.7E-6	4.8E-6	1.3E-4	1.2E-4	3.9E-6
31	3.1E-4	3.8E-6	2.0E-6	3.7E-6	1.1E-4	1.1E-4	3.4E-6
32	2.7E-4	3.2E-6	1.5E-6	2.9E-6	1.0E-4	9.9E-5	2.9E-6
33	2.4E-4	2.8E-6	1.2E-6	2.3E-6	9.1E-5	8.9E-5	2.6E-6
34	2.2E-4	2.4E-6	8.7E-7	1.9E-6	8.1E-5	8.0E-5	2.3E-6
35	1.9E-4	2.1E-6	6.7E-7	1.5E-6	7.2E-5	7.1E-5	2.0E-6
36	1.7E-4	1.8E-6	5.1E-7	1.2E-6	6.4E-5	6.4E-5	1.7E-6
37	1.5E-4	1.6E-6	4.0E-7	1.0E-6	5.8E-5	5.7E-5	1.5E-6
38	1.4E-4	1.4E-6	3.1E-7	8.2E-7	5.1E-5	5.2E-5	1.4E-6
39	1.2E-4	1.2E-6	2.4E-7	6.9E-7	4.6E-5	4.6E-5	1.2E-6
40	1.1E-4	1.0E-6	1.9E-7	5.8E-7	4.1E-5	4.2E-5	1.1E-6
41	9.6E-5	9.1E-7	1.5E-7	4.9E-7	3.7E-5	3.7E-5	9.3E-7
42	8.6E-5	7.9E-7	1.2E-7	4.1E-7	3.3E-5	3.3E-5	8.3E-7
43	7.7E-5	6.9E-7	1.0E-7	3.5E-7	3.0E-5	3.0E-5	7.4E-7
44	6.9E-5	6.1E-7	8.3E-8	3.0E-7	2.6E-5	2.7E-5	6.5E-7
45	6.1E-5	5.3E-7	6.9E-8	2.6E-7	2.4E-5	2.4E-5	5.8E-7
46	5.5E-5	4.7E-7	5.8E-8	2.3E-7	2.1E-5	2.2E-5	5.2E-7
47	4.9E-5	4.1E-7	4.9E-8	2.0E-7	1.9E-5	1.9E-5	4.6E-7
48	4.4E-5	3.6E-7	4.2E-8	1.7E-7	1.7E-5	1.7E-5	4.1E-7
49	3.9E-5	3.2E-7	3.6E-8	1.5E-7	1.5E-5	1.6E-5	3.7E-7
50	3.5E-5	2.8E-7	3.1E-8	1.3E-7	1.4E-5	1.4E-5	3.3E-7
51	3.1E-5	2.5E-7	2.7E-8	1.2E-7	1.2E-5	1.3E-5	2.9E-7
52	2.8E-5	2.2E-7	2.3E-8	1.0E-7	1.1E-5	1.1E-5	2.6E-7
53	2.5E-5	1.9E-7	2.0E-8	9.0E-8	9.8E-6	1.0E-5	2.3E-7
54	2.2E-5	1.7E-7	1.8E-8	7.9E-8	8.8E-6	9.2E-6	2.1E-7
55	2.0E-5	1.5E-7	1.6E-8	7.0E-8	7.9E-6	8.2E-6	1.9E-7
56	1.8E-5	1.3E-7	1.4E-8	6.2E-8	7.1E-6	7.4E-6	1.7E-7
57	1.6E-5	1.2E-7	1.2E-8	5.5E-8	6.3E-6	6.6E-6	1.5E-7
58	1.4E-5	1.0E-7	1.1E-8	4.8E-8	5.7E-6	6.0E-6	1.4E-7
59	1.3E-5	9.1E-8	9.7E-9	4.3E-8	5.1E-6	5.4E-6	1.2E-7
60	1.2E-5	8.0E-8	8.6E-9	3.8E-8	4.6E-6	4.8E-6	1.1E-7
61	1.0E-5	7.1E-8	7.7E-9	3.4E-8	4.1E-6	4.3E-6	9.8E-8
62	9.3E-6	6.3E-8	6.8E-9	3.0E-8	3.7E-6	3.9E-6	8.8E-8
63	8.3E-6	5.6E-8	6.1E-9	2.7E-8	3.3E-6	3.5E-6	7.9E-8
64	7.5E-6	4.9E-8	5.4E-9	2.4E-8	2.9E-6	3.1E-6	7.1E-8
65	6.7E-6	4.4E-8	4.9E-9	2.1E-8	2.6E-6	2.8E-6	6.4E-8
66	6.0E-6	3.9E-8	4.3E-9	1.9E-8	2.4E-6	2.5E-6	5.8E-8
67	5.4E-6	3.4E-8	3.9E-9	1.7E-8	2.1E-6	2.3E-6	5.2E-8
68	4.8E-6	3.0E-8	3.5E-9	1.5E-8	1.9E-6	2.0E-6	4.7E-8
69	4.3E-6	2.7E-8	3.1E-9	1.3E-8	1.7E-6	1.8E-6	4.2E-8
70	3.9E-6	2.4E-8	2.8E-9	1.2E-8	1.5E-6	1.6E-6	3.8E-8
71	3.5E-6	2.1E-8	2.5E-9	1.0E-8	1.4E-6	1.5E-6	3.4E-8
72	3.1E-6	1.9E-8	2.2E-9	9.2E-9	1.2E-6	1.3E-6	3.1E-8
73	2.8E-6	1.7E-8	2.0E-9	8.2E-9	1.1E-6	1.2E-6	2.8E-8
74	2.5E-6	1.5E-8	1.8E-9	7.3E-9	9.9E-7	1.1E-6	2.5E-8
75	2.2E-6	1.3E-8	1.6E-9	6.5E-9	8.9E-7	9.6E-7	2.2E-8
76	2.0E-6	1.2E-8	1.4E-9	5.7E-9	7.9E-7	8.6E-7	2.0E-8
77	1.8E-6	1.0E-8	1.3E-9	5.1E-9	7.1E-7	7.8E-7	1.8E-8
78	1.6E-6	9.3E-9	1.1E-9	4.6E-9	6.4E-7	7.0E-7	1.6E-8
79	1.4E-6	8.3E-9	1.0E-9	4.1E-9	5.7E-7	6.3E-7	1.5E-8
80	1.3E-6	7.4E-9	9.1E-10	3.6E-9	5.1E-7	5.6E-7	1.3E-8
81	1.2E-6	6.6E-9	8.1E-10	3.2E-9	4.6E-7	5.1E-7	1.2E-8
82	1.0E-6	5.8E-9	7.3E-10	2.9E-9	4.1E-7	4.5E-7	1.1E-8
83	9.3E-7	5.2E-9	6.5E-10	2.6E-9	3.7E-7	4.1E-7	9.7E-9
84	8.4E-7	4.6E-9	5.8E-10	2.3E-9	3.3E-7	3.7E-7	8.7E-9
85	7.5E-7	4.1E-9	5.2E-10	2.0E-9	3.0E-7	3.3E-7	7.9E-9
86	6.7E-7	3.7E-9	4.7E-10	1.8E-9	2.7E-7	3.0E-7	7.1E-9
87	6.0E-7	3.3E-9	4.2E-10	1.6E-9	2.4E-7	2.7E-7	6.4E-9
88	5.4E-7	2.9E-9	3.7E-10	1.4E-9	2.1E-7	2.4E-7	5.7E-9
89	4.9E-7	2.6E-9	3.3E-10	1.3E-9	1.9E-7	2.2E-7	5.2E-9
90	4.4E-7	2.3E-9	3.0E-10	1.1E-9	1.7E-7	1.9E-7	4.7E-9
91	3.9E-7	2.0E-9	2.7E-10	1.0E-9	1.5E-7	1.7E-7	4.2E-9
92	3.5E-7	1.8E-9	2.4E-10	9.1E-10	1.4E-7	1.6E-7	3.8E-9
93	3.1E-7	1.6E-9	2.1E-10	8.1E-10	1.2E-7	1.4E-7	3.4E-9
94	2.8E-7	1.4E-9	1.9E-10	7.2E-10	1.1E-7	1.3E-7	3.1E-9
95	2.5E-7	1.3E-9	1.7E-10	6.5E-10	9.9E-8	1.1E-7	2.8E-9
96	2.3E-7	1.1E-9	1.5E-10	5.8E-10	8.9E-8	1.0E-7	2.5E-9
97	2.0E-7	1.0E-9	1.4E-10	5.1E-10	8.0E-8	9.2E-8	2.3E-9
98	1.8E-7	9.1E-10	1.2E-10	4.6E-10	7.2E-8	8.3E-8	2.0E-9
99	1.6E-7	8.1E-10	1.1E-10	4.1E-10	6.4E-8	7.4E-8	1.8E-9
100	1.5E-7	7.3E-10	-	3.7E-10	5.8E-8	6.7E-8	1.7E-9
110	5.0E-8	2.3E-10	-	1.2E-10	1.9E-8	2.3E-8	5.9E-10
120	1.7E-8	-	-	-	6.5E-9	8.0E-9	2.1E-10
130	5.8E-9	-	-	-	2.2E-9	2.8E-9	-
140	2.0E-9	-	-	-	7.3E-10	9.6E-10	-
150	6.8E-10	-	-	-	2.4E-10	3.4E-10	-
160	2.3E-10	-	-	-	-	1.2E-10	-
