Radionuclide	Gd-151
Route of Intake	Inhalation
Material	Aerosols Type S, fA=5E-6
AMTD/AMAD, µm	5

Content in an Organ or Excreta Sample per Intake (Reference Bioassay Functions m(t)), Bq per Bq
Time, days	Whole Body	Urine (24-hour sample)	Faeces (24-hour sample)	Alimentary Tract*	Lungs*	Skeleton*	Liver*
0.041667	8.1E-1	-	-	2.8E-1	7.6E-2	1.2E-5	5.9E-6
0.083333	8.0E-1	-	-	3.2E-1	7.2E-2	2.2E-5	9.3E-6
0.125	7.9E-1	-	-	3.4E-1	6.9E-2	3.2E-5	1.2E-5
0.25	7.6E-1	-	-	4.1E-1	6.5E-2	5.8E-5	2.1E-5
0.375	7.4E-1	-	-	4.5E-1	6.4E-2	8.1E-5	2.8E-5
0.5	7.2E-1	-	-	4.9E-1	6.3E-2	1.0E-4	3.5E-5
0.625	7.0E-1	-	-	5.0E-1	6.3E-2	1.2E-4	4.1E-5
0.75	6.7E-1	-	-	5.1E-1	6.2E-2	1.4E-4	4.7E-5
0.875	6.4E-1	-	-	5.0E-1	6.2E-2	1.5E-4	5.2E-5
1	6.1E-1	7.0E-5	8.5E-2	4.9E-1	6.2E-2	1.7E-4	5.6E-5
1.125	5.8E-1	-	-	4.7E-1	6.1E-2	1.8E-4	6.1E-5
1.25	5.4E-1	-	-	4.4E-1	6.1E-2	1.9E-4	6.4E-5
1.375	5.0E-1	-	-	4.2E-1	6.1E-2	2.0E-4	6.8E-5
1.5	4.7E-1	-	-	3.8E-1	6.1E-2	2.1E-4	7.1E-5
1.625	4.3E-1	-	-	3.5E-1	6.0E-2	2.2E-4	7.4E-5
1.75	3.9E-1	-	-	3.2E-1	6.0E-2	2.3E-4	7.7E-5
1.875	3.6E-1	-	-	2.9E-1	6.0E-2	2.4E-4	7.9E-5
2	3.3E-1	3.7E-5	2.7E-1	2.6E-1	6.0E-2	2.4E-4	8.1E-5
2.25	2.7E-1	-	-	2.1E-1	5.9E-2	2.5E-4	8.5E-5
2.5	2.2E-1	-	-	1.6E-1	5.9E-2	2.6E-4	8.8E-5
2.75	1.8E-1	-	-	1.2E-1	5.8E-2	2.7E-4	9.0E-5
3	1.5E-1	1.8E-5	1.7E-1	9.1E-2	5.8E-2	2.8E-4	9.3E-5
3.25	1.3E-1	-	-	6.7E-2	5.7E-2	2.8E-4	9.4E-5
3.5	1.1E-1	-	-	4.9E-2	5.7E-2	2.9E-4	9.6E-5
3.75	9.4E-2	-	-	3.6E-2	5.7E-2	2.9E-4	9.7E-5
4	8.4E-2	9.2E-6	6.6E-2	2.6E-2	5.6E-2	2.9E-4	9.8E-5
4.25	7.6E-2	-	-	1.9E-2	5.6E-2	3.0E-4	9.8E-5
4.5	7.1E-2	-	-	1.4E-2	5.6E-2	3.0E-4	9.9E-5
4.75	6.7E-2	-	-	1.0E-2	5.5E-2	3.0E-4	1.0E-4
5	6.4E-2	5.1E-6	2.0E-2	7.5E-3	5.5E-2	3.0E-4	1.0E-4
5.5	6.0E-2	-	-	4.3E-3	5.5E-2	3.0E-4	1.0E-4
6	5.8E-2	3.3E-6	5.5E-3	2.7E-3	5.4E-2	3.1E-4	1.0E-4
6.5	5.6E-2	-	-	1.9E-3	5.3E-2	3.1E-4	1.0E-4
7	5.6E-2	2.5E-6	1.9E-3	1.5E-3	5.3E-2	3.1E-4	1.0E-4
7.5	5.5E-2	-	-	1.3E-3	5.3E-2	3.1E-4	1.0E-4
8	5.4E-2	2.1E-6	9.5E-4	1.1E-3	5.2E-2	3.1E-4	1.0E-4
8.5	5.4E-2	-	-	9.9E-4	5.2E-2	3.1E-4	1.0E-4
9	5.3E-2	1.9E-6	6.7E-4	9.0E-4	5.1E-2	3.1E-4	1.0E-4
9.5	5.3E-2	-	-	8.3E-4	5.1E-2	3.1E-4	1.0E-4
10	5.2E-2	1.8E-6	5.4E-4	7.6E-4	5.1E-2	3.1E-4	1.0E-4
11	5.2E-2	1.7E-6	4.5E-4	6.5E-4	5.0E-2	3.1E-4	1.0E-4
12	5.1E-2	1.6E-6	3.8E-4	5.6E-4	4.9E-2	3.2E-4	1.0E-4
13	5.0E-2	1.6E-6	3.3E-4	4.8E-4	4.9E-2	3.2E-4	1.0E-4
14	5.0E-2	1.5E-6	2.8E-4	4.2E-4	4.8E-2	3.2E-4	1.0E-4
15	4.9E-2	1.5E-6	2.5E-4	3.7E-4	4.8E-2	3.2E-4	1.0E-4
16	4.9E-2	1.5E-6	2.2E-4	3.3E-4	4.8E-2	3.2E-4	1.0E-4
17	4.8E-2	1.4E-6	2.0E-4	3.0E-4	4.7E-2	3.2E-4	1.0E-4
18	4.8E-2	1.4E-6	1.8E-4	2.7E-4	4.7E-2	3.2E-4	1.0E-4
19	4.8E-2	1.4E-6	1.6E-4	2.5E-4	4.6E-2	3.2E-4	1.0E-4
20	4.7E-2	1.4E-6	1.5E-4	2.3E-4	4.6E-2	3.2E-4	1.0E-4
21	4.7E-2	1.3E-6	1.3E-4	2.2E-4	4.5E-2	3.2E-4	1.0E-4
22	4.6E-2	1.3E-6	1.3E-4	2.0E-4	4.5E-2	3.2E-4	1.0E-4
23	4.6E-2	1.3E-6	1.2E-4	1.9E-4	4.5E-2	3.2E-4	1.0E-4
24	4.6E-2	1.3E-6	1.1E-4	1.9E-4	4.4E-2	3.2E-4	1.0E-4
25	4.5E-2	1.3E-6	1.1E-4	1.8E-4	4.4E-2	3.3E-4	1.0E-4
26	4.5E-2	1.2E-6	1.0E-4	1.7E-4	4.4E-2	3.3E-4	1.0E-4
27	4.5E-2	1.2E-6	9.8E-5	1.7E-4	4.3E-2	3.3E-4	1.0E-4
28	4.4E-2	1.2E-6	9.5E-5	1.6E-4	4.3E-2	3.3E-4	1.0E-4
29	4.4E-2	1.2E-6	9.3E-5	1.6E-4	4.3E-2	3.3E-4	1.0E-4
30	4.3E-2	1.2E-6	9.0E-5	1.5E-4	4.2E-2	3.3E-4	1.0E-4
31	4.3E-2	1.2E-6	8.8E-5	1.5E-4	4.2E-2	3.3E-4	1.0E-4
32	4.3E-2	1.2E-6	8.6E-5	1.5E-4	4.2E-2	3.3E-4	1.0E-4
33	4.3E-2	1.1E-6	8.5E-5	1.5E-4	4.1E-2	3.3E-4	1.0E-4
34	4.2E-2	1.1E-6	8.3E-5	1.4E-4	4.1E-2	3.3E-4	1.0E-4
35	4.2E-2	1.1E-6	8.2E-5	1.4E-4	4.1E-2	3.3E-4	1.0E-4
36	4.2E-2	1.1E-6	8.1E-5	1.4E-4	4.0E-2	3.3E-4	1.0E-4
37	4.1E-2	1.1E-6	8.0E-5	1.4E-4	4.0E-2	3.3E-4	1.0E-4
38	4.1E-2	1.1E-6	7.9E-5	1.4E-4	4.0E-2	3.3E-4	1.0E-4
39	4.1E-2	1.1E-6	7.8E-5	1.4E-4	4.0E-2	3.3E-4	1.0E-4
40	4.0E-2	1.1E-6	7.7E-5	1.3E-4	3.9E-2	3.3E-4	1.0E-4
41	4.0E-2	1.1E-6	7.6E-5	1.3E-4	3.9E-2	3.3E-4	1.0E-4
42	4.0E-2	1.1E-6	7.6E-5	1.3E-4	3.9E-2	3.3E-4	1.0E-4
43	3.9E-2	1.0E-6	7.5E-5	1.3E-4	3.8E-2	3.3E-4	1.0E-4
44	3.9E-2	1.0E-6	7.4E-5	1.3E-4	3.8E-2	3.3E-4	1.0E-4
45	3.9E-2	1.0E-6	7.3E-5	1.3E-4	3.8E-2	3.3E-4	1.0E-4
46	3.9E-2	1.0E-6	7.3E-5	1.3E-4	3.7E-2	3.3E-4	1.0E-4
47	3.8E-2	1.0E-6	7.2E-5	1.3E-4	3.7E-2	3.3E-4	1.0E-4
48	3.8E-2	1.0E-6	7.1E-5	1.2E-4	3.7E-2	3.3E-4	1.0E-4
49	3.8E-2	9.9E-7	7.1E-5	1.2E-4	3.7E-2	3.3E-4	1.0E-4
50	3.7E-2	9.9E-7	7.0E-5	1.2E-4	3.6E-2	3.3E-4	1.0E-4
51	3.7E-2	9.8E-7	6.9E-5	1.2E-4	3.6E-2	3.3E-4	1.0E-4
52	3.7E-2	9.7E-7	6.9E-5	1.2E-4	3.6E-2	3.3E-4	1.0E-4
53	3.7E-2	9.6E-7	6.8E-5	1.2E-4	3.6E-2	3.4E-4	1.0E-4
54	3.6E-2	9.6E-7	6.8E-5	1.2E-4	3.5E-2	3.4E-4	1.0E-4
55	3.6E-2	9.5E-7	6.7E-5	1.2E-4	3.5E-2	3.4E-4	1.0E-4
56	3.6E-2	9.4E-7	6.6E-5	1.2E-4	3.5E-2	3.4E-4	1.0E-4
57	3.5E-2	9.4E-7	6.6E-5	1.1E-4	3.4E-2	3.4E-4	1.0E-4
58	3.5E-2	9.3E-7	6.5E-5	1.1E-4	3.4E-2	3.4E-4	1.0E-4
59	3.5E-2	9.2E-7	6.5E-5	1.1E-4	3.4E-2	3.4E-4	1.0E-4
60	3.5E-2	9.2E-7	6.4E-5	1.1E-4	3.4E-2	3.4E-4	1.0E-4
61	3.4E-2	9.1E-7	6.4E-5	1.1E-4	3.3E-2	3.4E-4	1.0E-4
62	3.4E-2	9.0E-7	6.3E-5	1.1E-4	3.3E-2	3.4E-4	1.0E-4
63	3.4E-2	9.0E-7	6.2E-5	1.1E-4	3.3E-2	3.4E-4	1.0E-4
64	3.4E-2	8.9E-7	6.2E-5	1.1E-4	3.3E-2	3.4E-4	1.0E-4
65	3.3E-2	8.8E-7	6.1E-5	1.1E-4	3.2E-2	3.4E-4	1.0E-4
66	3.3E-2	8.8E-7	6.1E-5	1.1E-4	3.2E-2	3.4E-4	1.0E-4
67	3.3E-2	8.7E-7	6.0E-5	1.1E-4	3.2E-2	3.4E-4	1.0E-4
68	3.3E-2	8.6E-7	6.0E-5	1.0E-4	3.2E-2	3.4E-4	1.0E-4
69	3.2E-2	8.6E-7	5.9E-5	1.0E-4	3.1E-2	3.3E-4	1.0E-4
70	3.2E-2	8.5E-7	5.9E-5	1.0E-4	3.1E-2	3.3E-4	9.9E-5
71	3.2E-2	8.5E-7	5.8E-5	1.0E-4	3.1E-2	3.3E-4	9.9E-5
72	3.2E-2	8.4E-7	5.8E-5	1.0E-4	3.1E-2	3.3E-4	9.9E-5
73	3.2E-2	8.3E-7	5.7E-5	1.0E-4	3.1E-2	3.3E-4	9.9E-5
74	3.1E-2	8.3E-7	5.7E-5	9.9E-5	3.0E-2	3.3E-4	9.9E-5
75	3.1E-2	8.2E-7	5.6E-5	9.8E-5	3.0E-2	3.3E-4	9.9E-5
76	3.1E-2	8.2E-7	5.6E-5	9.7E-5	3.0E-2	3.3E-4	9.8E-5
77	3.1E-2	8.1E-7	5.5E-5	9.6E-5	3.0E-2	3.3E-4	9.8E-5
78	3.0E-2	8.0E-7	5.5E-5	9.6E-5	2.9E-2	3.3E-4	9.8E-5
79	3.0E-2	8.0E-7	5.4E-5	9.5E-5	2.9E-2	3.3E-4	9.8E-5
80	3.0E-2	7.9E-7	5.4E-5	9.4E-5	2.9E-2	3.3E-4	9.8E-5
81	3.0E-2	7.9E-7	5.3E-5	9.3E-5	2.9E-2	3.3E-4	9.7E-5
82	2.9E-2	7.8E-7	5.3E-5	9.2E-5	2.9E-2	3.3E-4	9.7E-5
83	2.9E-2	7.8E-7	5.2E-5	9.2E-5	2.8E-2	3.3E-4	9.7E-5
84	2.9E-2	7.7E-7	5.2E-5	9.1E-5	2.8E-2	3.3E-4	9.7E-5
85	2.9E-2	7.7E-7	5.2E-5	9.0E-5	2.8E-2	3.3E-4	9.7E-5
86	2.9E-2	7.6E-7	5.1E-5	8.9E-5	2.8E-2	3.3E-4	9.6E-5
87	2.8E-2	7.6E-7	5.1E-5	8.8E-5	2.7E-2	3.3E-4	9.6E-5
88	2.8E-2	7.5E-7	5.0E-5	8.8E-5	2.7E-2	3.3E-4	9.6E-5
89	2.8E-2	7.5E-7	5.0E-5	8.7E-5	2.7E-2	3.3E-4	9.6E-5
90	2.8E-2	7.4E-7	4.9E-5	8.6E-5	2.7E-2	3.3E-4	9.6E-5
91	2.8E-2	7.4E-7	4.9E-5	8.5E-5	2.7E-2	3.3E-4	9.5E-5
92	2.7E-2	7.3E-7	4.9E-5	8.5E-5	2.6E-2	3.3E-4	9.5E-5
93	2.7E-2	7.3E-7	4.8E-5	8.4E-5	2.6E-2	3.3E-4	9.5E-5
94	2.7E-2	7.2E-7	4.8E-5	8.3E-5	2.6E-2	3.3E-4	9.5E-5
95	2.7E-2	7.2E-7	4.7E-5	8.3E-5	2.6E-2	3.3E-4	9.5E-5
96	2.7E-2	7.1E-7	4.7E-5	8.2E-5	2.6E-2	3.3E-4	9.4E-5
97	2.6E-2	7.1E-7	4.6E-5	8.1E-5	2.5E-2	3.3E-4	9.4E-5
98	2.6E-2	7.0E-7	4.6E-5	8.0E-5	2.5E-2	3.3E-4	9.4E-5
99	2.6E-2	7.0E-7	4.6E-5	8.0E-5	2.5E-2	3.3E-4	9.4E-5
100	2.6E-2	6.9E-7	4.5E-5	7.9E-5	2.5E-2	3.3E-4	9.3E-5
110	2.4E-2	6.5E-7	4.1E-5	7.3E-5	2.3E-2	3.2E-4	9.1E-5
120	2.2E-2	6.0E-7	3.8E-5	6.7E-5	2.1E-2	3.2E-4	8.9E-5
130	2.1E-2	5.6E-7	3.5E-5	6.1E-5	2.0E-2	3.1E-4	8.6E-5
140	1.9E-2	5.3E-7	3.2E-5	5.6E-5	1.9E-2	3.0E-4	8.3E-5
150	1.8E-2	4.9E-7	2.9E-5	5.1E-5	1.7E-2	3.0E-4	8.1E-5
160	1.7E-2	4.6E-7	2.7E-5	4.7E-5	1.6E-2	2.9E-4	7.8E-5
170	1.5E-2	4.3E-7	2.5E-5	4.3E-5	1.5E-2	2.8E-4	7.5E-5
180	1.4E-2	4.0E-7	2.3E-5	4.0E-5	1.4E-2	2.8E-4	7.3E-5
190	1.3E-2	3.8E-7	2.1E-5	3.7E-5	1.3E-2	2.7E-4	7.0E-5
200	1.2E-2	3.5E-7	1.9E-5	3.4E-5	1.2E-2	2.6E-4	6.7E-5
210	1.2E-2	3.3E-7	1.7E-5	3.1E-5	1.1E-2	2.5E-4	6.5E-5
220	1.1E-2	3.1E-7	1.6E-5	2.8E-5	1.0E-2	2.5E-4	6.2E-5
230	1.0E-2	2.9E-7	1.5E-5	2.6E-5	9.6E-3	2.4E-4	6.0E-5
240	9.4E-3	2.7E-7	1.3E-5	2.4E-5	8.9E-3	2.3E-4	5.7E-5
250	8.8E-3	2.5E-7	1.2E-5	2.2E-5	8.3E-3	2.2E-4	5.5E-5
260	8.2E-3	2.4E-7	1.1E-5	2.0E-5	7.7E-3	2.2E-4	5.2E-5
270	7.6E-3	2.2E-7	1.0E-5	1.8E-5	7.2E-3	2.1E-4	5.0E-5
280	7.1E-3	2.1E-7	9.5E-6	1.7E-5	6.7E-3	2.0E-4	4.8E-5
290	6.6E-3	1.9E-7	8.7E-6	1.5E-5	6.3E-3	1.9E-4	4.6E-5
300	6.2E-3	1.8E-7	8.0E-6	1.4E-5	5.8E-3	1.9E-4	4.4E-5
310	5.8E-3	1.7E-7	7.3E-6	1.3E-5	5.4E-3	1.8E-4	4.2E-5
320	5.4E-3	1.6E-7	6.7E-6	1.2E-5	5.1E-3	1.7E-4	4.0E-5
330	5.0E-3	1.5E-7	6.1E-6	1.1E-5	4.7E-3	1.7E-4	3.8E-5
340	4.7E-3	1.4E-7	5.6E-6	1.0E-5	4.4E-3	1.6E-4	3.6E-5
350	4.4E-3	1.3E-7	5.2E-6	9.3E-6	4.1E-3	1.5E-4	3.4E-5
360	4.1E-3	1.2E-7	4.7E-6	8.5E-6	3.8E-3	1.5E-4	3.3E-5
365	4.0E-3	1.2E-7	4.5E-6	8.2E-6	3.7E-3	1.4E-4	3.2E-5
370	3.8E-3	1.2E-7	4.3E-6	7.8E-6	3.6E-3	1.4E-4	3.1E-5
380	3.6E-3	1.1E-7	4.0E-6	7.2E-6	3.3E-3	1.4E-4	3.0E-5
390	3.4E-3	1.0E-7	3.6E-6	6.6E-6	3.1E-3	1.3E-4	2.8E-5
400	3.1E-3	9.6E-8	3.3E-6	6.1E-6	2.9E-3	1.2E-4	2.7E-5
410	2.9E-3	9.0E-8	3.1E-6	5.6E-6	2.7E-3	1.2E-4	2.6E-5
420	2.7E-3	8.5E-8	2.8E-6	5.1E-6	2.5E-3	1.1E-4	2.4E-5
430	2.6E-3	8.0E-8	2.6E-6	4.7E-6	2.4E-3	1.1E-4	2.3E-5
440	2.4E-3	7.5E-8	2.4E-6	4.3E-6	2.2E-3	1.1E-4	2.2E-5
450	2.3E-3	7.0E-8	2.2E-6	4.0E-6	2.1E-3	1.0E-4	2.1E-5
460	2.1E-3	6.6E-8	2.0E-6	3.6E-6	1.9E-3	9.7E-5	2.0E-5
470	2.0E-3	6.2E-8	1.8E-6	3.3E-6	1.8E-3	9.2E-5	1.9E-5
480	1.9E-3	5.8E-8	1.7E-6	3.1E-6	1.7E-3	8.8E-5	1.8E-5
490	1.7E-3	5.5E-8	1.5E-6	2.8E-6	1.6E-3	8.5E-5	1.7E-5
500	1.6E-3	5.1E-8	1.4E-6	2.6E-6	1.5E-3	8.1E-5	1.6E-5
510	1.5E-3	4.8E-8	1.3E-6	2.4E-6	1.4E-3	7.7E-5	1.5E-5
520	1.4E-3	4.5E-8	1.2E-6	2.2E-6	1.3E-3	7.4E-5	1.4E-5
530	1.3E-3	4.3E-8	1.1E-6	2.0E-6	1.2E-3	7.1E-5	1.4E-5
540	1.3E-3	4.0E-8	9.9E-7	1.9E-6	1.1E-3	6.7E-5	1.3E-5
550	1.2E-3	3.8E-8	9.1E-7	1.7E-6	1.1E-3	6.4E-5	1.2E-5
560	1.1E-3	3.6E-8	8.3E-7	1.6E-6	1.0E-3	6.2E-5	1.2E-5
570	1.0E-3	3.3E-8	7.6E-7	1.4E-6	9.4E-4	5.9E-5	1.1E-5
580	9.7E-4	3.1E-8	7.0E-7	1.3E-6	8.8E-4	5.6E-5	1.0E-5
590	9.1E-4	3.0E-8	6.4E-7	1.2E-6	8.3E-4	5.4E-5	9.9E-6
600	8.6E-4	2.8E-8	5.9E-7	1.1E-6	7.7E-4	5.1E-5	9.3E-6
610	8.1E-4	2.6E-8	5.4E-7	1.0E-6	7.3E-4	4.9E-5	8.9E-6
620	7.6E-4	2.5E-8	5.0E-7	9.5E-7	6.8E-4	4.7E-5	8.4E-6
630	7.1E-4	2.3E-8	4.5E-7	8.7E-7	6.4E-4	4.4E-5	7.9E-6
640	6.7E-4	2.2E-8	4.2E-7	8.0E-7	6.0E-4	4.2E-5	7.5E-6
650	6.3E-4	2.1E-8	3.8E-7	7.4E-7	5.6E-4	4.0E-5	7.1E-6
660	5.9E-4	1.9E-8	3.5E-7	6.8E-7	5.3E-4	3.8E-5	6.7E-6
670	5.5E-4	1.8E-8	3.2E-7	6.3E-7	4.9E-4	3.7E-5	6.4E-6
680	5.2E-4	1.7E-8	2.9E-7	5.8E-7	4.6E-4	3.5E-5	6.0E-6
690	4.9E-4	1.6E-8	2.7E-7	5.3E-7	4.4E-4	3.3E-5	5.7E-6
700	4.6E-4	1.5E-8	2.5E-7	4.9E-7	4.1E-4	3.2E-5	5.4E-6
710	4.3E-4	1.4E-8	2.3E-7	4.5E-7	3.8E-4	3.0E-5	5.1E-6
720	4.1E-4	1.4E-8	2.1E-7	4.2E-7	3.6E-4	2.9E-5	4.8E-6
730	3.8E-4	1.3E-8	1.9E-7	3.8E-7	3.4E-4	2.7E-5	4.6E-6
740	3.6E-4	1.2E-8	1.7E-7	3.5E-7	3.2E-4	2.6E-5	4.3E-6
750	3.4E-4	1.1E-8	1.6E-7	3.3E-7	3.0E-4	2.5E-5	4.1E-6
760	3.2E-4	1.1E-8	1.5E-7	3.0E-7	2.8E-4	2.4E-5	3.9E-6
770	3.0E-4	1.0E-8	1.3E-7	2.8E-7	2.6E-4	2.3E-5	3.6E-6
780	2.8E-4	9.5E-9	1.2E-7	2.5E-7	2.5E-4	2.2E-5	3.4E-6
790	2.7E-4	8.9E-9	1.1E-7	2.3E-7	2.3E-4	2.0E-5	3.3E-6
800	2.5E-4	8.4E-9	1.0E-7	2.2E-7	2.2E-4	2.0E-5	3.1E-6
810	2.4E-4	7.9E-9	9.5E-8	2.0E-7	2.1E-4	1.9E-5	2.9E-6
820	2.2E-4	7.5E-9	8.7E-8	1.8E-7	1.9E-4	1.8E-5	2.8E-6
830	2.1E-4	7.1E-9	8.0E-8	1.7E-7	1.8E-4	1.7E-5	2.6E-6
840	2.0E-4	6.6E-9	7.4E-8	1.6E-7	1.7E-4	1.6E-5	2.5E-6
850	1.9E-4	6.3E-9	6.7E-8	1.4E-7	1.6E-4	1.5E-5	2.3E-6
860	1.7E-4	5.9E-9	6.2E-8	1.3E-7	1.5E-4	1.5E-5	2.2E-6
870	1.6E-4	5.6E-9	5.7E-8	1.2E-7	1.4E-4	1.4E-5	2.1E-6
880	1.5E-4	5.3E-9	5.2E-8	1.1E-7	1.3E-4	1.3E-5	2.0E-6
890	1.5E-4	5.0E-9	4.8E-8	1.1E-7	1.3E-4	1.2E-5	1.9E-6
900	1.4E-4	4.7E-9	4.4E-8	9.7E-8	1.2E-4	1.2E-5	1.8E-6
910	1.3E-4	4.4E-9	4.0E-8	9.0E-8	1.1E-4	1.1E-5	1.7E-6
920	1.2E-4	4.2E-9	3.7E-8	8.3E-8	1.1E-4	1.1E-5	1.6E-6
930	1.2E-4	3.9E-9	3.4E-8	7.7E-8	1.0E-4	1.0E-5	1.5E-6
940	1.1E-4	3.7E-9	3.1E-8	7.1E-8	9.4E-5	9.7E-6	1.4E-6
950	1.0E-4	3.5E-9	2.8E-8	6.6E-8	8.8E-5	9.2E-6	1.3E-6
960	9.6E-5	3.3E-9	2.6E-8	6.1E-8	8.3E-5	8.8E-6	1.2E-6
970	9.1E-5	3.1E-9	2.4E-8	5.6E-8	7.8E-5	8.4E-6	1.2E-6
980	8.6E-5	2.9E-9	2.2E-8	5.2E-8	7.4E-5	7.9E-6	1.1E-6
990	8.1E-5	2.8E-9	2.0E-8	4.8E-8	7.0E-5	7.6E-6	1.1E-6
1000	7.6E-5	2.6E-9	1.8E-8	4.5E-8	6.6E-5	7.2E-6	9.9E-7
1010	7.2E-5	2.5E-9	1.7E-8	4.1E-8	6.2E-5	6.8E-6	9.4E-7
1020	6.8E-5	2.3E-9	1.6E-8	3.8E-8	5.8E-5	6.5E-6	8.9E-7
1030	6.4E-5	2.2E-9	1.4E-8	3.5E-8	5.5E-5	6.2E-6	8.4E-7
1040	6.0E-5	2.1E-9	1.3E-8	3.3E-8	5.2E-5	5.9E-6	7.9E-7
1050	5.7E-5	2.0E-9	1.2E-8	3.0E-8	4.9E-5	5.6E-6	7.5E-7
1060	5.4E-5	1.9E-9	1.1E-8	2.8E-8	4.6E-5	5.3E-6	7.1E-7
1070	5.1E-5	1.8E-9	1.0E-8	2.6E-8	4.3E-5	5.0E-6	6.7E-7
1080	4.8E-5	1.7E-9	9.2E-9	2.4E-8	4.1E-5	4.8E-6	6.3E-7
1090	4.5E-5	1.6E-9	8.5E-9	2.3E-8	3.8E-5	4.5E-6	6.0E-7
1095	4.4E-5	1.5E-9	8.1E-9	2.2E-8	3.7E-5	4.4E-6	5.8E-7
1100	4.2E-5	1.5E-9	7.8E-9	2.1E-8	3.6E-5	4.3E-6	5.6E-7
1200	2.4E-5	8.3E-10	3.3E-9	1.0E-8	2.0E-5	2.6E-6	3.2E-7
1300	1.3E-5	4.7E-10	1.4E-9	5.0E-9	1.1E-5	1.5E-6	1.8E-7
1400	7.6E-6	2.7E-10	5.9E-10	2.5E-9	6.3E-6	9.2E-7	1.0E-7
1500	4.3E-6	1.5E-10	2.5E-10	1.3E-9	3.5E-6	5.4E-7	5.8E-8
1600	2.4E-6	-	1.1E-10	7.1E-10	2.0E-6	3.2E-7	3.3E-8
1700	1.4E-6	-	-	3.9E-10	1.1E-6	1.9E-7	1.9E-8
1800	7.8E-7	-	-	2.1E-10	6.3E-7	1.1E-7	1.1E-8
1900	4.5E-7	-	-	1.2E-10	3.6E-7	6.6E-8	6.0E-9
2000	2.5E-7	-	-	-	2.0E-7	3.9E-8	3.4E-9
2100	1.4E-7	-	-	-	1.1E-7	2.3E-8	1.9E-9
2200	8.2E-8	-	-	-	6.5E-8	1.3E-8	1.1E-9
2300	4.7E-8	-	-	-	3.7E-8	7.8E-9	6.2E-10
2400	2.7E-8	-	-	-	2.1E-8	4.5E-9	3.6E-10
2500	1.5E-8	-	-	-	1.2E-8	2.7E-9	2.0E-10
2600	8.6E-9	-	-	-	6.6E-9	1.6E-9	1.2E-10
2700	4.9E-9	-	-	-	3.8E-9	9.0E-10	-
2800	2.8E-9	-	-	-	2.1E-9	5.3E-10	-
2900	1.6E-9	-	-	-	1.2E-9	3.1E-10	-
3000	9.0E-10	-	-	-	6.8E-10	1.8E-10	-
3100	5.2E-10	-	-	-	3.8E-10	1.0E-10	-
3200	2.9E-10	-	-	-	2.2E-10	-	-
3300	1.7E-10	-	-	-	1.2E-10	-	-
