Radionuclide	I-124
Route of Intake	Inhalation
Material	Aerosols Type M, fA=0.2
AMTD/AMAD, µm	1

Content in an Organ or Excreta Sample per Intake (Reference Bioassay Functions m(t)), Bq per Bq
Time, days	Whole Body	Urine (24-hour sample)	Faeces (24-hour sample)	Alimentary Tract*	Lungs*	Thyroid*	Liver*
0.041667	5.0E-1	-	-	1.4E-1	1.3E-1	1.8E-4	2.8E-4
0.083333	4.9E-1	-	-	1.5E-1	1.2E-1	6.2E-4	5.9E-4
0.125	4.8E-1	-	-	1.6E-1	1.2E-1	1.3E-3	8.5E-4
0.25	4.6E-1	-	-	1.8E-1	1.1E-1	4.2E-3	1.3E-3
0.375	4.3E-1	-	-	1.9E-1	1.0E-1	7.5E-3	1.3E-3
0.5	4.1E-1	-	-	2.0E-1	9.5E-2	1.1E-2	1.2E-3
0.625	3.8E-1	-	-	2.0E-1	9.1E-2	1.3E-2	1.0E-3
0.75	3.6E-1	-	-	1.9E-1	8.8E-2	1.5E-2	8.4E-4
0.875	3.3E-1	-	-	1.8E-1	8.5E-2	1.7E-2	6.8E-4
1	3.1E-1	3.8E-2	3.2E-2	1.7E-1	8.3E-2	1.8E-2	5.5E-4
1.125	2.9E-1	-	-	1.6E-1	8.0E-2	1.9E-2	4.4E-4
1.25	2.7E-1	-	-	1.5E-1	7.8E-2	1.9E-2	3.6E-4
1.375	2.5E-1	-	-	1.4E-1	7.6E-2	2.0E-2	2.9E-4
1.5	2.3E-1	-	-	1.2E-1	7.4E-2	2.0E-2	2.4E-4
1.625	2.1E-1	-	-	1.1E-1	7.2E-2	2.0E-2	2.0E-4
1.75	2.0E-1	-	-	9.9E-2	7.0E-2	2.0E-2	1.7E-4
1.875	1.8E-1	-	-	8.7E-2	6.9E-2	2.0E-2	1.5E-4
2	1.7E-1	1.1E-2	8.0E-2	7.6E-2	6.7E-2	1.9E-2	1.3E-4
2.25	1.4E-1	-	-	5.8E-2	6.4E-2	1.9E-2	1.1E-4
2.5	1.2E-1	-	-	4.3E-2	6.1E-2	1.8E-2	1.0E-4
2.75	1.1E-1	-	-	3.2E-2	5.8E-2	1.7E-2	9.7E-5
3	9.6E-2	1.6E-3	4.3E-2	2.3E-2	5.5E-2	1.7E-2	9.6E-5
3.25	8.6E-2	-	-	1.6E-2	5.3E-2	1.6E-2	9.7E-5
3.5	7.8E-2	-	-	1.2E-2	5.1E-2	1.6E-2	9.8E-5
3.75	7.2E-2	-	-	8.4E-3	4.8E-2	1.5E-2	9.9E-5
4	6.7E-2	4.1E-4	1.4E-2	6.1E-3	4.6E-2	1.4E-2	1.0E-4
4.25	6.3E-2	-	-	4.4E-3	4.4E-2	1.4E-2	1.0E-4
4.5	5.9E-2	-	-	3.2E-3	4.2E-2	1.3E-2	1.0E-4
4.75	5.6E-2	-	-	2.4E-3	4.0E-2	1.3E-2	1.0E-4
5	5.3E-2	2.4E-4	3.7E-3	1.8E-3	3.8E-2	1.2E-2	1.0E-4
5.5	4.8E-2	-	-	1.1E-3	3.5E-2	1.1E-2	1.0E-4
6	4.3E-2	1.8E-4	1.1E-3	7.7E-4	3.2E-2	1.0E-2	9.9E-5
6.5	4.0E-2	-	-	5.8E-4	2.9E-2	9.5E-3	9.6E-5
7	3.6E-2	1.5E-4	4.1E-4	4.6E-4	2.7E-2	8.7E-3	9.3E-5
7.5	3.3E-2	-	-	3.8E-4	2.4E-2	8.0E-3	9.0E-5
8	3.0E-2	1.2E-4	2.3E-4	3.2E-4	2.2E-2	7.4E-3	8.7E-5
8.5	2.8E-2	-	-	2.7E-4	2.0E-2	6.8E-3	8.3E-5
9	2.5E-2	9.9E-5	1.5E-4	2.3E-4	1.9E-2	6.2E-3	7.9E-5
9.5	2.3E-2	-	-	2.0E-4	1.7E-2	5.7E-3	7.5E-5
10	2.1E-2	8.2E-5	1.1E-4	1.7E-4	1.6E-2	5.3E-3	7.1E-5
11	1.8E-2	6.8E-5	8.0E-5	1.3E-4	1.3E-2	4.5E-3	6.4E-5
12	1.5E-2	5.6E-5	5.9E-5	9.7E-5	1.1E-2	3.8E-3	5.7E-5
13	1.3E-2	4.7E-5	4.4E-5	7.5E-5	9.2E-3	3.2E-3	5.0E-5
14	1.1E-2	3.9E-5	3.4E-5	5.8E-5	7.7E-3	2.7E-3	4.4E-5
15	9.0E-3	3.3E-5	2.6E-5	4.5E-5	6.5E-3	2.3E-3	3.8E-5
16	7.6E-3	2.8E-5	2.0E-5	3.6E-5	5.5E-3	1.9E-3	3.3E-5
17	6.4E-3	2.3E-5	1.5E-5	2.8E-5	4.6E-3	1.6E-3	2.9E-5
18	5.4E-3	2.0E-5	1.2E-5	2.3E-5	3.9E-3	1.4E-3	2.5E-5
19	4.5E-3	1.7E-5	9.6E-6	1.9E-5	3.2E-3	1.2E-3	2.2E-5
20	3.8E-3	1.4E-5	7.7E-6	1.5E-5	2.7E-3	9.9E-4	1.9E-5
21	3.2E-3	1.2E-5	6.2E-6	1.2E-5	2.3E-3	8.4E-4	1.6E-5
22	2.7E-3	9.9E-6	5.1E-6	1.0E-5	1.9E-3	7.1E-4	1.4E-5
23	2.3E-3	8.4E-6	4.1E-6	8.4E-6	1.6E-3	6.0E-4	1.2E-5
24	1.9E-3	7.1E-6	3.4E-6	7.0E-6	1.4E-3	5.1E-4	1.0E-5
25	1.6E-3	6.0E-6	2.8E-6	5.8E-6	1.1E-3	4.3E-4	8.5E-6
26	1.4E-3	5.0E-6	2.3E-6	4.8E-6	9.6E-4	3.6E-4	7.3E-6
27	1.1E-3	4.3E-6	1.9E-6	4.0E-6	8.1E-4	3.1E-4	6.2E-6
28	9.6E-4	3.6E-6	1.6E-6	3.4E-6	6.8E-4	2.6E-4	5.3E-6
29	8.1E-4	3.0E-6	1.3E-6	2.8E-6	5.7E-4	2.2E-4	4.5E-6
30	6.8E-4	2.6E-6	1.1E-6	2.4E-6	4.8E-4	1.9E-4	3.8E-6
31	5.8E-4	2.2E-6	9.3E-7	2.0E-6	4.1E-4	1.6E-4	3.2E-6
32	4.9E-4	1.8E-6	7.8E-7	1.7E-6	3.4E-4	1.3E-4	2.8E-6
33	4.1E-4	1.5E-6	6.5E-7	1.4E-6	2.9E-4	1.1E-4	2.3E-6
34	3.5E-4	1.3E-6	5.5E-7	1.2E-6	2.4E-4	9.5E-5	2.0E-6
35	2.9E-4	1.1E-6	4.6E-7	1.0E-6	2.0E-4	8.0E-5	1.7E-6
36	2.5E-4	9.2E-7	3.9E-7	8.4E-7	1.7E-4	6.8E-5	1.4E-6
37	2.1E-4	7.8E-7	3.3E-7	7.1E-7	1.4E-4	5.7E-5	1.2E-6
38	1.7E-4	6.5E-7	2.7E-7	6.0E-7	1.2E-4	4.9E-5	1.0E-6
39	1.5E-4	5.5E-7	2.3E-7	5.0E-7	1.0E-4	4.1E-5	8.7E-7
40	1.2E-4	4.6E-7	1.9E-7	4.2E-7	8.5E-5	3.5E-5	7.4E-7
41	1.0E-4	3.9E-7	1.6E-7	3.6E-7	7.2E-5	2.9E-5	6.3E-7
42	8.8E-5	3.3E-7	1.4E-7	3.0E-7	6.0E-5	2.5E-5	5.3E-7
43	7.4E-5	2.8E-7	1.2E-7	2.5E-7	5.1E-5	2.1E-5	4.5E-7
44	6.2E-5	2.3E-7	9.7E-8	2.1E-7	4.3E-5	1.8E-5	3.8E-7
45	5.2E-5	2.0E-7	8.2E-8	1.8E-7	3.6E-5	1.5E-5	3.2E-7
46	4.4E-5	1.7E-7	6.9E-8	1.5E-7	3.0E-5	1.3E-5	2.7E-7
47	3.7E-5	1.4E-7	5.8E-8	1.3E-7	2.5E-5	1.1E-5	2.3E-7
48	3.1E-5	1.2E-7	4.9E-8	1.1E-7	2.1E-5	9.1E-6	2.0E-7
49	2.6E-5	1.0E-7	4.1E-8	9.1E-8	1.8E-5	7.7E-6	1.7E-7
50	2.2E-5	8.4E-8	3.5E-8	7.6E-8	1.5E-5	6.5E-6	1.4E-7
51	1.9E-5	7.1E-8	2.9E-8	6.4E-8	1.3E-5	5.5E-6	1.2E-7
52	1.6E-5	6.0E-8	2.5E-8	5.4E-8	1.1E-5	4.6E-6	1.0E-7
53	1.3E-5	5.0E-8	2.1E-8	4.6E-8	9.0E-6	3.9E-6	8.5E-8
54	1.1E-5	4.2E-8	1.7E-8	3.8E-8	7.6E-6	3.3E-6	7.2E-8
55	9.5E-6	3.6E-8	1.5E-8	3.2E-8	6.4E-6	2.8E-6	6.1E-8
56	8.0E-6	3.0E-8	1.2E-8	2.7E-8	5.4E-6	2.4E-6	5.1E-8
57	6.7E-6	2.5E-8	1.0E-8	2.3E-8	4.5E-6	2.0E-6	4.3E-8
58	5.7E-6	2.1E-8	8.7E-9	1.9E-8	3.8E-6	1.7E-6	3.7E-8
59	4.8E-6	1.8E-8	7.4E-9	1.6E-8	3.2E-6	1.4E-6	3.1E-8
60	4.0E-6	1.5E-8	6.2E-9	1.4E-8	2.7E-6	1.2E-6	2.6E-8
61	3.4E-6	1.3E-8	5.2E-9	1.2E-8	2.3E-6	1.0E-6	2.2E-8
62	2.9E-6	1.1E-8	4.4E-9	9.8E-9	1.9E-6	8.6E-7	1.9E-8
63	2.4E-6	9.1E-9	3.7E-9	8.2E-9	1.6E-6	7.3E-7	1.6E-8
64	2.0E-6	7.7E-9	3.1E-9	6.9E-9	1.3E-6	6.2E-7	1.3E-8
65	1.7E-6	6.5E-9	2.6E-9	5.8E-9	1.1E-6	5.2E-7	1.1E-8
66	1.4E-6	5.5E-9	2.2E-9	4.9E-9	9.5E-7	4.4E-7	9.6E-9
67	1.2E-6	4.6E-9	1.9E-9	4.2E-9	8.0E-7	3.7E-7	8.1E-9
68	1.0E-6	3.9E-9	1.6E-9	3.5E-9	6.8E-7	3.1E-7	6.8E-9
69	8.6E-7	3.3E-9	1.3E-9	2.9E-9	5.7E-7	2.7E-7	5.8E-9
70	7.2E-7	2.7E-9	1.1E-9	2.5E-9	4.8E-7	2.2E-7	4.9E-9
71	6.1E-7	2.3E-9	9.3E-10	2.1E-9	4.0E-7	1.9E-7	4.1E-9
72	5.1E-7	2.0E-9	7.9E-10	1.8E-9	3.4E-7	1.6E-7	3.5E-9
73	4.3E-7	1.6E-9	6.6E-10	1.5E-9	2.8E-7	1.4E-7	3.0E-9
74	3.6E-7	1.4E-9	5.6E-10	1.3E-9	2.4E-7	1.1E-7	2.5E-9
75	3.1E-7	1.2E-9	4.7E-10	1.1E-9	2.0E-7	9.7E-8	2.1E-9
76	2.6E-7	9.8E-10	4.0E-10	8.9E-10	1.7E-7	8.2E-8	1.8E-9
77	2.2E-7	8.3E-10	3.3E-10	7.5E-10	1.4E-7	6.9E-8	1.5E-9
78	1.8E-7	7.0E-10	2.8E-10	6.3E-10	1.2E-7	5.8E-8	1.3E-9
79	1.5E-7	5.9E-10	2.4E-10	5.3E-10	1.0E-7	4.9E-8	1.1E-9
80	1.3E-7	5.0E-10	2.0E-10	4.5E-10	8.5E-8	4.2E-8	9.1E-10
81	1.1E-7	4.2E-10	1.7E-10	3.8E-10	7.1E-8	3.5E-8	7.7E-10
82	9.3E-8	3.5E-10	1.4E-10	3.2E-10	6.0E-8	3.0E-8	6.5E-10
83	7.8E-8	3.0E-10	1.2E-10	2.7E-10	5.1E-8	2.5E-8	5.5E-10
84	6.6E-8	2.5E-10	-	2.3E-10	4.3E-8	2.1E-8	4.6E-10
85	5.5E-8	2.1E-10	-	1.9E-10	3.6E-8	1.8E-8	3.9E-10
86	4.7E-8	1.8E-10	-	1.6E-10	3.0E-8	1.5E-8	3.3E-10
87	3.9E-8	1.5E-10	-	1.3E-10	2.5E-8	1.3E-8	2.8E-10
88	3.3E-8	1.3E-10	-	1.1E-10	2.1E-8	1.1E-8	2.4E-10
89	2.8E-8	1.1E-10	-	-	1.8E-8	9.2E-9	2.0E-10
90	2.4E-8	-	-	-	1.5E-8	7.7E-9	1.7E-10
91	2.0E-8	-	-	-	1.3E-8	6.5E-9	1.4E-10
92	1.7E-8	-	-	-	1.1E-8	5.5E-9	1.2E-10
93	1.4E-8	-	-	-	9.0E-9	4.7E-9	1.0E-10
94	1.2E-8	-	-	-	7.6E-9	3.9E-9	-
95	1.0E-8	-	-	-	6.4E-9	3.3E-9	-
96	8.4E-9	-	-	-	5.3E-9	2.8E-9	-
97	7.1E-9	-	-	-	4.5E-9	2.4E-9	-
98	6.0E-9	-	-	-	3.8E-9	2.0E-9	-
99	5.0E-9	-	-	-	3.2E-9	1.7E-9	-
100	4.2E-9	-	-	-	2.7E-9	1.4E-9	-
110	7.7E-10	-	-	-	4.8E-10	2.7E-10	-
120	1.4E-10	-	-	-	-	-	-
