Radionuclide	Tm-168
Route of Intake	Inhalation
Material	Aerosols Dioxide, fA=5E-7
AMTD/AMAD, µm	0.003

Content in an Organ or Excreta Sample per Intake (Reference Bioassay Functions m(t)), Bq per Bq
Time, days	Whole Body	Urine (24-hour sample)	Faeces (24-hour sample)	Alimentary Tract*	Lungs*	Skeleton*	Liver*
0.041667	9.4E-1	-	-	2.0E-1	4.3E-1	8.8E-6	2.8E-6
0.083333	9.3E-1	-	-	2.4E-1	4.2E-1	2.1E-5	4.2E-6
0.125	9.2E-1	-	-	2.7E-1	4.0E-1	3.4E-5	5.3E-6
0.25	9.1E-1	-	-	3.3E-1	3.8E-1	7.1E-5	8.5E-6
0.375	8.9E-1	-	-	3.7E-1	3.7E-1	1.1E-4	1.2E-5
0.5	8.8E-1	-	-	4.0E-1	3.6E-1	1.4E-4	1.5E-5
0.625	8.6E-1	-	-	4.2E-1	3.6E-1	1.7E-4	1.7E-5
0.75	8.4E-1	-	-	4.2E-1	3.5E-1	2.0E-4	2.0E-5
0.875	8.2E-1	-	-	4.2E-1	3.4E-1	2.3E-4	2.3E-5
1	7.9E-1	8.8E-5	6.8E-2	4.1E-1	3.4E-1	2.6E-4	2.5E-5
1.125	7.6E-1	-	-	4.0E-1	3.3E-1	2.9E-4	2.8E-5
1.25	7.3E-1	-	-	3.8E-1	3.3E-1	3.2E-4	3.0E-5
1.375	7.0E-1	-	-	3.6E-1	3.2E-1	3.5E-4	3.3E-5
1.5	6.7E-1	-	-	3.4E-1	3.2E-1	3.7E-4	3.5E-5
1.625	6.4E-1	-	-	3.2E-1	3.1E-1	4.0E-4	3.7E-5
1.75	6.1E-1	-	-	3.0E-1	3.0E-1	4.2E-4	4.0E-5
1.875	5.8E-1	-	-	2.7E-1	3.0E-1	4.5E-4	4.2E-5
2	5.5E-1	7.8E-5	2.2E-1	2.5E-1	2.9E-1	4.7E-4	4.4E-5
2.25	5.0E-1	-	-	2.1E-1	2.9E-1	5.1E-4	4.8E-5
2.5	4.6E-1	-	-	1.8E-1	2.8E-1	5.6E-4	5.1E-5
2.75	4.2E-1	-	-	1.5E-1	2.7E-1	6.0E-4	5.5E-5
3	3.9E-1	6.4E-5	1.6E-1	1.2E-1	2.6E-1	6.4E-4	5.8E-5
3.25	3.6E-1	-	-	1.0E-1	2.5E-1	6.7E-4	6.2E-5
3.5	3.4E-1	-	-	8.9E-2	2.5E-1	7.1E-4	6.5E-5
3.75	3.2E-1	-	-	7.7E-2	2.4E-1	7.4E-4	6.8E-5
4	3.0E-1	5.5E-5	8.1E-2	6.8E-2	2.3E-1	7.8E-4	7.1E-5
4.25	2.9E-1	-	-	6.0E-2	2.3E-1	8.1E-4	7.4E-5
4.5	2.8E-1	-	-	5.4E-2	2.2E-1	8.4E-4	7.6E-5
4.75	2.7E-1	-	-	4.9E-2	2.1E-1	8.7E-4	7.9E-5
5	2.6E-1	4.8E-5	4.3E-2	4.6E-2	2.1E-1	9.0E-4	8.1E-5
5.5	2.4E-1	-	-	3.9E-2	2.0E-1	9.5E-4	8.6E-5
6	2.3E-1	4.3E-5	2.8E-2	3.5E-2	1.9E-1	1.0E-3	9.1E-5
6.5	2.1E-1	-	-	3.1E-2	1.8E-1	1.0E-3	9.5E-5
7	2.0E-1	3.9E-5	2.1E-2	2.8E-2	1.7E-1	1.1E-3	9.9E-5
7.5	1.9E-1	-	-	2.5E-2	1.7E-1	1.1E-3	1.0E-4
8	1.9E-1	3.6E-5	1.7E-2	2.2E-2	1.6E-1	1.2E-3	1.1E-4
8.5	1.8E-1	-	-	2.0E-2	1.6E-1	1.2E-3	1.1E-4
9	1.7E-1	3.3E-5	1.3E-2	1.8E-2	1.5E-1	1.3E-3	1.1E-4
9.5	1.6E-1	-	-	1.7E-2	1.5E-1	1.3E-3	1.2E-4
10	1.6E-1	3.1E-5	1.1E-2	1.5E-2	1.4E-1	1.3E-3	1.2E-4
11	1.5E-1	3.0E-5	8.9E-3	1.2E-2	1.3E-1	1.4E-3	1.2E-4
12	1.4E-1	2.8E-5	7.2E-3	1.0E-2	1.3E-1	1.5E-3	1.3E-4
13	1.3E-1	2.7E-5	5.9E-3	8.2E-3	1.2E-1	1.5E-3	1.3E-4
14	1.3E-1	2.6E-5	4.8E-3	6.7E-3	1.2E-1	1.6E-3	1.4E-4
15	1.2E-1	2.5E-5	4.0E-3	5.5E-3	1.1E-1	1.6E-3	1.4E-4
16	1.2E-1	2.4E-5	3.3E-3	4.5E-3	1.1E-1	1.7E-3	1.5E-4
17	1.1E-1	2.4E-5	2.7E-3	3.7E-3	1.1E-1	1.7E-3	1.5E-4
18	1.1E-1	2.3E-5	2.2E-3	3.1E-3	1.1E-1	1.8E-3	1.6E-4
19	1.1E-1	2.3E-5	1.8E-3	2.6E-3	1.0E-1	1.8E-3	1.6E-4
20	1.1E-1	2.2E-5	1.5E-3	2.2E-3	1.0E-1	1.8E-3	1.6E-4
21	1.0E-1	2.2E-5	1.3E-3	1.8E-3	1.0E-1	1.9E-3	1.7E-4
22	1.0E-1	2.1E-5	1.1E-3	1.5E-3	9.8E-2	1.9E-3	1.7E-4
23	1.0E-1	2.1E-5	9.0E-4	1.3E-3	9.7E-2	2.0E-3	1.7E-4
24	1.0E-1	2.1E-5	7.6E-4	1.1E-3	9.5E-2	2.0E-3	1.8E-4
25	9.8E-2	2.0E-5	6.5E-4	9.6E-4	9.4E-2	2.0E-3	1.8E-4
26	9.7E-2	2.0E-5	5.6E-4	8.4E-4	9.3E-2	2.1E-3	1.8E-4
27	9.6E-2	2.0E-5	4.9E-4	7.4E-4	9.2E-2	2.1E-3	1.8E-4
28	9.4E-2	2.0E-5	4.3E-4	6.6E-4	9.0E-2	2.1E-3	1.9E-4
29	9.3E-2	2.0E-5	3.8E-4	5.9E-4	8.9E-2	2.2E-3	1.9E-4
30	9.2E-2	1.9E-5	3.4E-4	5.3E-4	8.8E-2	2.2E-3	1.9E-4
31	9.1E-2	1.9E-5	3.0E-4	4.9E-4	8.7E-2	2.2E-3	2.0E-4
32	9.0E-2	1.9E-5	2.8E-4	4.5E-4	8.6E-2	2.3E-3	2.0E-4
33	8.9E-2	1.9E-5	2.6E-4	4.2E-4	8.5E-2	2.3E-3	2.0E-4
34	8.8E-2	1.9E-5	2.4E-4	3.9E-4	8.5E-2	2.3E-3	2.0E-4
35	8.8E-2	1.8E-5	2.2E-4	3.7E-4	8.4E-2	2.4E-3	2.0E-4
36	8.7E-2	1.8E-5	2.1E-4	3.5E-4	8.3E-2	2.4E-3	2.1E-4
37	8.6E-2	1.8E-5	2.0E-4	3.4E-4	8.2E-2	2.4E-3	2.1E-4
38	8.5E-2	1.8E-5	1.9E-4	3.3E-4	8.1E-2	2.5E-3	2.1E-4
39	8.4E-2	1.8E-5	1.8E-4	3.2E-4	8.0E-2	2.5E-3	2.1E-4
40	8.3E-2	1.8E-5	1.7E-4	3.1E-4	7.9E-2	2.5E-3	2.2E-4
41	8.2E-2	1.7E-5	1.7E-4	3.0E-4	7.8E-2	2.5E-3	2.2E-4
42	8.2E-2	1.7E-5	1.6E-4	2.9E-4	7.8E-2	2.6E-3	2.2E-4
43	8.1E-2	1.7E-5	1.6E-4	2.8E-4	7.7E-2	2.6E-3	2.2E-4
44	8.0E-2	1.7E-5	1.6E-4	2.8E-4	7.6E-2	2.6E-3	2.2E-4
45	7.9E-2	1.7E-5	1.5E-4	2.7E-4	7.5E-2	2.6E-3	2.2E-4
46	7.9E-2	1.7E-5	1.5E-4	2.7E-4	7.5E-2	2.7E-3	2.3E-4
47	7.8E-2	1.7E-5	1.5E-4	2.6E-4	7.4E-2	2.7E-3	2.3E-4
48	7.7E-2	1.6E-5	1.4E-4	2.6E-4	7.3E-2	2.7E-3	2.3E-4
49	7.6E-2	1.6E-5	1.4E-4	2.6E-4	7.2E-2	2.7E-3	2.3E-4
50	7.6E-2	1.6E-5	1.4E-4	2.5E-4	7.1E-2	2.7E-3	2.3E-4
51	7.5E-2	1.6E-5	1.4E-4	2.5E-4	7.1E-2	2.8E-3	2.3E-4
52	7.4E-2	1.6E-5	1.4E-4	2.5E-4	7.0E-2	2.8E-3	2.4E-4
53	7.4E-2	1.6E-5	1.3E-4	2.4E-4	6.9E-2	2.8E-3	2.4E-4
54	7.3E-2	1.6E-5	1.3E-4	2.4E-4	6.9E-2	2.8E-3	2.4E-4
55	7.2E-2	1.5E-5	1.3E-4	2.4E-4	6.8E-2	2.8E-3	2.4E-4
56	7.1E-2	1.5E-5	1.3E-4	2.4E-4	6.7E-2	2.9E-3	2.4E-4
57	7.1E-2	1.5E-5	1.3E-4	2.3E-4	6.7E-2	2.9E-3	2.4E-4
58	7.0E-2	1.5E-5	1.3E-4	2.3E-4	6.6E-2	2.9E-3	2.4E-4
59	6.9E-2	1.5E-5	1.2E-4	2.3E-4	6.5E-2	2.9E-3	2.4E-4
60	6.9E-2	1.5E-5	1.2E-4	2.3E-4	6.4E-2	2.9E-3	2.5E-4
61	6.8E-2	1.5E-5	1.2E-4	2.2E-4	6.4E-2	2.9E-3	2.5E-4
62	6.8E-2	1.4E-5	1.2E-4	2.2E-4	6.3E-2	2.9E-3	2.5E-4
63	6.7E-2	1.4E-5	1.2E-4	2.2E-4	6.3E-2	3.0E-3	2.5E-4
64	6.6E-2	1.4E-5	1.2E-4	2.2E-4	6.2E-2	3.0E-3	2.5E-4
65	6.6E-2	1.4E-5	1.2E-4	2.1E-4	6.1E-2	3.0E-3	2.5E-4
66	6.5E-2	1.4E-5	1.1E-4	2.1E-4	6.1E-2	3.0E-3	2.5E-4
67	6.4E-2	1.4E-5	1.1E-4	2.1E-4	6.0E-2	3.0E-3	2.5E-4
68	6.4E-2	1.4E-5	1.1E-4	2.1E-4	5.9E-2	3.0E-3	2.5E-4
69	6.3E-2	1.4E-5	1.1E-4	2.1E-4	5.9E-2	3.0E-3	2.5E-4
70	6.3E-2	1.3E-5	1.1E-4	2.0E-4	5.8E-2	3.1E-3	2.5E-4
71	6.2E-2	1.3E-5	1.1E-4	2.0E-4	5.8E-2	3.1E-3	2.5E-4
72	6.1E-2	1.3E-5	1.1E-4	2.0E-4	5.7E-2	3.1E-3	2.6E-4
73	6.1E-2	1.3E-5	1.1E-4	2.0E-4	5.6E-2	3.1E-3	2.6E-4
74	6.0E-2	1.3E-5	1.0E-4	1.9E-4	5.6E-2	3.1E-3	2.6E-4
75	6.0E-2	1.3E-5	1.0E-4	1.9E-4	5.5E-2	3.1E-3	2.6E-4
76	5.9E-2	1.3E-5	1.0E-4	1.9E-4	5.5E-2	3.1E-3	2.6E-4
77	5.9E-2	1.3E-5	1.0E-4	1.9E-4	5.4E-2	3.1E-3	2.6E-4
78	5.8E-2	1.3E-5	1.0E-4	1.9E-4	5.4E-2	3.1E-3	2.6E-4
79	5.8E-2	1.2E-5	9.9E-5	1.8E-4	5.3E-2	3.1E-3	2.6E-4
80	5.7E-2	1.2E-5	9.8E-5	1.8E-4	5.2E-2	3.1E-3	2.6E-4
81	5.7E-2	1.2E-5	9.7E-5	1.8E-4	5.2E-2	3.2E-3	2.6E-4
82	5.6E-2	1.2E-5	9.5E-5	1.8E-4	5.1E-2	3.2E-3	2.6E-4
83	5.5E-2	1.2E-5	9.4E-5	1.8E-4	5.1E-2	3.2E-3	2.6E-4
84	5.5E-2	1.2E-5	9.3E-5	1.8E-4	5.0E-2	3.2E-3	2.6E-4
85	5.4E-2	1.2E-5	9.2E-5	1.7E-4	5.0E-2	3.2E-3	2.6E-4
86	5.4E-2	1.2E-5	9.1E-5	1.7E-4	4.9E-2	3.2E-3	2.6E-4
87	5.3E-2	1.2E-5	9.0E-5	1.7E-4	4.9E-2	3.2E-3	2.6E-4
88	5.3E-2	1.1E-5	8.9E-5	1.7E-4	4.8E-2	3.2E-3	2.6E-4
89	5.2E-2	1.1E-5	8.8E-5	1.7E-4	4.8E-2	3.2E-3	2.6E-4
90	5.2E-2	1.1E-5	8.7E-5	1.6E-4	4.7E-2	3.2E-3	2.6E-4
91	5.1E-2	1.1E-5	8.6E-5	1.6E-4	4.7E-2	3.2E-3	2.6E-4
92	5.1E-2	1.1E-5	8.5E-5	1.6E-4	4.6E-2	3.2E-3	2.6E-4
93	5.1E-2	1.1E-5	8.4E-5	1.6E-4	4.6E-2	3.2E-3	2.6E-4
94	5.0E-2	1.1E-5	8.3E-5	1.6E-4	4.5E-2	3.2E-3	2.6E-4
95	5.0E-2	1.1E-5	8.2E-5	1.6E-4	4.5E-2	3.2E-3	2.6E-4
96	4.9E-2	1.1E-5	8.1E-5	1.5E-4	4.5E-2	3.2E-3	2.6E-4
97	4.9E-2	1.1E-5	8.0E-5	1.5E-4	4.4E-2	3.2E-3	2.6E-4
98	4.8E-2	1.0E-5	7.9E-5	1.5E-4	4.4E-2	3.2E-3	2.6E-4
99	4.8E-2	1.0E-5	7.9E-5	1.5E-4	4.3E-2	3.2E-3	2.6E-4
100	4.7E-2	1.0E-5	7.8E-5	1.5E-4	4.3E-2	3.2E-3	2.6E-4
110	4.3E-2	9.4E-6	6.9E-5	1.3E-4	3.9E-2	3.2E-3	2.6E-4
120	3.9E-2	8.5E-6	6.2E-5	1.2E-4	3.5E-2	3.2E-3	2.6E-4
130	3.6E-2	7.8E-6	5.5E-5	1.1E-4	3.2E-2	3.2E-3	2.5E-4
140	3.3E-2	7.1E-6	4.9E-5	9.8E-5	2.8E-2	3.1E-3	2.4E-4
150	3.0E-2	6.5E-6	4.4E-5	8.8E-5	2.6E-2	3.1E-3	2.4E-4
160	2.7E-2	5.9E-6	3.9E-5	7.9E-5	2.3E-2	3.0E-3	2.3E-4
170	2.5E-2	5.4E-6	3.5E-5	7.1E-5	2.1E-2	2.9E-3	2.2E-4
180	2.3E-2	4.9E-6	3.1E-5	6.4E-5	1.9E-2	2.8E-3	2.1E-4
190	2.1E-2	4.5E-6	2.8E-5	5.8E-5	1.7E-2	2.7E-3	2.0E-4
200	1.9E-2	4.1E-6	2.5E-5	5.2E-5	1.6E-2	2.7E-3	1.9E-4
210	1.7E-2	3.7E-6	2.2E-5	4.7E-5	1.4E-2	2.6E-3	1.9E-4
220	1.6E-2	3.4E-6	2.0E-5	4.3E-5	1.3E-2	2.5E-3	1.8E-4
230	1.5E-2	3.1E-6	1.8E-5	3.8E-5	1.2E-2	2.4E-3	1.7E-4
240	1.3E-2	2.8E-6	1.6E-5	3.5E-5	1.0E-2	2.3E-3	1.6E-4
250	1.2E-2	2.6E-6	1.4E-5	3.1E-5	9.5E-3	2.2E-3	1.5E-4
260	1.1E-2	2.4E-6	1.3E-5	2.8E-5	8.6E-3	2.1E-3	1.4E-4
270	1.0E-2	2.1E-6	1.1E-5	2.5E-5	7.8E-3	2.0E-3	1.4E-4
280	9.4E-3	2.0E-6	9.9E-6	2.3E-5	7.0E-3	1.9E-3	1.3E-4
290	8.6E-3	1.8E-6	8.9E-6	2.1E-5	6.4E-3	1.8E-3	1.2E-4
300	7.9E-3	1.6E-6	7.9E-6	1.9E-5	5.8E-3	1.7E-3	1.1E-4
310	7.2E-3	1.5E-6	7.1E-6	1.7E-5	5.2E-3	1.6E-3	1.1E-4
320	6.6E-3	1.4E-6	6.3E-6	1.5E-5	4.8E-3	1.5E-3	1.0E-4
330	6.1E-3	1.2E-6	5.6E-6	1.4E-5	4.3E-3	1.4E-3	9.4E-5
340	5.6E-3	1.1E-6	5.0E-6	1.2E-5	3.9E-3	1.4E-3	8.8E-5
350	5.1E-3	1.0E-6	4.5E-6	1.1E-5	3.6E-3	1.3E-3	8.3E-5
360	4.7E-3	9.5E-7	4.0E-6	1.0E-5	3.2E-3	1.2E-3	7.7E-5
365	4.5E-3	9.0E-7	3.8E-6	9.6E-6	3.1E-3	1.2E-3	7.5E-5
370	4.3E-3	8.6E-7	3.6E-6	9.1E-6	2.9E-3	1.2E-3	7.2E-5
380	4.0E-3	7.9E-7	3.2E-6	8.2E-6	2.7E-3	1.1E-3	6.8E-5
390	3.7E-3	7.2E-7	2.8E-6	7.5E-6	2.4E-3	1.0E-3	6.3E-5
400	3.4E-3	6.6E-7	2.5E-6	6.7E-6	2.2E-3	9.7E-4	5.9E-5
410	3.1E-3	6.0E-7	2.3E-6	6.1E-6	2.0E-3	9.1E-4	5.5E-5
420	2.8E-3	5.5E-7	2.0E-6	5.5E-6	1.8E-3	8.6E-4	5.2E-5
430	2.6E-3	5.0E-7	1.8E-6	5.0E-6	1.6E-3	8.1E-4	4.8E-5
440	2.4E-3	4.6E-7	1.6E-6	4.5E-6	1.5E-3	7.6E-4	4.5E-5
450	2.2E-3	4.2E-7	1.4E-6	4.1E-6	1.4E-3	7.2E-4	4.2E-5
460	2.0E-3	3.9E-7	1.3E-6	3.7E-6	1.2E-3	6.7E-4	3.9E-5
470	1.9E-3	3.5E-7	1.1E-6	3.4E-6	1.1E-3	6.3E-4	3.6E-5
480	1.7E-3	3.2E-7	1.0E-6	3.0E-6	1.0E-3	5.9E-4	3.4E-5
490	1.6E-3	3.0E-7	9.1E-7	2.8E-6	9.4E-4	5.6E-4	3.1E-5
500	1.5E-3	2.7E-7	8.1E-7	2.5E-6	8.5E-4	5.2E-4	2.9E-5
510	1.4E-3	2.5E-7	7.2E-7	2.3E-6	7.8E-4	4.9E-4	2.7E-5
520	1.2E-3	2.3E-7	6.5E-7	2.1E-6	7.1E-4	4.6E-4	2.5E-5
530	1.1E-3	2.1E-7	5.8E-7	1.9E-6	6.4E-4	4.3E-4	2.3E-5
540	1.1E-3	1.9E-7	5.1E-7	1.7E-6	5.9E-4	4.1E-4	2.2E-5
550	9.8E-4	1.8E-7	4.6E-7	1.5E-6	5.3E-4	3.8E-4	2.0E-5
560	9.0E-4	1.6E-7	4.1E-7	1.4E-6	4.9E-4	3.6E-4	1.9E-5
570	8.3E-4	1.5E-7	3.7E-7	1.3E-6	4.4E-4	3.3E-4	1.7E-5
580	7.7E-4	1.3E-7	3.3E-7	1.2E-6	4.0E-4	3.1E-4	1.6E-5
590	7.1E-4	1.2E-7	2.9E-7	1.1E-6	3.7E-4	2.9E-4	1.5E-5
600	6.5E-4	1.1E-7	2.6E-7	9.6E-7	3.4E-4	2.7E-4	1.4E-5
610	6.0E-4	1.0E-7	2.3E-7	8.7E-7	3.1E-4	2.6E-4	1.3E-5
620	5.6E-4	9.5E-8	2.1E-7	7.9E-7	2.8E-4	2.4E-4	1.2E-5
630	5.1E-4	8.7E-8	1.8E-7	7.2E-7	2.6E-4	2.2E-4	1.1E-5
640	4.7E-4	8.0E-8	1.7E-7	6.6E-7	2.3E-4	2.1E-4	1.0E-5
650	4.4E-4	7.4E-8	1.5E-7	6.0E-7	2.1E-4	2.0E-4	9.6E-6
660	4.0E-4	6.8E-8	1.3E-7	5.5E-7	1.9E-4	1.8E-4	8.9E-6
670	3.7E-4	6.2E-8	1.2E-7	5.0E-7	1.8E-4	1.7E-4	8.2E-6
680	3.5E-4	5.7E-8	1.0E-7	4.6E-7	1.6E-4	1.6E-4	7.6E-6
690	3.2E-4	5.2E-8	9.4E-8	4.2E-7	1.5E-4	1.5E-4	7.1E-6
700	2.9E-4	4.8E-8	8.4E-8	3.8E-7	1.4E-4	1.4E-4	6.5E-6
710	2.7E-4	4.4E-8	7.5E-8	3.5E-7	1.2E-4	1.3E-4	6.1E-6
720	2.5E-4	4.1E-8	6.7E-8	3.2E-7	1.1E-4	1.2E-4	5.6E-6
730	2.3E-4	3.7E-8	6.0E-8	2.9E-7	1.0E-4	1.1E-4	5.2E-6
740	2.2E-4	3.4E-8	5.3E-8	2.6E-7	9.4E-5	1.1E-4	4.8E-6
750	2.0E-4	3.1E-8	4.7E-8	2.4E-7	8.6E-5	9.9E-5	4.4E-6
760	1.8E-4	2.9E-8	4.2E-8	2.2E-7	7.9E-5	9.3E-5	4.1E-6
770	1.7E-4	2.7E-8	3.8E-8	2.0E-7	7.2E-5	8.7E-5	3.8E-6
780	1.6E-4	2.4E-8	3.4E-8	1.9E-7	6.6E-5	8.1E-5	3.5E-6
790	1.5E-4	2.2E-8	3.0E-8	1.7E-7	6.0E-5	7.5E-5	3.3E-6
800	1.3E-4	2.1E-8	2.7E-8	1.6E-7	5.5E-5	7.0E-5	3.0E-6
810	1.2E-4	1.9E-8	2.4E-8	1.4E-7	5.1E-5	6.6E-5	2.8E-6
820	1.2E-4	1.7E-8	2.2E-8	1.3E-7	4.6E-5	6.1E-5	2.6E-6
830	1.1E-4	1.6E-8	1.9E-8	1.2E-7	4.2E-5	5.7E-5	2.4E-6
840	9.9E-5	1.5E-8	1.7E-8	1.1E-7	3.9E-5	5.3E-5	2.2E-6
850	9.1E-5	1.4E-8	1.5E-8	1.0E-7	3.5E-5	5.0E-5	2.0E-6
860	8.4E-5	1.2E-8	1.4E-8	9.3E-8	3.2E-5	4.6E-5	1.9E-6
870	7.8E-5	1.1E-8	1.2E-8	8.5E-8	3.0E-5	4.3E-5	1.7E-6
880	7.2E-5	1.1E-8	1.1E-8	7.8E-8	2.7E-5	4.0E-5	1.6E-6
890	6.7E-5	9.7E-9	9.8E-9	7.2E-8	2.5E-5	3.8E-5	1.5E-6
900	6.2E-5	9.0E-9	8.8E-9	6.6E-8	2.3E-5	3.5E-5	1.4E-6
910	5.7E-5	8.2E-9	7.8E-9	6.1E-8	2.1E-5	3.3E-5	1.3E-6
920	5.3E-5	7.6E-9	7.0E-9	5.6E-8	1.9E-5	3.0E-5	1.2E-6
930	4.9E-5	7.0E-9	6.3E-9	5.1E-8	1.8E-5	2.8E-5	1.1E-6
940	4.5E-5	6.4E-9	5.6E-9	4.7E-8	1.6E-5	2.6E-5	1.0E-6
950	4.2E-5	5.9E-9	5.0E-9	4.3E-8	1.5E-5	2.5E-5	9.3E-7
960	3.9E-5	5.4E-9	4.5E-9	4.0E-8	1.3E-5	2.3E-5	8.6E-7
970	3.6E-5	5.0E-9	4.0E-9	3.7E-8	1.2E-5	2.1E-5	7.9E-7
980	3.3E-5	4.6E-9	3.6E-9	3.4E-8	1.1E-5	2.0E-5	7.3E-7
990	3.1E-5	4.3E-9	3.2E-9	3.1E-8	1.0E-5	1.9E-5	6.8E-7
1000	2.9E-5	3.9E-9	2.9E-9	2.9E-8	9.5E-6	1.7E-5	6.3E-7
1010	2.7E-5	3.6E-9	2.6E-9	2.7E-8	8.7E-6	1.6E-5	5.8E-7
1020	2.5E-5	3.3E-9	2.3E-9	2.4E-8	8.0E-6	1.5E-5	5.3E-7
1030	2.3E-5	3.1E-9	2.1E-9	2.3E-8	7.3E-6	1.4E-5	4.9E-7
1040	2.1E-5	2.8E-9	1.8E-9	2.1E-8	6.7E-6	1.3E-5	4.6E-7
1050	2.0E-5	2.6E-9	1.6E-9	1.9E-8	6.2E-6	1.2E-5	4.2E-7
1060	1.8E-5	2.4E-9	1.5E-9	1.8E-8	5.6E-6	1.1E-5	3.9E-7
1070	1.7E-5	2.2E-9	1.3E-9	1.6E-8	5.2E-6	1.0E-5	3.6E-7
1080	1.6E-5	2.0E-9	1.2E-9	1.5E-8	4.7E-6	9.7E-6	3.3E-7
1090	1.4E-5	1.9E-9	1.1E-9	1.4E-8	4.3E-6	9.1E-6	3.1E-7
1095	1.4E-5	1.8E-9	1.0E-9	1.3E-8	4.2E-6	8.8E-6	2.9E-7
1100	1.3E-5	1.7E-9	9.5E-10	1.3E-8	4.0E-6	8.4E-6	2.8E-7
1200	6.2E-6	7.7E-10	3.2E-10	5.8E-9	1.7E-6	4.1E-6	1.3E-7
1300	2.9E-6	3.4E-10	1.1E-10	2.7E-9	7.1E-7	2.0E-6	5.7E-8
1400	1.4E-6	1.5E-10	-	1.2E-9	3.0E-7	9.7E-7	2.6E-8
1500	6.4E-7	-	-	5.8E-10	1.3E-7	4.7E-7	1.2E-8
1600	3.0E-7	-	-	2.7E-10	5.5E-8	2.2E-7	5.2E-9
1700	1.4E-7	-	-	1.3E-10	2.4E-8	1.1E-7	2.3E-9
1800	6.6E-8	-	-	-	1.0E-8	5.2E-8	1.1E-9
1900	3.1E-8	-	-	-	4.4E-9	2.5E-8	4.7E-10
2000	1.5E-8	-	-	-	1.9E-9	1.2E-8	2.1E-10
2100	6.8E-9	-	-	-	8.0E-10	5.6E-9	-
2200	3.2E-9	-	-	-	3.4E-10	2.7E-9	-
2300	1.5E-9	-	-	-	1.5E-10	1.3E-9	-
2400	7.1E-10	-	-	-	-	6.1E-10	-
2500	3.4E-10	-	-	-	-	2.9E-10	-
2600	1.6E-10	-	-	-	-	1.4E-10	-
