Radionuclide	Pm-145
Route of Intake	Inhalation
Material	Aerosols Dioxide, fA=5E-7
AMTD/AMAD, µm	1

Content in an Organ or Excreta Sample per Intake (Reference Bioassay Functions m(t)), Bq per Bq
Time, days	Whole Body	Urine (24-hour sample)	Faeces (24-hour sample)	Alimentary Tract*	Lungs*	Skeleton*	Liver*
0.041667	5.1E-1	-	-	1.4E-1	1.3E-1	2.0E-6	2.7E-6
0.083333	5.0E-1	-	-	1.6E-1	1.3E-1	4.5E-6	5.9E-6
0.125	5.0E-1	-	-	1.8E-1	1.3E-1	7.0E-6	9.1E-6
0.25	4.8E-1	-	-	2.1E-1	1.2E-1	1.4E-5	1.8E-5
0.375	4.7E-1	-	-	2.4E-1	1.2E-1	2.1E-5	2.7E-5
0.5	4.6E-1	-	-	2.5E-1	1.2E-1	2.8E-5	3.6E-5
0.625	4.5E-1	-	-	2.6E-1	1.2E-1	3.5E-5	4.5E-5
0.75	4.4E-1	-	-	2.6E-1	1.2E-1	4.1E-5	5.3E-5
0.875	4.2E-1	-	-	2.6E-1	1.2E-1	4.8E-5	6.2E-5
1	4.1E-1	1.0E-5	4.4E-2	2.6E-1	1.2E-1	5.4E-5	7.0E-5
1.125	3.9E-1	-	-	2.5E-1	1.2E-1	6.1E-5	7.8E-5
1.25	3.7E-1	-	-	2.3E-1	1.2E-1	6.7E-5	8.6E-5
1.375	3.5E-1	-	-	2.2E-1	1.2E-1	7.3E-5	9.3E-5
1.5	3.3E-1	-	-	2.0E-1	1.2E-1	7.9E-5	1.0E-4
1.625	3.1E-1	-	-	1.9E-1	1.2E-1	8.4E-5	1.1E-4
1.75	2.9E-1	-	-	1.7E-1	1.2E-1	9.0E-5	1.2E-4
1.875	2.8E-1	-	-	1.5E-1	1.2E-1	9.6E-5	1.2E-4
2	2.6E-1	9.8E-6	1.4E-1	1.4E-1	1.2E-1	1.0E-4	1.3E-4
2.25	2.3E-1	-	-	1.1E-1	1.2E-1	1.1E-4	1.4E-4
2.5	2.0E-1	-	-	8.6E-2	1.2E-1	1.2E-4	1.6E-4
2.75	1.8E-1	-	-	6.6E-2	1.2E-1	1.3E-4	1.7E-4
3	1.7E-1	9.0E-6	9.2E-2	5.0E-2	1.2E-1	1.4E-4	1.8E-4
3.25	1.5E-1	-	-	3.8E-2	1.1E-1	1.5E-4	2.0E-4
3.5	1.4E-1	-	-	2.8E-2	1.1E-1	1.6E-4	2.1E-4
3.75	1.4E-1	-	-	2.1E-2	1.1E-1	1.7E-4	2.2E-4
4	1.3E-1	8.6E-6	3.6E-2	1.6E-2	1.1E-1	1.8E-4	2.4E-4
4.25	1.3E-1	-	-	1.2E-2	1.1E-1	1.9E-4	2.5E-4
4.5	1.2E-1	-	-	9.4E-3	1.1E-1	2.0E-4	2.6E-4
4.75	1.2E-1	-	-	7.3E-3	1.1E-1	2.1E-4	2.7E-4
5	1.2E-1	8.3E-6	1.2E-2	5.9E-3	1.1E-1	2.2E-4	2.8E-4
5.5	1.2E-1	-	-	4.0E-3	1.1E-1	2.4E-4	3.1E-4
6	1.1E-1	8.2E-6	4.1E-3	3.1E-3	1.1E-1	2.6E-4	3.3E-4
6.5	1.1E-1	-	-	2.5E-3	1.1E-1	2.8E-4	3.5E-4
7	1.1E-1	8.2E-6	2.0E-3	2.2E-3	1.1E-1	3.0E-4	3.8E-4
7.5	1.1E-1	-	-	1.9E-3	1.1E-1	3.1E-4	4.0E-4
8	1.1E-1	8.1E-6	1.3E-3	1.8E-3	1.1E-1	3.3E-4	4.2E-4
8.5	1.1E-1	-	-	1.6E-3	1.1E-1	3.5E-4	4.5E-4
9	1.1E-1	8.1E-6	1.1E-3	1.5E-3	1.1E-1	3.7E-4	4.7E-4
9.5	1.1E-1	-	-	1.4E-3	1.1E-1	3.9E-4	4.9E-4
10	1.1E-1	8.1E-6	8.9E-4	1.3E-3	1.1E-1	4.0E-4	5.1E-4
11	1.1E-1	8.1E-6	7.6E-4	1.1E-3	1.1E-1	4.4E-4	5.6E-4
12	1.1E-1	8.1E-6	6.6E-4	9.7E-4	1.1E-1	4.7E-4	6.0E-4
13	1.1E-1	8.1E-6	5.8E-4	8.6E-4	1.0E-1	5.1E-4	6.4E-4
14	1.1E-1	8.2E-6	5.1E-4	7.7E-4	1.0E-1	5.4E-4	6.9E-4
15	1.1E-1	8.2E-6	4.5E-4	6.9E-4	1.0E-1	5.8E-4	7.3E-4
16	1.1E-1	8.2E-6	4.1E-4	6.3E-4	1.0E-1	6.1E-4	7.7E-4
17	1.1E-1	8.2E-6	3.7E-4	5.8E-4	1.0E-1	6.5E-4	8.2E-4
18	1.0E-1	8.2E-6	3.4E-4	5.4E-4	1.0E-1	6.8E-4	8.6E-4
19	1.0E-1	8.2E-6	3.1E-4	5.0E-4	1.0E-1	7.2E-4	9.0E-4
20	1.0E-1	8.2E-6	2.9E-4	4.8E-4	1.0E-1	7.5E-4	9.4E-4
21	1.0E-1	8.2E-6	2.8E-4	4.5E-4	1.0E-1	7.8E-4	9.9E-4
22	1.0E-1	8.2E-6	2.6E-4	4.3E-4	1.0E-1	8.2E-4	1.0E-3
23	1.0E-1	8.1E-6	2.5E-4	4.2E-4	1.0E-1	8.5E-4	1.1E-3
24	1.0E-1	8.1E-6	2.4E-4	4.0E-4	1.0E-1	8.9E-4	1.1E-3
25	1.0E-1	8.1E-6	2.3E-4	3.9E-4	1.0E-1	9.2E-4	1.2E-3
26	1.0E-1	8.1E-6	2.3E-4	3.8E-4	1.0E-1	9.5E-4	1.2E-3
27	1.0E-1	8.1E-6	2.2E-4	3.8E-4	9.9E-2	9.9E-4	1.2E-3
28	1.0E-1	8.1E-6	2.2E-4	3.7E-4	9.9E-2	1.0E-3	1.3E-3
29	1.0E-1	8.1E-6	2.1E-4	3.6E-4	9.9E-2	1.1E-3	1.3E-3
30	1.0E-1	8.1E-6	2.1E-4	3.6E-4	9.8E-2	1.1E-3	1.4E-3
31	1.0E-1	8.1E-6	2.1E-4	3.5E-4	9.8E-2	1.1E-3	1.4E-3
32	1.0E-1	8.1E-6	2.0E-4	3.5E-4	9.8E-2	1.2E-3	1.4E-3
33	1.0E-1	8.1E-6	2.0E-4	3.5E-4	9.7E-2	1.2E-3	1.5E-3
34	1.0E-1	8.1E-6	2.0E-4	3.4E-4	9.7E-2	1.2E-3	1.5E-3
35	1.0E-1	8.1E-6	2.0E-4	3.4E-4	9.7E-2	1.3E-3	1.6E-3
36	1.0E-1	8.0E-6	2.0E-4	3.4E-4	9.7E-2	1.3E-3	1.6E-3
37	1.0E-1	8.0E-6	1.9E-4	3.4E-4	9.6E-2	1.3E-3	1.6E-3
38	1.0E-1	8.0E-6	1.9E-4	3.4E-4	9.6E-2	1.4E-3	1.7E-3
39	1.0E-1	8.0E-6	1.9E-4	3.3E-4	9.6E-2	1.4E-3	1.7E-3
40	1.0E-1	8.0E-6	1.9E-4	3.3E-4	9.5E-2	1.4E-3	1.8E-3
41	9.9E-2	8.0E-6	1.9E-4	3.3E-4	9.5E-2	1.5E-3	1.8E-3
42	9.9E-2	8.0E-6	1.9E-4	3.3E-4	9.5E-2	1.5E-3	1.8E-3
43	9.9E-2	8.0E-6	1.9E-4	3.3E-4	9.5E-2	1.5E-3	1.9E-3
44	9.9E-2	7.9E-6	1.9E-4	3.3E-4	9.4E-2	1.5E-3	1.9E-3
45	9.9E-2	7.9E-6	1.9E-4	3.3E-4	9.4E-2	1.6E-3	1.9E-3
46	9.8E-2	7.9E-6	1.8E-4	3.3E-4	9.4E-2	1.6E-3	2.0E-3
47	9.8E-2	7.9E-6	1.8E-4	3.2E-4	9.3E-2	1.6E-3	2.0E-3
48	9.8E-2	7.9E-6	1.8E-4	3.2E-4	9.3E-2	1.7E-3	2.1E-3
49	9.8E-2	7.9E-6	1.8E-4	3.2E-4	9.3E-2	1.7E-3	2.1E-3
50	9.8E-2	7.9E-6	1.8E-4	3.2E-4	9.3E-2	1.7E-3	2.1E-3
51	9.7E-2	7.8E-6	1.8E-4	3.2E-4	9.2E-2	1.8E-3	2.2E-3
52	9.7E-2	7.8E-6	1.8E-4	3.2E-4	9.2E-2	1.8E-3	2.2E-3
53	9.7E-2	7.8E-6	1.8E-4	3.2E-4	9.2E-2	1.8E-3	2.2E-3
54	9.7E-2	7.8E-6	1.8E-4	3.2E-4	9.1E-2	1.9E-3	2.3E-3
55	9.7E-2	7.8E-6	1.8E-4	3.2E-4	9.1E-2	1.9E-3	2.3E-3
56	9.6E-2	7.8E-6	1.8E-4	3.1E-4	9.1E-2	1.9E-3	2.4E-3
57	9.6E-2	7.8E-6	1.8E-4	3.1E-4	9.1E-2	2.0E-3	2.4E-3
58	9.6E-2	7.7E-6	1.8E-4	3.1E-4	9.0E-2	2.0E-3	2.4E-3
59	9.6E-2	7.7E-6	1.8E-4	3.1E-4	9.0E-2	2.0E-3	2.5E-3
60	9.6E-2	7.7E-6	1.7E-4	3.1E-4	9.0E-2	2.1E-3	2.5E-3
61	9.5E-2	7.7E-6	1.7E-4	3.1E-4	9.0E-2	2.1E-3	2.5E-3
62	9.5E-2	7.7E-6	1.7E-4	3.1E-4	8.9E-2	2.1E-3	2.6E-3
63	9.5E-2	7.7E-6	1.7E-4	3.1E-4	8.9E-2	2.2E-3	2.6E-3
64	9.5E-2	7.7E-6	1.7E-4	3.1E-4	8.9E-2	2.2E-3	2.6E-3
65	9.5E-2	7.6E-6	1.7E-4	3.1E-4	8.9E-2	2.2E-3	2.7E-3
66	9.4E-2	7.6E-6	1.7E-4	3.0E-4	8.8E-2	2.2E-3	2.7E-3
67	9.4E-2	7.6E-6	1.7E-4	3.0E-4	8.8E-2	2.3E-3	2.8E-3
68	9.4E-2	7.6E-6	1.7E-4	3.0E-4	8.8E-2	2.3E-3	2.8E-3
69	9.4E-2	7.6E-6	1.7E-4	3.0E-4	8.7E-2	2.3E-3	2.8E-3
70	9.4E-2	7.6E-6	1.7E-4	3.0E-4	8.7E-2	2.4E-3	2.9E-3
71	9.4E-2	7.5E-6	1.7E-4	3.0E-4	8.7E-2	2.4E-3	2.9E-3
72	9.3E-2	7.5E-6	1.7E-4	3.0E-4	8.7E-2	2.4E-3	2.9E-3
73	9.3E-2	7.5E-6	1.7E-4	3.0E-4	8.6E-2	2.5E-3	3.0E-3
74	9.3E-2	7.5E-6	1.7E-4	3.0E-4	8.6E-2	2.5E-3	3.0E-3
75	9.3E-2	7.5E-6	1.6E-4	3.0E-4	8.6E-2	2.5E-3	3.0E-3
76	9.3E-2	7.5E-6	1.6E-4	3.0E-4	8.6E-2	2.6E-3	3.1E-3
77	9.2E-2	7.5E-6	1.6E-4	2.9E-4	8.5E-2	2.6E-3	3.1E-3
78	9.2E-2	7.4E-6	1.6E-4	2.9E-4	8.5E-2	2.6E-3	3.1E-3
79	9.2E-2	7.4E-6	1.6E-4	2.9E-4	8.5E-2	2.6E-3	3.2E-3
80	9.2E-2	7.4E-6	1.6E-4	2.9E-4	8.5E-2	2.7E-3	3.2E-3
81	9.2E-2	7.4E-6	1.6E-4	2.9E-4	8.4E-2	2.7E-3	3.2E-3
82	9.2E-2	7.4E-6	1.6E-4	2.9E-4	8.4E-2	2.7E-3	3.3E-3
83	9.1E-2	7.4E-6	1.6E-4	2.9E-4	8.4E-2	2.8E-3	3.3E-3
84	9.1E-2	7.4E-6	1.6E-4	2.9E-4	8.4E-2	2.8E-3	3.3E-3
85	9.1E-2	7.3E-6	1.6E-4	2.9E-4	8.3E-2	2.8E-3	3.4E-3
86	9.1E-2	7.3E-6	1.6E-4	2.9E-4	8.3E-2	2.8E-3	3.4E-3
87	9.1E-2	7.3E-6	1.6E-4	2.8E-4	8.3E-2	2.9E-3	3.4E-3
88	9.0E-2	7.3E-6	1.6E-4	2.8E-4	8.3E-2	2.9E-3	3.5E-3
89	9.0E-2	7.3E-6	1.6E-4	2.8E-4	8.3E-2	2.9E-3	3.5E-3
90	9.0E-2	7.3E-6	1.6E-4	2.8E-4	8.2E-2	3.0E-3	3.5E-3
91	9.0E-2	7.3E-6	1.5E-4	2.8E-4	8.2E-2	3.0E-3	3.6E-3
92	9.0E-2	7.2E-6	1.5E-4	2.8E-4	8.2E-2	3.0E-3	3.6E-3
93	9.0E-2	7.2E-6	1.5E-4	2.8E-4	8.2E-2	3.1E-3	3.6E-3
94	8.9E-2	7.2E-6	1.5E-4	2.8E-4	8.1E-2	3.1E-3	3.7E-3
95	8.9E-2	7.2E-6	1.5E-4	2.8E-4	8.1E-2	3.1E-3	3.7E-3
96	8.9E-2	7.2E-6	1.5E-4	2.8E-4	8.1E-2	3.1E-3	3.7E-3
97	8.9E-2	7.2E-6	1.5E-4	2.8E-4	8.1E-2	3.2E-3	3.8E-3
98	8.9E-2	7.2E-6	1.5E-4	2.8E-4	8.0E-2	3.2E-3	3.8E-3
99	8.9E-2	7.1E-6	1.5E-4	2.7E-4	8.0E-2	3.2E-3	3.8E-3
100	8.8E-2	7.1E-6	1.5E-4	2.7E-4	8.0E-2	3.3E-3	3.9E-3
110	8.7E-2	7.0E-6	1.4E-4	2.6E-4	7.8E-2	3.5E-3	4.2E-3
120	8.5E-2	6.8E-6	1.4E-4	2.6E-4	7.5E-2	3.8E-3	4.5E-3
130	8.4E-2	6.7E-6	1.3E-4	2.5E-4	7.3E-2	4.1E-3	4.7E-3
140	8.2E-2	6.6E-6	1.3E-4	2.4E-4	7.1E-2	4.3E-3	5.0E-3
150	8.1E-2	6.4E-6	1.2E-4	2.3E-4	6.9E-2	4.6E-3	5.3E-3
160	8.0E-2	6.3E-6	1.2E-4	2.3E-4	6.7E-2	4.9E-3	5.6E-3
170	7.8E-2	6.2E-6	1.1E-4	2.2E-4	6.6E-2	5.1E-3	5.8E-3
180	7.7E-2	6.1E-6	1.1E-4	2.1E-4	6.4E-2	5.3E-3	6.0E-3
190	7.6E-2	6.0E-6	1.0E-4	2.1E-4	6.2E-2	5.6E-3	6.3E-3
200	7.5E-2	5.9E-6	1.0E-4	2.0E-4	6.0E-2	5.8E-3	6.5E-3
210	7.4E-2	5.8E-6	9.6E-5	2.0E-4	5.9E-2	6.0E-3	6.7E-3
220	7.2E-2	5.7E-6	9.2E-5	1.9E-4	5.7E-2	6.2E-3	6.9E-3
230	7.1E-2	5.6E-6	8.9E-5	1.8E-4	5.6E-2	6.5E-3	7.1E-3
240	7.0E-2	5.5E-6	8.5E-5	1.8E-4	5.4E-2	6.7E-3	7.3E-3
250	6.9E-2	5.4E-6	8.2E-5	1.7E-4	5.3E-2	6.9E-3	7.5E-3
260	6.9E-2	5.3E-6	7.9E-5	1.7E-4	5.2E-2	7.1E-3	7.7E-3
270	6.8E-2	5.2E-6	7.6E-5	1.7E-4	5.0E-2	7.3E-3	7.9E-3
280	6.7E-2	5.1E-6	7.3E-5	1.6E-4	4.9E-2	7.5E-3	8.1E-3
290	6.6E-2	5.0E-6	7.0E-5	1.6E-4	4.8E-2	7.6E-3	8.2E-3
300	6.5E-2	5.0E-6	6.7E-5	1.5E-4	4.7E-2	7.8E-3	8.4E-3
310	6.4E-2	4.9E-6	6.4E-5	1.5E-4	4.6E-2	8.0E-3	8.5E-3
320	6.4E-2	4.8E-6	6.2E-5	1.5E-4	4.5E-2	8.2E-3	8.7E-3
330	6.3E-2	4.7E-6	6.0E-5	1.4E-4	4.3E-2	8.4E-3	8.8E-3
340	6.2E-2	4.7E-6	5.7E-5	1.4E-4	4.2E-2	8.5E-3	9.0E-3
350	6.2E-2	4.6E-6	5.5E-5	1.4E-4	4.1E-2	8.7E-3	9.1E-3
360	6.1E-2	4.5E-6	5.3E-5	1.3E-4	4.0E-2	8.9E-3	9.2E-3
365	6.1E-2	4.5E-6	5.2E-5	1.3E-4	4.0E-2	8.9E-3	9.3E-3
370	6.0E-2	4.5E-6	5.1E-5	1.3E-4	4.0E-2	9.0E-3	9.4E-3
380	6.0E-2	4.4E-6	4.9E-5	1.3E-4	3.9E-2	9.2E-3	9.5E-3
390	5.9E-2	4.4E-6	4.7E-5	1.2E-4	3.8E-2	9.3E-3	9.6E-3
400	5.9E-2	4.3E-6	4.5E-5	1.2E-4	3.7E-2	9.5E-3	9.7E-3
410	5.8E-2	4.2E-6	4.3E-5	1.2E-4	3.6E-2	9.6E-3	9.8E-3
420	5.7E-2	4.2E-6	4.2E-5	1.2E-4	3.5E-2	9.8E-3	9.9E-3
430	5.7E-2	4.1E-6	4.0E-5	1.1E-4	3.5E-2	9.9E-3	1.0E-2
440	5.6E-2	4.1E-6	3.9E-5	1.1E-4	3.4E-2	1.0E-2	1.0E-2
450	5.6E-2	4.0E-6	3.7E-5	1.1E-4	3.3E-2	1.0E-2	1.0E-2
460	5.5E-2	4.0E-6	3.6E-5	1.1E-4	3.2E-2	1.0E-2	1.0E-2
470	5.5E-2	3.9E-6	3.4E-5	1.0E-4	3.2E-2	1.0E-2	1.0E-2
480	5.5E-2	3.9E-6	3.3E-5	1.0E-4	3.1E-2	1.1E-2	1.0E-2
490	5.4E-2	3.9E-6	3.2E-5	1.0E-4	3.0E-2	1.1E-2	1.1E-2
500	5.4E-2	3.8E-6	3.1E-5	9.9E-5	3.0E-2	1.1E-2	1.1E-2
510	5.3E-2	3.8E-6	2.9E-5	9.7E-5	2.9E-2	1.1E-2	1.1E-2
520	5.3E-2	3.7E-6	2.8E-5	9.6E-5	2.9E-2	1.1E-2	1.1E-2
530	5.3E-2	3.7E-6	2.7E-5	9.4E-5	2.8E-2	1.1E-2	1.1E-2
540	5.2E-2	3.7E-6	2.6E-5	9.2E-5	2.8E-2	1.1E-2	1.1E-2
550	5.2E-2	3.6E-6	2.5E-5	9.1E-5	2.7E-2	1.1E-2	1.1E-2
560	5.2E-2	3.6E-6	2.4E-5	9.0E-5	2.6E-2	1.1E-2	1.1E-2
570	5.1E-2	3.6E-6	2.3E-5	8.8E-5	2.6E-2	1.2E-2	1.1E-2
580	5.1E-2	3.5E-6	2.3E-5	8.7E-5	2.5E-2	1.2E-2	1.1E-2
590	5.1E-2	3.5E-6	2.2E-5	8.6E-5	2.5E-2	1.2E-2	1.1E-2
600	5.0E-2	3.5E-6	2.1E-5	8.4E-5	2.5E-2	1.2E-2	1.1E-2
610	5.0E-2	3.4E-6	2.0E-5	8.3E-5	2.4E-2	1.2E-2	1.1E-2
620	5.0E-2	3.4E-6	1.9E-5	8.2E-5	2.4E-2	1.2E-2	1.1E-2
630	4.9E-2	3.4E-6	1.9E-5	8.1E-5	2.3E-2	1.2E-2	1.1E-2
640	4.9E-2	3.3E-6	1.8E-5	8.0E-5	2.3E-2	1.2E-2	1.1E-2
650	4.9E-2	3.3E-6	1.7E-5	7.9E-5	2.2E-2	1.2E-2	1.2E-2
660	4.9E-2	3.3E-6	1.7E-5	7.8E-5	2.2E-2	1.3E-2	1.2E-2
670	4.8E-2	3.3E-6	1.6E-5	7.7E-5	2.2E-2	1.3E-2	1.2E-2
680	4.8E-2	3.2E-6	1.6E-5	7.6E-5	2.1E-2	1.3E-2	1.2E-2
690	4.8E-2	3.2E-6	1.5E-5	7.5E-5	2.1E-2	1.3E-2	1.2E-2
700	4.8E-2	3.2E-6	1.4E-5	7.4E-5	2.1E-2	1.3E-2	1.2E-2
710	4.8E-2	3.2E-6	1.4E-5	7.4E-5	2.0E-2	1.3E-2	1.2E-2
720	4.7E-2	3.1E-6	1.3E-5	7.3E-5	2.0E-2	1.3E-2	1.2E-2
730	4.7E-2	3.1E-6	1.3E-5	7.2E-5	2.0E-2	1.3E-2	1.2E-2
740	4.7E-2	3.1E-6	1.2E-5	7.1E-5	1.9E-2	1.3E-2	1.2E-2
750	4.7E-2	3.1E-6	1.2E-5	7.1E-5	1.9E-2	1.3E-2	1.2E-2
760	4.6E-2	3.0E-6	1.2E-5	7.0E-5	1.9E-2	1.3E-2	1.2E-2
770	4.6E-2	3.0E-6	1.1E-5	6.9E-5	1.8E-2	1.3E-2	1.2E-2
780	4.6E-2	3.0E-6	1.1E-5	6.9E-5	1.8E-2	1.4E-2	1.2E-2
790	4.6E-2	3.0E-6	1.0E-5	6.8E-5	1.8E-2	1.4E-2	1.2E-2
800	4.6E-2	3.0E-6	1.0E-5	6.8E-5	1.7E-2	1.4E-2	1.2E-2
810	4.6E-2	2.9E-6	9.8E-6	6.7E-5	1.7E-2	1.4E-2	1.2E-2
820	4.5E-2	2.9E-6	9.4E-6	6.7E-5	1.7E-2	1.4E-2	1.2E-2
830	4.5E-2	2.9E-6	9.1E-6	6.6E-5	1.7E-2	1.4E-2	1.2E-2
840	4.5E-2	2.9E-6	8.8E-6	6.6E-5	1.6E-2	1.4E-2	1.2E-2
850	4.5E-2	2.9E-6	8.5E-6	6.5E-5	1.6E-2	1.4E-2	1.2E-2
860	4.5E-2	2.8E-6	8.3E-6	6.5E-5	1.6E-2	1.4E-2	1.2E-2
870	4.5E-2	2.8E-6	8.0E-6	6.4E-5	1.6E-2	1.4E-2	1.2E-2
880	4.4E-2	2.8E-6	7.7E-6	6.4E-5	1.5E-2	1.4E-2	1.2E-2
890	4.4E-2	2.8E-6	7.5E-6	6.3E-5	1.5E-2	1.4E-2	1.2E-2
900	4.4E-2	2.8E-6	7.2E-6	6.3E-5	1.5E-2	1.4E-2	1.2E-2
910	4.4E-2	2.8E-6	7.0E-6	6.2E-5	1.5E-2	1.4E-2	1.2E-2
920	4.4E-2	2.7E-6	6.8E-6	6.2E-5	1.5E-2	1.4E-2	1.2E-2
930	4.4E-2	2.7E-6	6.6E-6	6.2E-5	1.4E-2	1.5E-2	1.2E-2
940	4.4E-2	2.7E-6	6.4E-6	6.1E-5	1.4E-2	1.5E-2	1.2E-2
950	4.3E-2	2.7E-6	6.2E-6	6.1E-5	1.4E-2	1.5E-2	1.2E-2
960	4.3E-2	2.7E-6	6.0E-6	6.1E-5	1.4E-2	1.5E-2	1.2E-2
970	4.3E-2	2.7E-6	5.8E-6	6.0E-5	1.4E-2	1.5E-2	1.2E-2
980	4.3E-2	2.6E-6	5.6E-6	6.0E-5	1.3E-2	1.5E-2	1.2E-2
990	4.3E-2	2.6E-6	5.5E-6	6.0E-5	1.3E-2	1.5E-2	1.2E-2
1000	4.3E-2	2.6E-6	5.3E-6	5.9E-5	1.3E-2	1.5E-2	1.2E-2
1010	4.3E-2	2.6E-6	5.2E-6	5.9E-5	1.3E-2	1.5E-2	1.2E-2
1020	4.2E-2	2.6E-6	5.0E-6	5.9E-5	1.3E-2	1.5E-2	1.2E-2
1030	4.2E-2	2.6E-6	4.9E-6	5.9E-5	1.2E-2	1.5E-2	1.2E-2
1040	4.2E-2	2.6E-6	4.7E-6	5.8E-5	1.2E-2	1.5E-2	1.2E-2
1050	4.2E-2	2.5E-6	4.6E-6	5.8E-5	1.2E-2	1.5E-2	1.2E-2
1060	4.2E-2	2.5E-6	4.5E-6	5.8E-5	1.2E-2	1.5E-2	1.2E-2
1070	4.2E-2	2.5E-6	4.3E-6	5.8E-5	1.2E-2	1.5E-2	1.2E-2
1080	4.2E-2	2.5E-6	4.2E-6	5.7E-5	1.2E-2	1.5E-2	1.2E-2
1090	4.2E-2	2.5E-6	4.1E-6	5.7E-5	1.2E-2	1.5E-2	1.2E-2
1095	4.2E-2	2.5E-6	4.1E-6	5.7E-5	1.1E-2	1.5E-2	1.2E-2
1100	4.2E-2	2.5E-6	4.0E-6	5.7E-5	1.1E-2	1.5E-2	1.2E-2
1200	4.1E-2	2.4E-6	3.1E-6	5.5E-5	1.0E-2	1.6E-2	1.2E-2
1300	4.0E-2	2.2E-6	2.5E-6	5.4E-5	8.8E-3	1.6E-2	1.2E-2
1400	3.9E-2	2.1E-6	2.1E-6	5.2E-5	7.8E-3	1.7E-2	1.2E-2
1500	3.8E-2	2.1E-6	1.8E-6	5.1E-5	7.0E-3	1.7E-2	1.2E-2
1600	3.7E-2	2.0E-6	1.6E-6	5.0E-5	6.2E-3	1.7E-2	1.1E-2
1700	3.6E-2	1.9E-6	1.4E-6	4.9E-5	5.5E-3	1.7E-2	1.1E-2
1800	3.6E-2	1.8E-6	1.3E-6	4.9E-5	4.9E-3	1.8E-2	1.1E-2
1900	3.5E-2	1.7E-6	1.2E-6	4.8E-5	4.4E-3	1.8E-2	1.1E-2
2000	3.4E-2	1.7E-6	1.2E-6	4.7E-5	3.9E-3	1.8E-2	1.0E-2
2100	3.4E-2	1.6E-6	1.1E-6	4.7E-5	3.5E-3	1.8E-2	1.0E-2
2200	3.3E-2	1.5E-6	1.0E-6	4.6E-5	3.2E-3	1.8E-2	9.9E-3
2300	3.2E-2	1.5E-6	9.9E-7	4.5E-5	2.8E-3	1.8E-2	9.6E-3
2400	3.2E-2	1.4E-6	9.5E-7	4.5E-5	2.5E-3	1.8E-2	9.3E-3
2500	3.1E-2	1.4E-6	9.1E-7	4.4E-5	2.3E-3	1.8E-2	9.0E-3
2600	3.1E-2	1.3E-6	8.8E-7	4.3E-5	2.0E-3	1.8E-2	8.8E-3
2700	3.0E-2	1.3E-6	8.5E-7	4.3E-5	1.8E-3	1.8E-2	8.5E-3
2800	3.0E-2	1.2E-6	8.2E-7	4.2E-5	1.6E-3	1.8E-2	8.3E-3
2900	2.9E-2	1.2E-6	7.9E-7	4.2E-5	1.5E-3	1.8E-2	8.0E-3
3000	2.9E-2	1.2E-6	7.6E-7	4.1E-5	1.3E-3	1.8E-2	7.8E-3
3100	2.8E-2	1.1E-6	7.4E-7	4.0E-5	1.2E-3	1.8E-2	7.5E-3
3200	2.8E-2	1.1E-6	7.1E-7	4.0E-5	1.0E-3	1.7E-2	7.3E-3
3300	2.7E-2	1.1E-6	6.9E-7	3.9E-5	9.4E-4	1.7E-2	7.1E-3
3400	2.7E-2	1.0E-6	6.7E-7	3.9E-5	8.4E-4	1.7E-2	6.9E-3
3500	2.6E-2	9.9E-7	6.5E-7	3.8E-5	7.6E-4	1.7E-2	6.7E-3
3600	2.6E-2	9.6E-7	6.3E-7	3.8E-5	6.8E-4	1.7E-2	6.4E-3
3650	2.6E-2	9.5E-7	6.2E-7	3.7E-5	6.4E-4	1.7E-2	6.3E-3
4000	2.4E-2	8.5E-7	5.5E-7	3.6E-5	4.4E-4	1.6E-2	5.7E-3
5000	2.1E-2	6.4E-7	4.2E-7	3.1E-5	1.5E-4	1.5E-2	4.2E-3
6000	1.8E-2	5.0E-7	3.2E-7	2.7E-5	5.8E-5	1.3E-2	3.2E-3
7000	1.5E-2	4.0E-7	2.6E-7	2.3E-5	2.5E-5	1.2E-2	2.4E-3
8000	1.3E-2	3.2E-7	2.1E-7	2.0E-5	1.4E-5	1.0E-2	1.9E-3
9000	1.1E-2	2.6E-7	1.7E-7	1.7E-5	9.1E-6	8.9E-3	1.5E-3
10000	9.7E-3	2.2E-7	1.4E-7	1.5E-5	6.9E-6	7.8E-3	1.3E-3
11000	8.4E-3	1.8E-7	1.2E-7	1.3E-5	5.6E-6	6.8E-3	1.0E-3
12000	7.3E-3	1.5E-7	9.9E-8	1.1E-5	4.7E-6	5.9E-3	8.7E-4
13000	6.3E-3	1.3E-7	8.4E-8	9.3E-6	4.0E-6	5.2E-3	7.3E-4
14000	5.5E-3	1.1E-7	7.2E-8	7.9E-6	3.5E-6	4.5E-3	6.2E-4
15000	4.8E-3	9.5E-8	6.2E-8	6.8E-6	3.0E-6	3.9E-3	5.3E-4
16000	4.2E-3	8.1E-8	5.3E-8	5.9E-6	2.5E-6	3.4E-3	4.5E-4
17000	3.6E-3	7.0E-8	4.6E-8	5.0E-6	2.2E-6	3.0E-3	3.9E-4
18000	3.2E-3	6.1E-8	3.9E-8	4.3E-6	1.9E-6	2.6E-3	3.3E-4
18250	3.0E-3	5.8E-8	3.8E-8	4.2E-6	1.8E-6	2.5E-3	3.2E-4
