Radionuclide	Pt-191
Route of Intake	Ingestion
Material	Soluble inorganic forms, fA=1E-2
AMTD/AMAD, µm	-

Content in an Organ or Excreta Sample per Intake (Reference Bioassay Functions m(t)), Bq per Bq
Time, days	Whole Body	Urine (24-hour sample)	Faeces (24-hour sample)	Alimentary Tract*	Skeleton*	Liver*
0.041667	9.9E-1	-	-	9.9E-1	4.7E-5	9.8E-5
0.083333	9.8E-1	-	-	9.8E-1	1.3E-4	3.0E-4
0.125	9.7E-1	-	-	9.7E-1	2.1E-4	5.1E-4
0.25	9.4E-1	-	-	9.3E-1	3.8E-4	9.4E-4
0.375	9.0E-1	-	-	8.9E-1	4.5E-4	1.1E-3
0.5	8.5E-1	-	-	8.5E-1	4.8E-4	1.2E-3
0.625	8.0E-1	-	-	8.0E-1	4.8E-4	1.2E-3
0.75	7.4E-1	-	-	7.4E-1	4.7E-4	1.2E-3
0.875	6.8E-1	-	-	6.7E-1	4.5E-4	1.2E-3
1	6.1E-1	2.1E-3	1.7E-1	6.1E-1	4.4E-4	1.1E-3
1.125	5.5E-1	-	-	5.4E-1	4.2E-4	1.1E-3
1.25	4.8E-1	-	-	4.8E-1	4.1E-4	1.0E-3
1.375	4.2E-1	-	-	4.2E-1	3.9E-4	1.0E-3
1.5	3.7E-1	-	-	3.6E-1	3.8E-4	9.7E-4
1.625	3.1E-1	-	-	3.1E-1	3.7E-4	9.3E-4
1.75	2.7E-1	-	-	2.6E-1	3.5E-4	9.0E-4
1.875	2.3E-1	-	-	2.2E-1	3.4E-4	8.7E-4
2	1.9E-1	3.0E-4	2.9E-1	1.9E-1	3.3E-4	8.4E-4
2.25	1.4E-1	-	-	1.3E-1	3.0E-4	7.7E-4
2.5	9.4E-2	-	-	9.1E-2	2.8E-4	7.2E-4
2.75	6.4E-2	-	-	6.1E-2	2.6E-4	6.6E-4
3	4.4E-2	1.8E-4	1.1E-1	4.1E-2	2.5E-4	6.1E-4
3.25	3.0E-2	-	-	2.7E-2	2.3E-4	5.7E-4
3.5	2.0E-2	-	-	1.8E-2	2.1E-4	5.3E-4
3.75	1.4E-2	-	-	1.1E-2	2.0E-4	4.9E-4
4	9.4E-3	1.2E-4	2.5E-2	7.4E-3	1.8E-4	4.5E-4
4.25	6.6E-3	-	-	4.8E-3	1.7E-4	4.1E-4
4.5	4.8E-3	-	-	3.0E-3	1.6E-4	3.8E-4
4.75	3.5E-3	-	-	1.9E-3	1.5E-4	3.5E-4
5	2.7E-3	8.1E-5	4.6E-3	1.2E-3	1.4E-4	3.3E-4
5.5	1.8E-3	-	-	5.0E-4	1.2E-4	2.8E-4
6	1.3E-3	5.6E-5	7.6E-4	2.1E-4	1.0E-4	2.4E-4
6.5	1.0E-3	-	-	9.6E-5	9.0E-5	2.0E-4
7	8.6E-4	3.9E-5	1.2E-4	5.0E-5	7.8E-5	1.7E-4
7.5	7.2E-4	-	-	3.0E-5	6.8E-5	1.5E-4
8	6.2E-4	2.8E-5	2.3E-5	2.1E-5	5.9E-5	1.2E-4
8.5	5.3E-4	-	-	1.6E-5	5.1E-5	1.1E-4
9	4.6E-4	2.0E-5	7.0E-6	1.3E-5	4.4E-5	9.0E-5
9.5	3.9E-4	-	-	1.1E-5	3.9E-5	7.7E-5
10	3.4E-4	1.4E-5	3.7E-6	9.4E-6	3.4E-5	6.6E-5
11	2.5E-4	1.0E-5	2.5E-6	6.8E-6	2.5E-5	4.8E-5
12	1.9E-4	7.3E-6	1.8E-6	5.0E-6	1.9E-5	3.5E-5
13	1.4E-4	5.3E-6	1.3E-6	3.7E-6	1.5E-5	2.5E-5
14	1.0E-4	3.8E-6	9.1E-7	2.7E-6	1.1E-5	1.9E-5
15	7.8E-5	2.8E-6	6.6E-7	2.0E-6	8.4E-6	1.4E-5
16	5.8E-5	2.0E-6	4.7E-7	1.5E-6	6.3E-6	1.0E-5
17	4.4E-5	1.5E-6	3.4E-7	1.1E-6	4.8E-6	7.4E-6
18	3.3E-5	1.1E-6	2.5E-7	8.1E-7	3.7E-6	5.4E-6
19	2.5E-5	7.8E-7	1.8E-7	6.0E-7	2.8E-6	4.0E-6
20	1.9E-5	5.7E-7	1.3E-7	4.4E-7	2.1E-6	3.0E-6
21	1.4E-5	4.2E-7	9.5E-8	3.3E-7	1.6E-6	2.2E-6
22	1.1E-5	3.0E-7	6.9E-8	2.5E-7	1.2E-6	1.6E-6
23	8.0E-6	2.2E-7	5.0E-8	1.8E-7	9.4E-7	1.2E-6
24	6.0E-6	1.6E-7	3.7E-8	1.4E-7	7.2E-7	9.1E-7
25	4.6E-6	1.2E-7	2.7E-8	1.0E-7	5.5E-7	6.8E-7
26	3.5E-6	8.7E-8	1.9E-8	7.6E-8	4.2E-7	5.1E-7
27	2.6E-6	6.4E-8	1.4E-8	5.7E-8	3.2E-7	3.8E-7
28	2.0E-6	4.7E-8	1.0E-8	4.3E-8	2.5E-7	2.8E-7
29	1.5E-6	3.4E-8	7.6E-9	3.2E-8	1.9E-7	2.1E-7
30	1.1E-6	2.5E-8	5.6E-9	2.4E-8	1.5E-7	1.6E-7
31	8.7E-7	1.8E-8	4.1E-9	1.8E-8	1.1E-7	1.2E-7
32	6.7E-7	1.4E-8	3.0E-9	1.4E-8	8.6E-8	9.1E-8
33	5.1E-7	1.0E-8	2.2E-9	1.0E-8	6.6E-8	6.9E-8
34	3.9E-7	7.3E-9	1.6E-9	7.8E-9	5.1E-8	5.2E-8
35	3.0E-7	5.4E-9	1.2E-9	5.9E-9	3.9E-8	3.9E-8
36	2.3E-7	4.0E-9	8.7E-10	4.4E-9	3.0E-8	3.0E-8
37	1.7E-7	2.9E-9	6.4E-10	3.3E-9	2.3E-8	2.3E-8
38	1.3E-7	2.2E-9	4.7E-10	2.5E-9	1.8E-8	1.7E-8
39	1.0E-7	1.6E-9	3.5E-10	1.9E-9	1.4E-8	1.3E-8
40	7.8E-8	1.2E-9	2.5E-10	1.5E-9	1.1E-8	1.0E-8
41	6.0E-8	8.8E-10	1.9E-10	1.1E-9	8.4E-9	7.6E-9
42	4.6E-8	6.5E-10	1.4E-10	8.4E-10	6.5E-9	5.8E-9
43	3.5E-8	4.8E-10	1.0E-10	6.4E-10	5.0E-9	4.4E-9
44	2.7E-8	3.6E-10	-	4.9E-10	3.9E-9	3.4E-9
45	2.1E-8	2.6E-10	-	3.7E-10	3.0E-9	2.6E-9
46	1.6E-8	2.0E-10	-	2.8E-10	2.3E-9	2.0E-9
47	1.2E-8	1.5E-10	-	2.2E-10	1.8E-9	1.5E-9
48	9.5E-9	1.1E-10	-	1.6E-10	1.4E-9	1.2E-9
49	7.3E-9	-	-	1.3E-10	1.1E-9	8.9E-10
50	5.7E-9	-	-	-	8.5E-10	6.9E-10
51	4.4E-9	-	-	-	6.6E-10	5.3E-10
52	3.4E-9	-	-	-	5.1E-10	4.1E-10
53	2.6E-9	-	-	-	4.0E-10	3.1E-10
54	2.0E-9	-	-	-	3.1E-10	2.4E-10
55	1.5E-9	-	-	-	2.4E-10	1.8E-10
56	1.2E-9	-	-	-	1.9E-10	1.4E-10
57	9.3E-10	-	-	-	1.4E-10	1.1E-10
58	7.2E-10	-	-	-	1.1E-10	-
59	5.5E-10	-	-	-	-	-
60	4.3E-10	-	-	-	-	-
61	3.3E-10	-	-	-	-	-
62	2.6E-10	-	-	-	-	-
63	2.0E-10	-	-	-	-	-
64	1.5E-10	-	-	-	-	-
65	1.2E-10	-	-	-	-	-
