Radionuclide	Sr-82
Route of Intake	Inhalation
Material	Aerosols Type M, Fuel fragments, all unspecified forms, fA=5E-2
AMTD/AMAD, µm	0.003

Content in an Organ or Excreta Sample per Intake (Reference Bioassay Functions m(t)), Bq per Bq
Time, days	Whole Body	Urine (24-hour sample)	Faeces (24-hour sample)	Alimentary Tract*	Lungs*	Skeleton*
0.041667	9.4E-1	-	-	2.0E-1	4.2E-1	1.4E-3
0.083333	9.3E-1	-	-	2.4E-1	4.0E-1	3.4E-3
0.125	9.2E-1	-	-	2.7E-1	3.8E-1	5.6E-3
0.25	9.0E-1	-	-	3.2E-1	3.4E-1	1.2E-2
0.375	8.8E-1	-	-	3.6E-1	3.2E-1	1.7E-2
0.5	8.6E-1	-	-	3.8E-1	3.0E-1	2.1E-2
0.625	8.4E-1	-	-	3.9E-1	2.9E-1	2.4E-2
0.75	8.1E-1	-	-	3.9E-1	2.8E-1	2.6E-2
0.875	7.9E-1	-	-	3.9E-1	2.8E-1	2.8E-2
1	7.6E-1	1.7E-2	6.4E-2	3.8E-1	2.7E-1	2.9E-2
1.125	7.3E-1	-	-	3.7E-1	2.6E-1	3.0E-2
1.25	7.0E-1	-	-	3.5E-1	2.6E-1	3.1E-2
1.375	6.7E-1	-	-	3.3E-1	2.5E-1	3.1E-2
1.5	6.4E-1	-	-	3.1E-1	2.5E-1	3.2E-2
1.625	6.1E-1	-	-	2.9E-1	2.4E-1	3.2E-2
1.75	5.8E-1	-	-	2.6E-1	2.4E-1	3.2E-2
1.875	5.5E-1	-	-	2.4E-1	2.3E-1	3.2E-2
2	5.2E-1	9.1E-3	2.0E-1	2.2E-1	2.3E-1	3.2E-2
2.25	4.7E-1	-	-	1.8E-1	2.2E-1	3.1E-2
2.5	4.3E-1	-	-	1.5E-1	2.1E-1	3.1E-2
2.75	3.9E-1	-	-	1.2E-1	2.0E-1	3.0E-2
3	3.6E-1	5.8E-3	1.4E-1	1.0E-1	1.9E-1	2.9E-2
3.25	3.3E-1	-	-	8.5E-2	1.9E-1	2.9E-2
3.5	3.1E-1	-	-	7.1E-2	1.8E-1	2.8E-2
3.75	2.9E-1	-	-	6.1E-2	1.8E-1	2.7E-2
4	2.8E-1	4.2E-3	6.6E-2	5.3E-2	1.7E-1	2.7E-2
4.25	2.7E-1	-	-	4.6E-2	1.6E-1	2.6E-2
4.5	2.5E-1	-	-	4.1E-2	1.6E-1	2.5E-2
4.75	2.4E-1	-	-	3.7E-2	1.5E-1	2.5E-2
5	2.4E-1	3.3E-3	3.3E-2	3.4E-2	1.5E-1	2.4E-2
5.5	2.2E-1	-	-	2.9E-2	1.4E-1	2.4E-2
6	2.1E-1	2.7E-3	2.0E-2	2.5E-2	1.3E-1	2.3E-2
6.5	1.9E-1	-	-	2.2E-2	1.2E-1	2.2E-2
7	1.8E-1	2.3E-3	1.5E-2	2.0E-2	1.2E-1	2.2E-2
7.5	1.7E-1	-	-	1.8E-2	1.1E-1	2.1E-2
8	1.7E-1	1.9E-3	1.1E-2	1.6E-2	1.1E-1	2.1E-2
8.5	1.6E-1	-	-	1.4E-2	1.0E-1	2.0E-2
9	1.5E-1	1.7E-3	8.9E-3	1.3E-2	9.7E-2	2.0E-2
9.5	1.4E-1	-	-	1.1E-2	9.3E-2	1.9E-2
10	1.4E-1	1.5E-3	7.1E-3	1.0E-2	9.0E-2	1.9E-2
11	1.3E-1	1.3E-3	5.7E-3	8.2E-3	8.3E-2	1.9E-2
12	1.2E-1	1.2E-3	4.6E-3	6.6E-3	7.7E-2	1.8E-2
13	1.1E-1	1.0E-3	3.7E-3	5.4E-3	7.2E-2	1.8E-2
14	1.0E-1	9.3E-4	3.0E-3	4.4E-3	6.8E-2	1.7E-2
15	9.8E-2	8.4E-4	2.4E-3	3.6E-3	6.4E-2	1.7E-2
16	9.2E-2	7.7E-4	2.0E-3	3.0E-3	6.1E-2	1.6E-2
17	8.7E-2	7.0E-4	1.6E-3	2.5E-3	5.8E-2	1.6E-2
18	8.3E-2	6.5E-4	1.3E-3	2.1E-3	5.5E-2	1.6E-2
19	7.9E-2	5.9E-4	1.1E-3	1.7E-3	5.3E-2	1.5E-2
20	7.6E-2	5.5E-4	9.0E-4	1.5E-3	5.1E-2	1.5E-2
21	7.2E-2	5.0E-4	7.5E-4	1.2E-3	4.8E-2	1.5E-2
22	6.9E-2	4.7E-4	6.3E-4	1.1E-3	4.7E-2	1.4E-2
23	6.6E-2	4.3E-4	5.4E-4	9.1E-4	4.5E-2	1.4E-2
24	6.4E-2	4.0E-4	4.6E-4	8.0E-4	4.3E-2	1.4E-2
25	6.1E-2	3.7E-4	4.0E-4	7.0E-4	4.1E-2	1.3E-2
26	5.9E-2	3.5E-4	3.4E-4	6.2E-4	4.0E-2	1.3E-2
27	5.7E-2	3.2E-4	3.0E-4	5.5E-4	3.8E-2	1.3E-2
28	5.5E-2	3.0E-4	2.7E-4	4.9E-4	3.7E-2	1.2E-2
29	5.3E-2	2.8E-4	2.4E-4	4.4E-4	3.6E-2	1.2E-2
30	5.1E-2	2.6E-4	2.1E-4	4.0E-4	3.5E-2	1.2E-2
31	4.9E-2	2.5E-4	1.9E-4	3.7E-4	3.3E-2	1.2E-2
32	4.7E-2	2.3E-4	1.7E-4	3.4E-4	3.2E-2	1.1E-2
33	4.6E-2	2.2E-4	1.6E-4	3.1E-4	3.1E-2	1.1E-2
34	4.4E-2	2.1E-4	1.5E-4	2.9E-4	3.0E-2	1.1E-2
35	4.3E-2	1.9E-4	1.3E-4	2.7E-4	2.9E-2	1.0E-2
36	4.1E-2	1.8E-4	1.3E-4	2.5E-4	2.8E-2	1.0E-2
37	4.0E-2	1.7E-4	1.2E-4	2.3E-4	2.7E-2	9.9E-3
38	3.8E-2	1.6E-4	1.1E-4	2.2E-4	2.6E-2	9.6E-3
39	3.7E-2	1.5E-4	1.0E-4	2.1E-4	2.5E-2	9.4E-3
40	3.6E-2	1.5E-4	9.7E-5	2.0E-4	2.4E-2	9.2E-3
41	3.5E-2	1.4E-4	9.2E-5	1.8E-4	2.4E-2	8.9E-3
42	3.3E-2	1.3E-4	8.7E-5	1.7E-4	2.3E-2	8.7E-3
43	3.2E-2	1.2E-4	8.3E-5	1.7E-4	2.2E-2	8.5E-3
44	3.1E-2	1.2E-4	7.9E-5	1.6E-4	2.1E-2	8.2E-3
45	3.0E-2	1.1E-4	7.5E-5	1.5E-4	2.1E-2	8.0E-3
46	2.9E-2	1.1E-4	7.1E-5	1.4E-4	2.0E-2	7.8E-3
47	2.8E-2	1.0E-4	6.8E-5	1.4E-4	1.9E-2	7.6E-3
48	2.7E-2	9.6E-5	6.5E-5	1.3E-4	1.9E-2	7.4E-3
49	2.6E-2	9.2E-5	6.2E-5	1.2E-4	1.8E-2	7.2E-3
50	2.6E-2	8.7E-5	6.0E-5	1.2E-4	1.7E-2	7.0E-3
51	2.5E-2	8.3E-5	5.7E-5	1.1E-4	1.7E-2	6.9E-3
52	2.4E-2	8.0E-5	5.5E-5	1.1E-4	1.6E-2	6.7E-3
53	2.3E-2	7.6E-5	5.3E-5	1.0E-4	1.6E-2	6.5E-3
54	2.2E-2	7.3E-5	5.0E-5	1.0E-4	1.5E-2	6.3E-3
55	2.2E-2	7.0E-5	4.8E-5	9.6E-5	1.5E-2	6.2E-3
56	2.1E-2	6.7E-5	4.7E-5	9.2E-5	1.4E-2	6.0E-3
57	2.0E-2	6.4E-5	4.5E-5	8.8E-5	1.4E-2	5.8E-3
58	2.0E-2	6.1E-5	4.3E-5	8.5E-5	1.3E-2	5.7E-3
59	1.9E-2	5.9E-5	4.1E-5	8.2E-5	1.3E-2	5.5E-3
60	1.8E-2	5.6E-5	4.0E-5	7.8E-5	1.2E-2	5.4E-3
61	1.8E-2	5.4E-5	3.8E-5	7.5E-5	1.2E-2	5.3E-3
62	1.7E-2	5.2E-5	3.7E-5	7.3E-5	1.1E-2	5.1E-3
63	1.7E-2	5.0E-5	3.5E-5	7.0E-5	1.1E-2	5.0E-3
64	1.6E-2	4.8E-5	3.4E-5	6.7E-5	1.1E-2	4.8E-3
65	1.6E-2	4.6E-5	3.3E-5	6.5E-5	1.0E-2	4.7E-3
66	1.5E-2	4.4E-5	3.2E-5	6.2E-5	1.0E-2	4.6E-3
67	1.5E-2	4.3E-5	3.1E-5	6.0E-5	9.7E-3	4.5E-3
68	1.4E-2	4.1E-5	2.9E-5	5.8E-5	9.3E-3	4.3E-3
69	1.4E-2	3.9E-5	2.8E-5	5.6E-5	9.0E-3	4.2E-3
70	1.3E-2	3.8E-5	2.7E-5	5.4E-5	8.7E-3	4.1E-3
71	1.3E-2	3.7E-5	2.6E-5	5.2E-5	8.4E-3	4.0E-3
72	1.3E-2	3.5E-5	2.5E-5	5.0E-5	8.2E-3	3.9E-3
73	1.2E-2	3.4E-5	2.5E-5	4.8E-5	7.9E-3	3.8E-3
74	1.2E-2	3.3E-5	2.4E-5	4.6E-5	7.6E-3	3.7E-3
75	1.1E-2	3.2E-5	2.3E-5	4.5E-5	7.4E-3	3.6E-3
76	1.1E-2	3.0E-5	2.2E-5	4.3E-5	7.1E-3	3.5E-3
77	1.1E-2	2.9E-5	2.1E-5	4.1E-5	6.9E-3	3.4E-3
78	1.0E-2	2.8E-5	2.0E-5	4.0E-5	6.6E-3	3.3E-3
79	1.0E-2	2.7E-5	2.0E-5	3.9E-5	6.4E-3	3.2E-3
80	9.7E-3	2.6E-5	1.9E-5	3.7E-5	6.2E-3	3.1E-3
81	9.4E-3	2.5E-5	1.8E-5	3.6E-5	6.0E-3	3.1E-3
82	9.1E-3	2.5E-5	1.8E-5	3.5E-5	5.8E-3	3.0E-3
83	8.8E-3	2.4E-5	1.7E-5	3.3E-5	5.6E-3	2.9E-3
84	8.5E-3	2.3E-5	1.7E-5	3.2E-5	5.4E-3	2.8E-3
85	8.3E-3	2.2E-5	1.6E-5	3.1E-5	5.2E-3	2.7E-3
86	8.0E-3	2.1E-5	1.5E-5	3.0E-5	5.1E-3	2.7E-3
87	7.7E-3	2.1E-5	1.5E-5	2.9E-5	4.9E-3	2.6E-3
88	7.5E-3	2.0E-5	1.4E-5	2.8E-5	4.7E-3	2.5E-3
89	7.3E-3	1.9E-5	1.4E-5	2.7E-5	4.6E-3	2.5E-3
90	7.0E-3	1.9E-5	1.3E-5	2.6E-5	4.4E-3	2.4E-3
91	6.8E-3	1.8E-5	1.3E-5	2.5E-5	4.3E-3	2.3E-3
92	6.6E-3	1.7E-5	1.2E-5	2.4E-5	4.1E-3	2.3E-3
93	6.4E-3	1.7E-5	1.2E-5	2.3E-5	4.0E-3	2.2E-3
94	6.2E-3	1.6E-5	1.2E-5	2.3E-5	3.8E-3	2.1E-3
95	6.0E-3	1.6E-5	1.1E-5	2.2E-5	3.7E-3	2.1E-3
96	5.8E-3	1.5E-5	1.1E-5	2.1E-5	3.6E-3	2.0E-3
97	5.6E-3	1.5E-5	1.0E-5	2.0E-5	3.5E-3	2.0E-3
98	5.5E-3	1.4E-5	1.0E-5	2.0E-5	3.4E-3	1.9E-3
99	5.3E-3	1.4E-5	9.8E-6	1.9E-5	3.2E-3	1.9E-3
100	5.1E-3	1.3E-5	9.4E-6	1.8E-5	3.1E-3	1.8E-3
110	3.7E-3	9.3E-6	6.7E-6	1.3E-5	2.2E-3	1.4E-3
120	2.7E-3	6.7E-6	4.7E-6	9.2E-6	1.6E-3	1.1E-3
130	2.0E-3	4.8E-6	3.3E-6	6.5E-6	1.1E-3	8.0E-4
140	1.5E-3	3.4E-6	2.4E-6	4.6E-6	8.0E-4	6.1E-4
150	1.1E-3	2.4E-6	1.7E-6	3.3E-6	5.7E-4	4.6E-4
160	7.8E-4	1.8E-6	1.2E-6	2.3E-6	4.1E-4	3.5E-4
170	5.7E-4	1.3E-6	8.4E-7	1.7E-6	2.9E-4	2.6E-4
180	4.2E-4	9.0E-7	6.0E-7	1.2E-6	2.1E-4	2.0E-4
190	3.1E-4	6.5E-7	4.2E-7	8.4E-7	1.5E-4	1.5E-4
200	2.3E-4	4.6E-7	3.0E-7	6.0E-7	1.0E-4	1.2E-4
210	1.7E-4	3.3E-7	2.1E-7	4.3E-7	7.4E-5	8.7E-5
220	1.2E-4	2.4E-7	1.5E-7	3.0E-7	5.3E-5	6.6E-5
230	9.0E-5	1.7E-7	1.1E-7	2.2E-7	3.8E-5	5.0E-5
240	6.7E-5	1.2E-7	7.6E-8	1.5E-7	2.7E-5	3.8E-5
250	4.9E-5	8.9E-8	5.4E-8	1.1E-7	1.9E-5	2.9E-5
260	3.6E-5	6.4E-8	3.9E-8	7.9E-8	1.4E-5	2.2E-5
270	2.7E-5	4.6E-8	2.7E-8	5.6E-8	9.8E-6	1.7E-5
280	2.0E-5	3.3E-8	1.9E-8	4.0E-8	7.0E-6	1.3E-5
290	1.5E-5	2.4E-8	1.4E-8	2.9E-8	5.0E-6	9.5E-6
300	1.1E-5	1.7E-8	9.8E-9	2.0E-8	3.6E-6	7.2E-6
310	8.2E-6	1.2E-8	7.0E-9	1.5E-8	2.5E-6	5.5E-6
320	6.1E-6	8.9E-9	5.0E-9	1.0E-8	1.8E-6	4.1E-6
330	4.5E-6	6.4E-9	3.6E-9	7.4E-9	1.3E-6	3.1E-6
340	3.4E-6	4.6E-9	2.5E-9	5.3E-9	9.3E-7	2.4E-6
350	2.5E-6	3.3E-9	1.8E-9	3.8E-9	6.6E-7	1.8E-6
360	1.9E-6	2.4E-9	1.3E-9	2.6E-9	4.7E-7	1.4E-6
365	1.6E-6	2.0E-9	1.1E-9	2.2E-9	4.0E-7	1.2E-6
370	1.4E-6	1.7E-9	9.2E-10	1.9E-9	3.4E-7	1.0E-6
380	1.0E-6	1.2E-9	6.5E-10	1.4E-9	2.4E-7	7.8E-7
390	7.8E-7	9.0E-10	4.7E-10	9.8E-10	1.7E-7	5.9E-7
400	5.8E-7	6.5E-10	3.3E-10	7.1E-10	1.2E-7	4.5E-7
410	4.4E-7	4.7E-10	2.4E-10	5.1E-10	8.9E-8	3.4E-7
420	3.3E-7	3.4E-10	1.7E-10	1.1E-10	6.4E-8	2.6E-7
430	2.5E-7	2.5E-10	1.2E-10	-	4.5E-8	2.0E-7
440	1.8E-7	1.8E-10	-	-	3.3E-8	1.5E-7
450	1.4E-7	1.3E-10	-	-	2.3E-8	1.1E-7
460	1.0E-7	-	-	-	1.7E-8	8.5E-8
470	7.8E-8	-	-	-	1.2E-8	6.4E-8
480	5.8E-8	-	-	-	8.4E-9	4.9E-8
490	4.4E-8	-	-	-	6.0E-9	3.7E-8
500	3.3E-8	-	-	-	4.3E-9	2.8E-8
510	2.5E-8	-	-	-	3.1E-9	2.1E-8
520	1.9E-8	-	-	-	2.2E-9	1.6E-8
530	1.4E-8	-	-	-	1.6E-9	1.2E-8
540	1.1E-8	-	-	-	1.1E-9	9.2E-9
550	8.0E-9	-	-	-	8.2E-10	7.0E-9
560	6.0E-9	-	-	-	5.9E-10	5.3E-9
570	4.5E-9	-	-	-	4.2E-10	4.0E-9
580	3.4E-9	-	-	-	3.0E-10	3.1E-9
590	2.6E-9	-	-	-	1.3E-10	2.3E-9
600	2.0E-9	-	-	-	-	1.8E-9
610	1.5E-9	-	-	-	-	1.3E-9
620	1.1E-9	-	-	-	-	1.0E-9
630	8.4E-10	-	-	-	-	7.7E-10
640	6.3E-10	-	-	-	-	5.8E-10
650	4.8E-10	-	-	-	-	4.4E-10
660	3.6E-10	-	-	-	-	3.4E-10
670	2.7E-10	-	-	-	-	2.5E-10
680	2.1E-10	-	-	-	-	-
690	1.6E-10	-	-	-	-	-
700	1.2E-10	-	-	-	-	-
